Max revenue's round: 20
This round's info:
round bids     cpc                  cpm                  ctr                     winrate               revenue  imps     clks     auc                  rmse                 roi                  cost    
20    311776   62.74552941176471    56.784292153174576   0.0009049934343613586   0.542254695678949     12737934 169062   153      0.8655657687768882   0.023454894796565293 1.3268590028443554   9600066 
20    255379   36.97067961165049    56.2432889499376     0.0015212944295515136   0.5302354539723313    15044040 135411   206      0.9229079418754865   0.03144494544812248  1.9753307527875672   7615960 
round 20, total revenue = 27781974


all rounds' info:
round bids     cpc                  cpm                  ctr                     winrate               revenue  imps     clks     auc                  rmse                 roi                  cost    
1     311776   125.35964772727273   59.733211682784464   0.0004764947314843894   0.5923547675254028    1816351  184682   88       0.5261859268009516   0.02349776605853907  0.16464909280561774  11031649
1     255379   63.29127932960894    64.13506750827932    0.0010133318237142291   0.6916974379255929    8360861  176645   179      0.7470582395323693   0.03180962793551386  0.7379961531057214   11329139
round 1, total revenue = 10177212
2     311776   112.55107058823529   56.73576244951696    0.0005040890517788413   0.5408402186184953    2843159  168621   85       0.5613503968811936   0.023489998420152036 0.29718890488511307  9566841 
2     255379   53.75199428571429    59.172536783901265   0.0011008435606942235   0.6224826630224098    9843401  158969   175      0.7795492105463884   0.031800900831185    1.0464356990236323   9406599 
round 2, total revenue = 12686560
3     311776   102.54979569892474   56.36135898920893    0.0005495999149006584   0.542742225187314     4040869  169214   93       0.5957371953609575   0.023486919168781293 0.42369859447248864  9537131 
3     255379   50.94059776536313    58.6160220106582     0.0011506740121238613   0.6091377912827601    10571633 155561   179      0.8044162123418943   0.031792406857365944 1.1593778798330885   9118367 
round 3, total revenue = 14612502
4     311776   92.33809523809524    56.42298470634791    0.0006110477431970017   0.5511521092066098    5634500  171836   105      0.6284238820709529   0.02348437087746098  0.5811458924243206   9695500 
4     255379   49.23059239130435    58.65832399774651    0.0011915014861390819   0.6046973322003767    11181571 154427   184      0.8236750727343389   0.03178295619283777  1.2343830260191917   9058429 
round 4, total revenue = 16816071
5     311776   87.00359292035398    56.51759958149615    0.0006496007542267164   0.5579422405829827    6666594  173953   113      0.6584519133258879   0.023481955186632725 0.6780916178214998   9831406 
5     255379   47.47701052631579    58.75982464482761    0.0012376479477842846   0.6011340008379702    11879368 153517   190      0.8389692306202183   0.03177258063220383  1.3169108328551702   9020632 
round 5, total revenue = 18545962
6     311776   83.36689075630252    56.56020524515393    0.0006784492588369441   0.5625833932053782    7453340  175400   119      0.6859148410788529   0.02347964121202723  0.7512947727268146   9920660 
6     255379   47.01822513089005    58.81781861765881    0.001250957866953099    0.597868266380556     12029519 152683   191      0.8523823749835039   0.031761219487424816 1.3395183398305726   8980481 
round 6, total revenue = 19482859
7     311776   82.38409090909092    56.56321636895981    0.0006865793594952223   0.5652648055013856    7697525  176236   121      0.7105790653193393   0.02347743162400673  0.7721868189467296   9968475 
7     255379   45.641666666666666   58.72886780251541    0.0012867380201390998   0.5934160600519228    12549875 151546   195      0.8636974529966064   0.03174877207109468  1.4100785101332847   8900125 
round 7, total revenue = 20247400
8     311776   78.1226953125        56.59975434981944    0.000724498228375426    0.566669660268911     8688295  176674   128      0.7326493032450548   0.02347532318165289  0.8688551312263711   9999705 
8     255379   44.57288383838384    58.64736216050982    0.0013157632423596022   0.5892536191307821    12954569 150483   198      0.8739731079688747   0.03173512847510668  1.4678681415105959   8825431 
round 8, total revenue = 21642864
9     311776   75.79881060606061    56.60756091903299    0.0007468133136446187   0.5669166324540695    9266557  176751   132      0.7522632893030898   0.02347330739081964  0.9261515956864679   10005443
9     255379   44.1855101010101     58.53716812975056    0.0013248046247725082   0.5852321451646376    13031269 149456   198      0.8833507223794148   0.03172017831821659  1.4895039063379591   8748731 
round 9, total revenue = 22297826
10    311776   74.05122962962963    56.61473116696304    0.0007645346532410606   0.5663617468952068    9713084  176578   135      0.7695586273335      0.023471373999843045 0.9716080439207452   9996916 
10    255379   42.83812871287129    58.371628048163515   0.001362609194239266    0.5804901734285122    13566698 148245   202      0.8915393891405179   0.031703813540702015 1.5678059080799445   8653302 
round 10, total revenue = 23279782
11    311776   72.32561594202899    56.63488109491412    0.0007830542520413316   0.5652551832084574    10167065 176233   138      0.7848891131349479   0.023469512989367548 1.0186485534671852   9980935 
11    255379   41.92191176470588    58.191597942353226   0.0013880950436841676   0.5754740992798938    13887930 146964   204      0.8982439484908911   0.03168593037654933  1.623926137180823    8552070 
round 11, total revenue = 24054995
12    311776   71.10574285714286    56.64957945893038    0.0007966948544893756   0.563629015703582     10485196 175726   140      0.7985658713220686   0.023467715382739663 1.053280004307468    9954804 
12    255379   41.23210731707317    58.01798351282527    0.001407106919534076    0.5704815196237749    14097418 145689   205      0.9033826764541723   0.031666431591508254 1.667823867310604    8452582 
round 12, total revenue = 24582614
13    311776   69.81458450704226    56.64372235998583    0.0008113451187877818   0.5613581545725136    10818329 175018   142      0.8106390923124551   0.023465973447617    1.0912535830571743   9913671 
13    255379   40.75612195121951    57.836113803128896   0.0014190779454520282   0.5656690644101512    14194995 144460   205      0.9079562528527721   0.031645229075088176 1.6989810299335548   8355005 
round 13, total revenue = 25013324
14    311776   69.59556338028169    56.68821558864695    0.0008145377784916137   0.559157856922919     10849430 174332   142      0.8214070452569047   0.02346428062922549  1.097834874936378    9882570 
14    255379   40.05873300970874    57.635646786844255   0.0014387785747710874   0.5606451587640331    14407901 143177   206      0.9120142568990169   0.03162224669044463  1.7459680258319732   8252099 
round 14, total revenue = 25257331
15    311776   67.84007586206896    56.70416080610574    0.0008358504922871175   0.55641229600739      11333189 173476   145      0.8309693273483966   0.023462631386663827 1.1521202349013313   9836811 
15    255379   39.586936893203884   57.443904397624735   0.0014510823242675909   0.5558914397816579    14505091 141963   206      0.9148970247629702   0.031597423254577234 1.778694403579488    8154909 
round 15, total revenue = 25838280
16    311776   66.66365986394558    56.739628628170756   0.0008511328172496251   0.5539586113106846    11662442 172711   147      0.839507668946543    0.023461021012135083 1.1900987779244738   9799558 
16    255379   39.093432038834955   57.23660101918252    0.001464097625461084    0.5509497648592876    14606753 140701   206      0.9173117715215552   0.03157071549943445  1.8137718860479506   8053247 
round 16, total revenue = 26269195
17    311776   66.32809523809524    56.7487515569162     0.0008555763791076396   0.551081545725136     11711770 171814   147      0.8471501209197243   0.023459445466876463 1.2011788439862445   9750230 
17    255379   38.586266990291264   57.02253993988393    0.0014777936397483446   0.5458436284894216    14711229 139397   206      0.9194130462945139   0.03154210083907739  1.8507551670566431   7948771 
round 17, total revenue = 26422999
18    311776   66.00340136054422    56.76997700530692    0.000860106840482362    0.5481788206917787    11759500 170909   147      0.8539416867204439   0.02345790124510456  1.2120072146354033   9702500 
18    255379   38.06684951456311    56.78081328834374    0.0014916078953847046   0.5407883968533043    14818229 138106   206      0.920810102536349    0.03151157974830562  1.889653370392989    7841771 
round 18, total revenue = 26577729
19    311776   63.91432450331126    56.77463247621905    0.0008882927718852396   0.5452279841937802    12394937 169989   151      0.8600438153016515   0.023456385266891262 1.2843079565432325   9651063 
19    255379   37.55341747572816    56.53651192703461    0.0015054957904583723   0.5357997329459353    14923996 136832   206      0.9220049373388978   0.03147917755307862  1.9291608432467202   7736004 
round 19, total revenue = 27318933
20    311776   62.74552941176471    56.784292153174576   0.0009049934343613586   0.542254695678949     12737934 169062   153      0.8655657687768882   0.023454894796565293 1.3268590028443554   9600066 
20    255379   36.97067961165049    56.2432889499376     0.0015212944295515136   0.5302354539723313    15044040 135411   206      0.9229079418754865   0.03144494544812248  1.9753307527875672   7615960 
round 20, total revenue = 27781974
