Max revenue's round: 20
This round's info:
round bids     cpc                  cpm                  ctr                     winrate               revenue  imps     clks     auc                  rmse                 roi                  cost    
20    311776   131.93132500000002   66.56222645459934    0.0005045217764211748   0.762884250230935     1688241  237849   120      0.502410949884812    0.023538992690198796 0.10663635038911343  15831759
20    255379   82.7644705882353     88.10060320176994    0.0010644737116737284   0.9380371917816265    6945060  239555   255      0.759446307952893    0.03186861122024394  0.3290727194675749   21104940
round 20, total revenue = 8633301


all rounds' info:
round bids     cpc                  cpm                  ctr                     winrate               revenue  imps     clks     auc                  rmse                 roi                  cost    
1     311776   144.19380838323352   79.12713710671157    0.0005487554423724637   0.9761014317971878    301634   304325   167      0.46071295618798214  0.024268638085735632 0.012526138514672078 24080366
1     255379   91.89811969111969    93.20588097084185    0.001014230555359758    0.9999490952662513    4688387  255366   259      0.729608838780993    0.034288572099200734 0.19697770062894476  23801613
round 1, total revenue = 4990021
2     311776   136.8871320754717    75.57940245020419    0.0005521293441120093   0.9236631427691676    1448946  287976   159      0.4640303562094167   0.023778404409120765 0.06657212980036714  21765054
2     255379   91.44881081081081    92.94635968716031    0.0010163758157495084   0.9978385066900567    4804758  254827   259      0.7324125916670601   0.0326898552663065   0.2028587252771156   23685242
round 2, total revenue = 6253704
3     311776   137.5915724137931    72.88887346327384    0.000529748095646932    0.8779219696192138    1219222  273715   145      0.4667394259798438   0.02365984929692705  0.06111150151638197  19950778
3     255379   90.42622393822394    92.38558304109945    0.0010216680407247136   0.9926697183401925    5069608  253507   259      0.7346095288945711   0.03229499328514487  0.21646127870105675  23420392
round 3, total revenue = 6288830
4     311776   137.27476470588235   71.02615920746275    0.0005174014274192321   0.8430796469259981    1186632  262852   136      0.4692312775935348   0.02361108793029688  0.06356037333454459  18669368
4     255379   89.20098455598456    91.73230019098442    0.0010283776647488814   0.9861930699078625    5386945  251853   259      0.7366125532870594   0.03213290093259337  0.23317024523380134  23103055
round 4, total revenue = 6573577
5     311776   132.47547014925374   69.68670702217197    0.0005260347968092456   0.8170481371240891    1812287  254736   134      0.47156658734714874  0.023585818953141668 0.10209082357291378  17751713
5     255379   88.02145945945945    91.13190757914934    0.0010353373840741925   0.9795637072742864    5692442  250160   259      0.7386235987364869   0.03204896987735129  0.2496952524476525   22797558
round 5, total revenue = 7504729
6     311776   134.50255905511813   68.6861162714018     0.0005106677282121805   0.7976688391665812    1460175  248694   127      0.47382366348701976  0.023570931996197482 0.08548120590159423  17081825
6     255379   87.26741085271318    90.58754989056264    0.001038045577443028    0.9732358572944526    5865008  248544   258      0.7404871324085812   0.03199920714209843  0.26049345254042283  22514992
round 6, total revenue = 7325183
7     311776   135.09403252032521   67.99450857472553    0.0005033124506405981   0.7838351893667248    1341434  244381   123      0.476012208250006    0.02356143463567567  0.08072871374265898  16616566
7     255379   86.33155813953489    90.13103543160518    0.0010440102944270892   0.9676754940695985    6106458  247124   258      0.7422293438109524   0.03196694069705309  0.2741574734723377   22273542
round 7, total revenue = 7447892
8     311776   135.63955833333333   67.47621278324532    0.0004974670635348351   0.773702914913271     1243253  241222   120      0.4781934390190531   0.023555049357491063 0.07638215424740583  16276747
8     255379   85.54794186046512    89.76553005962306    0.001049300872790571    0.9627964711272265    6308631  245878   258      0.7439758986913269   0.031944636450652    0.2858287132075949   22071369
round 8, total revenue = 7551884
9     311776   135.91152542372882   67.10107696041104    0.0004937114549425538   0.7665952478702658    1190440  239006   118      0.48034485406790906  0.02355060071709655  0.07422824918503812  16037560
9     255379   85.2102607003891     89.46160131052712    0.00104989235539469     0.9585243892410887    6370963  244787   257      0.7456123305135534   0.03192845400232158  0.29092434521207483  21899037
round 9, total revenue = 7561403
10    311776   134.45839830508476   66.82485216570919    0.0004969927725457823   0.7615339217900031    1361909  237428   118      0.4824456309036245   0.02354742469874019  0.08583771516248079  15866091
10    255379   84.60984435797667    89.18609754196864    0.0010540865335318462   0.9547104499586888    6525270  243813   257      0.7471158549357044   0.03191625564151876  0.3000851240737411   21744730
round 10, total revenue = 7887179
11    311776   133.53584745762714   66.63775421739737    0.0004990252092311205   0.7584323360361285    1470770  236461   118      0.48454084761129435  0.02354511930130247  0.09333937500436308  15757230
11    255379   84.15084435797667    88.9789018946329     0.0010573738454259325   0.9517423124062667    6643233  243055   257      0.7485358090249907   0.03190676866220026  0.3071764263239161   21626767
round 11, total revenue = 8114003
12    311776   132.96683050847457   66.51357183129639    0.0005002267977430445   0.756610515241712     1537914  235893   118      0.48661485000491084  0.02354342746526153  0.09801820079252593  15690086
12    255379   83.76906614785992    88.80796805517743    0.0010601522989216973   0.9492479804525822    6741350  242418   257      0.7498995400453539   0.03189919408167956  0.3131338936719209   21528650
round 12, total revenue = 8279264
13    311776   132.70663559322034   66.45074134111876    0.0005007341271525203   0.7558439392384276    1568617  235654   118      0.4886708846021919   0.023542177419332684 0.10017106037958201  15659383
13    255379   83.44908949416342    88.67358532692737    0.0010626069842634934   0.9470551611526398    6823584  241858   257      0.7512983669733435   0.03189300838348672  0.3181689658542481   21446416
round 13, total revenue = 8392201
14    311776   133.71864957264955   66.40865409104029    0.0004966297094928434   0.7556322487940059    1436918  235588   117      0.49069540558783165  0.023541250215273566 0.09184470877174054  15645082
14    255379   83.16918677042801    88.54676625571685    0.0010646583151057202   0.9452304222351877    6895519  241392   257      0.752630702366121    0.031887856279144755 0.3226052131979251   21374481
round 14, total revenue = 8332437
15    311776   133.79464102564103   66.40017051817163    0.0004962842308866945   0.756158267474084     1428027  235752   117      0.4927058396718793   0.023540561071547436 0.09122457282889143  15653973
15    255379   82.91438910505836    88.43705981714125    0.0010666069034783005   0.943503577036483     6961002  240951   257      0.7539463600140929   0.03188348949633093  0.326669606895641    21308998
round 15, total revenue = 8389029
16    311776   133.96767521367522   66.41251964934135    0.0004957354044056896   0.7569954069588423    1407782  236013   117      0.49469386532041415  0.02354004814634074  0.08981513463701984  15674218
16    255379   82.71570428015563    88.35495039422769    0.0010681762449240846   0.9421174019790194    7012064  240597   257      0.7551413915595476   0.03187973022453802  0.32985629460922267  21257936
round 16, total revenue = 8419846
17    311776   133.12213559322032   66.44310313468884    0.0004991138614070781   0.7582976239351329    1519588  236419   118      0.4966578219582816   0.023539665505315988 0.09673721315687417  15708412
17    255379   82.852984375         88.27389825993949    0.0010654281064928688   0.9408721938765521    6949636  240279   256      0.7563150840667304   0.031876448428154285 0.3276528399041148   21210364
round 17, total revenue = 8469224
18    311776   133.43657627118645   66.4777288962821     0.0004981972016516504   0.75969285640973      1482484  236854   118      0.4985953400007105   0.023539378557489537 0.09415277339910613  15745516
18    255379   82.68418359375       88.20050502314689    0.001066715557796399    0.9397366267390819    6992849  239989   256      0.7573887101050789   0.03187354728979052  0.3303632595619505   21167151
round 18, total revenue = 8475333
19    311776   132.67742857142858   66.52319035982136    0.0005013904103817309   0.7612516678641076    1585386  237340   119      0.5005126512690674   0.023539160996522656 0.1004132471665974   15788614
19    255379   82.88990196078431    88.15316442498175    0.0010634970284641853   0.9388986565066039    6913075  239775   255      0.7584256814266221   0.03187095359544387  0.3270615285809076   21136925
round 19, total revenue = 8498461
20    311776   131.93132500000002   66.56222645459934    0.0005045217764211748   0.762884250230935     1688241  237849   120      0.502410949884812    0.023538992690198796 0.10663635038911343  15831759
20    255379   82.7644705882353     88.10060320176994    0.0010644737116737284   0.9380371917816265    6945060  239555   255      0.759446307952893    0.03186861122024394  0.3290727194675749   21104940
round 20, total revenue = 8633301
