Max revenue's round: 18
This round's info:
round bids     cpc                  cpm                  ctr                     winrate               revenue  imps     clks     auc                  rmse                 roi                  cost    
18    311776   129.45177049180327   66.41539490228897    0.0005130512672786836   0.7627046340962742    2018884  237793   122      0.4971501171880947   0.023540331797218848 0.12783316477888215  15793116
18    255379   82.46685490196079    87.98728038794816    0.0010669411425056799   0.9358678669741834    7020952  239001   255      0.7581979893480364   0.03187566987261395  0.3338692269854536   21029048
round 18, total revenue = 9039836


Here are train dataset's quality scores:
id    score1               score2               score3              
3476  0.8204727620874716   1.0                  7.266928820691779   
3358  0.8398971380861835   1.0                  9.145998692139917   


all rounds' info:
round bids     cpc                  cpm                  ctr                     winrate               revenue  imps     clks     auc                  rmse                 roi                  cost    
1     311776   144.39388023952094   79.16175225038901    0.000548234815208756    0.9770283793492764    268222   304614   167      0.45944116085920617  0.02427633757161995  0.011123184430079766 24113778
1     255379   91.895555984556      93.20437573180139    0.0010142424705223544   0.9999373480200017    4689051  255363   259      0.7270012764074383   0.03434345754212972  0.19701109396940433  23800949
round 1, total revenue = 4957273
2     311776   138.01568987341773   75.56738053158679    0.0005475274630072426   0.9255683567689623    1261521  288570   158      0.4627774429262185   0.0237816604937553   0.05785074243301727  21806479
2     255379   91.37007335907336    92.90388420407972    0.0010167867966897504   0.9974351845688173    4825151  254724   259      0.7308631958796586   0.032708485500632274 0.20389527945012453  23664849
round 2, total revenue = 6086672
3     311776   137.06166438356163   72.88018166323104    0.0005317327933453276   0.8806771528276711    1304997  274574   146      0.4655019056685841   0.02366197344559798  0.06521397253301096  20011003
3     255379   90.27689189189189    92.30802484001248    0.0010224989242047999   0.9918630740977136    5108285  253301   259      0.7337044585574689   0.032305351425287475 0.21847349520768686  23381715
round 3, total revenue = 6413282
4     311776   137.7119338235294    70.99387435606822    0.0005155244893085528   0.8461491583701118    1127177  263809   136      0.4679577843733086   0.023612731157016148 0.06018408097508317  18728823
4     255379   88.99048262548261    91.63115816423891    0.0010296736848800967   0.984951777554145     5441465  251536   259      0.7361656139407786   0.03214001968810042  0.23608723938419512  23048535
round 4, total revenue = 6568642
5     311776   134.91259848484847   69.62332524053592    0.0005160624435556702   0.8204063173560505    1463537  255783   132      0.4703198872271694   0.023587208863926696 0.08218210633899174  17808463
5     255379   88.06650387596899    90.99127377286179    0.0010332109232019928   0.977789873090583     5658842  249707   258      0.7384242073682337   0.0320544570802202   0.24905605603376377  22721158
round 5, total revenue = 7122379
6     311776   136.0011746031746    68.62584500048057    0.0005045974433729536   0.8009083444524274    1259852  249704   126      0.47256813806312903  0.023572172344708715 0.07352013999879085  17136148
6     255379   86.88267829457365    90.41226081765674    0.0010406246974928204   0.9708237560645159    5964269  247928   258      0.7404830159416236   0.03200374208675392  0.2660751505271008   22415731
round 6, total revenue = 7224121
7     311776   134.4685241935484    67.9352553159415     0.0005052130654617607   0.7872350662013754    1429903  245441   124      0.47474836129219466  0.023562580607130918 0.08575594828313642  16674097
7     255379   85.9315              89.96456251978218    0.0010469334588571382   0.9649736274321694    6209673  246434   258      0.7423974606241776   0.031970863011160325 0.2800893735126234   22170327
round 7, total revenue = 7639576
8     311776   134.93800000000002   67.40382440119885    0.0004995169959625816   0.7769488350610695    1338502  242234   121      0.476905840239087    0.023556133362246812 0.08197839007544205  16327498
8     255379   85.11944186046512    89.57931104811242    0.0010523954233036242   0.9599653847810509    6419184  245155   258      0.7441944800599551   0.031948136264350974 0.292301706821823    21960816
round 8, total revenue = 7757686
9     311776   133.06311570247937   67.05357827050258    0.0005039231038331474   0.7701554962537206    1565363  240116   121      0.47902284966339215  0.023551643093264737 0.09722366885235659  16100637
9     255379   84.4294457364341     89.2671729134736     0.0010572990517093      0.9555131784524178    6597203  244018   258      0.745861482702969    0.03193164676005349  0.30286298862354544  21782797
round 9, total revenue = 8162566
10    311776   132.747525           66.78364713428668    0.0005030877007634356   0.765058888432721     1590297  238527   120      0.48112079046064127  0.02354843878206422  0.09983218142861797  15929703
10    255379   84.16924902723736    89.00385533245556    0.0010574391046741277   0.9516835761750183    6638503  243040   257      0.747439739161282    0.03191921586348425  0.3068905956901642   21631497
round 10, total revenue = 8228800
11    311776   132.91628571428572   66.59693310428456    0.0005010441929399084   0.7617776865441855    1556962  237504   119      0.4832051667844369   0.02354611407572487  0.09843575010694164  15817038
11    255379   83.67728015564202    88.78720856780714    0.001061067094946926    0.9484295889638538    6764939  242209   257      0.7489041117451277   0.031909546809951915 0.3145742762598999   21505061
round 11, total revenue = 8321901
12    311776   132.39073109243697   66.48392814189317    0.000502179628387075    0.7600552961100278    1619503  236967   119      0.48526789965677963  0.023544409060591156 0.10279623652852897  15754497
12    255379   83.28220233463036    88.61496104068165    0.001064032392955029    0.9457864585576731    6866474  241534   257      0.75035669488868     0.031901825670587844 0.3208104122657173   21403526
round 12, total revenue = 8485977
13    311776   131.02605833333334   66.41264377040663    0.0005068659212921702   0.7593560761572411    1796873  236749   120      0.487317329269738    0.023543150013398947 0.11428216537333827  15723127
13    255379   82.94615175097276    88.46946940300056    0.0010665891971529953   0.9435192400314826    6952839  240955   257      0.7518058123302714   0.03189551922274181  0.32616158408711177  21317161
round 13, total revenue = 8749712
14    311776   130.89863333333332   66.36852067805776    0.0005070222582771384   0.7591219336959869    1812164  236676   120      0.4893142175384798   0.023542216607786798 0.11536687803463189  15707836
14    255379   82.6843346303502     88.35926883830781    0.0010686337289079978   0.94171407985778      7020126  240494   257      0.7531797437136102   0.03189026564125     0.33036082943362394  21249874
round 14, total revenue = 8832290
15    311776   129.8374049586777    66.35268826287114    0.0005110444735397221   0.7594234322077389    1955674  236770   121      0.49129520906529245  0.02354152306678039  0.12448334935888664  15710326
15    255379   83.0770156862745     88.24616454847269    0.0010622211669436773   0.9400263921465744    6865361  240063   255      0.7545314280144949   0.031885812115813636 0.3240725980744822   21184639
round 15, total revenue = 8821035
16    311776   128.92254098360655   66.36154978840823    0.0005147396978224823   0.7602028379349276    2083450  237013   122      0.493268588067801    0.02354100681898232  0.13246294159347174  15728550
16    255379   82.84514117647059    88.15114896244957    0.0010640473021184974   0.9384131036616167    6924489  239651   255      0.7558060950346933   0.03188197760292938  0.32777853278910035  21125511
round 16, total revenue = 9007939
17    311776   129.1372131147541    66.37599218052209    0.0005139958543285192   0.761302986759725     2057260  237356   122      0.49522002508849183  0.023540621391713222 0.13058038406219336  15754740
17    255379   82.63930588235294    88.06184339192137    0.0010656169295188427   0.937030844352903     6976977  239298   255      0.7570101010834784   0.031878629711322444 0.33108572035440764  21073023
round 17, total revenue = 9034237
18    311776   129.45177049180327   66.41539490228897    0.0005130512672786836   0.7627046340962742    2018884  237793   122      0.4971501171880947   0.023540331797218848 0.12783316477888215  15793116
18    255379   82.46685490196079    87.98728038794816    0.0010669411425056799   0.9358678669741834    7020952  239001   255      0.7581979893480364   0.03187566987261395  0.3338692269854536   21029048
round 18, total revenue = 9039836
19    311776   129.7810819672131    66.46025596359927    0.0005120950985783065   0.7641287334496562    1978708  238237   122      0.4990484158038393   0.023540111439564925 0.12497135781996568  15833292
19    255379   82.31657647058823    87.9240628809108     0.0010681209866924691   0.9348341093042106    7059273  238737   255      0.7593479062317257   0.031873023547549444 0.33630435953933374  20990727
round 19, total revenue = 9037981
20    311776   130.12751639344262   66.50450748594552    0.0005110718265371951   0.7656586780252489    1936443  238714   122      0.5009113385713471   0.023539939979401254 0.12197638167908062  15875557
20    255379   82.18627058823529    87.86842899668777    0.0010691375623663579   0.9339452343379839    7092501  238510   255      0.7604360912451223   0.031870633591369685 0.33842306279007817  20957499
round 20, total revenue = 9028944
