Max revenue's round: 20
This round's info:
round bids     cpc                  cpm                  ctr                     winrate               revenue  imps     clks     auc                  rmse                 roi                  cost    
20    311776   111.23546808510639   48.97991362107571    0.00044032640365751973  0.34235797495637893   1633933  106739   47       0.5235629603418107   0.023417722763509043 0.31253099855070715  5228067 
20    255379   57.427883333333334   66.826685371467      0.0011636626929740633   0.6057036796291003    9462981  154684   180      0.7285690122398181   0.031058407622059036 0.9154458359803731   10337019
round 20, total revenue = 11096914


Here are train dataset's quality scores:
id    score1               score2               score3              
3476  0.8207531848503177   0.776386404293381    5.277708890136314   
3358  0.9177255621001481   0.9837758112094396   11.73148714938577   


all rounds' info:
round bids     cpc                  cpm                  ctr                     winrate               revenue  imps     clks     auc                  rmse                 roi                  cost    
1     311776   133.97469444444445   57.75117044842244    0.0004310602885709154   0.5357371959355435    865822   167030   72       0.47135745312586946  0.023434641670548508 0.08975803681001947  9646178 
1     255379   74.72813705583756    74.73230992593496    0.0010000558406814595   0.7713594304935019    6948557  196989   197      0.6409998307774444   0.031125045758389064 0.4720024388913505   14721443
round 1, total revenue = 7814379
2     311776   132.6426984126984    55.50677852393573    0.00041846840563537454  0.48287552601868006   841510   150549   63       0.4742591812189878   0.02342839851260634  0.10070137103018133  8356490 
2     255379   70.85552380952382    71.97358973256515    0.0010157795167254277   0.7285798754008748    7398306  186064   189      0.645280460044149    0.031106596685346453 0.5524548275968671   13391694
round 2, total revenue = 8239816
3     311776   130.0403448275862    54.05571601602534    0.0004156841946835425   0.447529636662219     925660   139529   58       0.4770651965943914   0.02342525143692948  0.12272849009723773  7542340 
3     255379   67.06918716577539    70.25233158009713    0.00104746060819932     0.6990668770728995    8028062  178527   187      0.6501751875555282   0.03109715949528234  0.6400974075936271   12541938
round 3, total revenue = 8953722
4     311776   122.18175438596492   52.95728809435096    0.00043343041160681016  0.4218060402340142    1357640  131509   57       0.479818813948646    0.02342340566889961  0.1949411001154449   6964360 
4     255379   65.91429281767955    68.97909897200476    0.001046496837382486    0.677260072284722     7979513  172958   181      0.6553458220975841   0.03109134962959177  0.6688338036829511   11930487
round 4, total revenue = 9337153
5     311776   123.80126415094341   52.129747036578      0.00042107604792322116  0.4037129220979164    1176533  125868   53       0.4825558410984967   0.023422208989152184 0.17930944406182336  6561467 
5     255379   65.19084090909091    67.97068755109537    0.0010426416748616722   0.6609862204801491    7886412  168802   176      0.6606436115851057   0.031087282129180747 0.687353598543019    11473588
round 5, total revenue = 9062945
6     311776   125.18310000000001   51.462310690148485   0.0004110963116438919   0.3901069998973622    1040845  121626   50       0.4852771788695221   0.023421374402700087 0.1662916160408234   6259155 
6     255379   64.0872183908046     67.30956721192733    0.001050280678457174    0.6487220953954711    7988824  165670   174      0.6659647437563636   0.031084150799429784 0.7164108969314088   11151176
round 6, total revenue = 9029669
7     311776   122.89477551020408   50.90445235297599    0.0004142116875322282   0.3794294621779739    1132156  118297   49       0.48801197272262614  0.02342075838761308  0.1880081915107731   6021844 
7     255379   62.7959367816092     66.87983473603673    0.0010650344299923489   0.6397354520144569    8213507  163375   174      0.6711601650230943   0.031081562311112167 0.7517056936749971   10926493
round 7, total revenue = 9345663
8     311776   124.24693617021276   50.47152574307914    0.00040621947952048813  0.37110297136405623   1022394  115701   47       0.4907384527063287   0.023420282244767405 0.17507927760879757  5839606 
8     255379   61.535497142857146   66.61292457673774    0.0010825121705296886   0.6330238586571332    8481288  161661   175      0.6762393965343398   0.031079306001319428 0.787586110576641    10768712
round 8, total revenue = 9503682
9     311776   121.41970212765958   50.1637277825636     0.00041314322884618764  0.36488376270142664   1155274  113762   47       0.4934783512377109   0.02341989971054043  0.2024407690153689   5706726 
9     255379   60.82202285714286    66.42445082376436    0.0010921118322516226   0.6274595796835292    8606146  160240   175      0.6812171643339534   0.031077260931703553 0.8085554349016812   10643854
round 9, total revenue = 9761420
10    311776   119.16485106382979   49.90819900018713    0.00041881644255531495  0.3599411115672791    1261252  112221   47       0.49624268466290966  0.023419582070584123 0.22519349201213837  5600748 
10    255379   60.35093142857143    66.33386719927645    0.0010991357652497236   0.6234498529636344    8688587  159216   175      0.6860710461159393   0.031075353852578827 0.8226727806213051   10561413
round 10, total revenue = 9949839
11    311776   117.4350425531915    49.716237761103955   0.0004233509579441357   0.3560857795340244    1342553  111019   47       0.49899678996435265  0.02341931071172901  0.24324049130284248  5519447 
11    255379   59.60990909090909    66.27256073680088    0.0011117708741298499   0.6198865216012279    8868656  158306   176      0.6908316523744699   0.031073538460772664 0.8453307793548662   10491344
round 11, total revenue = 10211209
12    311776   118.47602173913043   49.55082465041005    0.0004182350480970305   0.35277250333572824   1266103  109986   46       0.5017486807362485   0.02341907313406997  0.23231686763988382  5449897 
12    255379   59.34423863636364    66.26686715647087    0.0011166520740543352   0.6171768234662991    8915414  157614   176      0.6954677696092666   0.031071784433420794 0.8535918991906429   10444586
round 12, total revenue = 10181517
13    311776   117.30630434782609   49.428322799303835   0.00042136117981130347  0.35015523965924256   1319910  109170   46       0.5044876033732539   0.023418860693736856 0.24460488983690043  5396090 
13    255379   59.18509090909091    66.30538510502865    0.0011203055378739657   0.615164128608852     8943424  157100   176      0.6999758432580204   0.03107007129726815  0.858576177047045    10416576
round 13, total revenue = 10263334
14    311776   116.33810869565218   49.32215996018507    0.0004239553187959669   0.3480126757672175    1364447  108502   46       0.5072380490707844   0.023418667264565058 0.2549628117296045   5351553 
14    255379   59.04182954545455    66.35565545558457    0.0011238753264666253   0.6132101699826532    8968638  156601   176      0.7043853730141819   0.03106838484088837  0.8630858976907936   10391362
round 14, total revenue = 10333085
15    311776   115.59082608695653   49.22538118999787    0.00042585889258172326  0.34645707174381607   1398822  108017   46       0.5099740252574603   0.023418488412776745 0.2630760151343438   5317178 
15    255379   58.629740112994355   66.42937433586398    0.0011330320449628084   0.6117104382114426    9092536  156218   177      0.7086786971462767   0.03106671493454339  0.8761809243568563   10377464
round 15, total revenue = 10491358
16    311776   115.01760869565217   49.167441082447404   0.00042747751096572747  0.34514523247459716   1425190  107608   46       0.5126949126156962   0.023418320870636365 0.26937085247816495  5290810 
16    255379   57.93734636871509    66.52416690721319    0.0011482087302350941   0.6104456513652258    9319215  155895   179      0.7128809673563598   0.031065054163806432 0.8986026612257414   10370785
round 16, total revenue = 10744405
17    311776   114.5005             49.09054729150356    0.000428736532080677    0.34413168428615415   1448977  107292   46       0.5154319585327465   0.023418162190943854 0.2751036021676761   5267023 
17    255379   58.19676966292135    66.59225760001029    0.00114426037709165     0.6091299597852603    9220975  155559   178      0.7169750138389901   0.03106339695130314  0.890139274690427    10359025
round 17, total revenue = 10669952
18    311776   114.07530434782608   49.02659927312138    0.00042977399493614117  0.34330095966334806   1468536  107033   46       0.5181505187582381   0.023418010514520023 0.2798563267894739   5247464 
18    255379   58.14303370786517    66.67349541958177    0.0011467151121590455   0.6078260154515446    9230540  155226   178      0.7209407152325246   0.031061738980543905 0.8918861467168335   10349460
round 18, total revenue = 10699076
19    311776   113.85271739130435   49.004650422935846   0.0004304214387304439   0.3427845632761983    1478775  106872   46       0.5208633362206669   0.02341786441033306  0.2823585009236762   5237225 
19    255379   57.76150837988827    66.73837971121138    0.0011554126888841554   0.6066395435803257    9350690  154923   179      0.7248228526746272   0.031060076811703655 0.9043824007598186   10339310
round 19, total revenue = 10829465
20    311776   111.23546808510639   48.97991362107571    0.00044032640365751973  0.34235797495637893   1633933  106739   47       0.5235629603418107   0.023417722763509043 0.31253099855070715  5228067 
20    255379   57.427883333333334   66.826685371467      0.0011636626929740633   0.6057036796291003    9462981  154684   180      0.7285690122398181   0.031058407622059036 0.9154458359803731   10337019
round 20, total revenue = 11096914
