Max revenue's round: 20
This round's info:
round bids     cpc                  cpm                  ctr                     winrate               revenue  imps     clks     auc                  rmse                 roi                  cost    
20    311776   102.0270576923077    49.05328414512371    0.0004807870113539702   0.3469029046494919    2286593  108156   52       0.5475640579338077   0.022721075529627346 0.43099294738367855  5305407 
20    255379   50.399790419161675   76.02602317788075    0.0015084591135318718   0.4335086283523704    9953235  110709   167      0.8494608710196526   0.028706578388950715 1.1825487583412393   8416765 
round 20, total revenue = 12239828


Here are train dataset's quality scores:
id    score1               score2               score3              
3476  0.8011923292579779   0.46238532110091746  -1.1885814931749408 
3358  0.928861648696155    0.815068493150685    9.92408393886892    


all rounds' info:
round bids     cpc                  cpm                  ctr                     winrate               revenue  imps     clks     auc                  rmse                 roi                  cost    
1     311776   104.62221428571429   53.55629090643168    0.0005119017148707448   0.4386001488247973    2896445  136745   70       0.5271915505705949   0.022723126330486076 0.395497132198775    7323555 
1     255379   54.061167741935485   71.44850784447476    0.0013216234652114597   0.459239013387945     8670519  117280   155      0.8077544998092628   0.028749996668491328 1.0347322226758435   8379481 
round 1, total revenue = 11566964
2     311776   108.30267692307693   53.02596434140058    0.000489608990727559    0.4258153289541209    2450326  132759   65       0.5282321920772796   0.022722829763558997 0.3480737886441901   7039674 
2     255379   52.75929032258065    71.1431355320278     0.0013484475453904843   0.45010357155443476   8872310  114947   155      0.8109936289596802   0.028748081687253714 1.0849408573814854   8177690 
round 2, total revenue = 11322636
3     311776   106.151796875        52.5434851543346     0.0004949844157250362   0.41471120291491326   2550285  129297   64       0.5292601367569852   0.02272259156746187  0.3753888704486426   6793715 
3     255379   52.17711688311689    70.99931079576581    0.0013607365649354092   0.443160949020867     8904724  113174   154      0.8140288590875484   0.028746197179838017 1.1082038750131296   8035276 
round 3, total revenue = 11455009
4     311776   104.62885714285714   52.1447512063919     0.0004983782928565778   0.40545134968695473   2606382  126410   63       0.5302942803584969   0.022722395783463488 0.3954085324726038   6591618 
4     255379   52.16426973684211    70.93306554781223    0.0013598017552177918   0.4377063110122602    8791031  111781   152      0.8168747755354596   0.028744299911324173 1.1087230887143082   7928969 
round 4, total revenue = 11397413
5     311776   105.31591803278688   51.80069989275837    0.000491860118207694    0.39778238222313456   2481729  124019   61       0.5313372539354433   0.02272223155763711  0.3863051543124504   6424271 
5     255379   51.28727450980392    70.92585596008533    0.0013829133374308542   0.4332227786936279    8983047  110636   153      0.8195299548922863   0.02874236616059924  1.1447815476911867   7846953 
round 5, total revenue = 11464776
6     311776   108.26431034482758   51.49439897656263    0.00047563595807843074  0.3911205480858052    2188670  121942   58       0.5323871240620518   0.02272209129076926  0.34855151743896245  6279330 
6     255379   50.93439215686275    71.05115744750687    0.001394954458839726    0.42948323863747606   9037038  109681   153      0.8220252315705046   0.02874038297397518  1.1596409683506734   7792962 
round 6, total revenue = 11225708
7     311776   109.88278571428572   51.22314159660368    0.00046616165820361275  0.38530868315713845   2022564  120130   56       0.5334535578671842   0.02272196952991612  0.3286885570923302   6153436 
7     255379   50.44131818181818    71.23826598925184    0.0014122998477650813   0.42698107518629175   9172037  109042   154      0.824474589375467    0.02873834352458238  1.1807518908110144   7767963 
round 7, total revenue = 11194601
8     311776   111.81353703703704   50.95300421940928    0.00045569620253164554  0.3800805706661193    1846069  118500   54       0.5345143508527952   0.022721862278724067 0.30574529586376525  6037931 
8     255379   50.1064064516129     71.51466850828729    0.001427255985267035    0.4252503142388372    9283507  108600   155      0.8267829925070898   0.028736244546107105 1.1953280586231134   7766493 
round 8, total revenue = 11129576
9     311776   109.97214814814815   50.72082813754463    0.0004612152166857416   0.3755324335420302    1945504  117082   54       0.5355835751693516   0.022721766554209495 0.32760887605211825  5938496 
9     255379   49.870384615384616   71.81556355580172    0.0014400443090556634   0.4241930620763649    9380220  108330   156      0.8290143096075222   0.028734084864291413 1.2057178994778772   7779780 
round 9, total revenue = 11325724
10    311776   108.2604074074074    50.496773803456826   0.0004664380544350485   0.3713274915323822    2037938  115771   54       0.5366540352838245   0.022721680093835107 0.34860013458632494  5846062 
10    255379   50.008538461538464   72.13170109288608    0.0014423877064186253   0.423503890296383     9358668  108154   156      0.8311696868000099   0.028731864532537472 1.19962437183804     7801332 
round 10, total revenue = 11396606
11    311776   108.72892452830189   50.29923974617473    0.00046261139769741724  0.3674657446371754    1975367  114567   53       0.5377341824593834   0.022721601157109028 0.3427889646972139   5762633 
11    255379   50.25219871794872    72.50527649577788    0.001442827942767825    0.4233746705876364    9320657  108121   156      0.8332311188580827   0.028729584311225905 1.1889589471974884   7839343 
round 11, total revenue = 11296024
12    311776   109.37134615384616   50.09609964061729    0.0004580367838771052   0.36413322385302266   1904690  113528   52       0.5388235582548659   0.022721528388258517 0.33490173737672113  5687310 
12    255379   50.52482692307692    72.88245411253409    0.0014425077442322808   0.42346864855763394   9278127  108145   156      0.8352310484639324   0.028727245348299166 1.177147487659342    7881873 
round 12, total revenue = 11182817
13    311776   108.15088461538461   49.932042972565036   0.00046168871526236347  0.361252950836498     1968154  112630   52       0.5399144887638563   0.022721460719320973 0.34996584188116103  5623846 
13    255379   50.22158860759494    73.29113210858341    0.0014593551128229286   0.4239463699051214    9444989  108267   158      0.8371488453991396   0.028724848980685107 1.1902931199465256   7935011 
round 13, total revenue = 11413143
14    311776   106.9688653846154    49.767205282370625   0.00046524944527950754  0.35848814533511236   2029619  111768   52       0.5410015524213019   0.02272139730055912  0.36488313188183263  5562381 
14    255379   49.9116875           73.64049647744459    0.001475415882851979    0.42463945743385323   9614130  108444   160      0.8390185236438941   0.02872239660988424  1.2038926253495237   7985870 
round 14, total revenue = 11643749
15    311776   108.01894117647059   49.623171434748144   0.00045939324061396554  0.35607615724109615   1937034  111016   51       0.5420977251053244   0.022721337449706495 0.3516148039396141   5508966 
15    255379   49.71961728395062    74.04874326585397    0.0014893264934635116   0.4259316545213193    9765422  108774   162      0.8408306554102083   0.028719889623964497 1.2124064103668746   8054578 
round 15, total revenue = 11702456
16    311776   105.02184615384616   49.4932617975186     0.00047126634705141335  0.35391114133223855   2130864  110341   52       0.5431860843573597   0.022721280614417468 0.3901869501144084   5461136 
16    255379   49.54513414634147    74.45276034269483    0.0015027259815824437   0.4273452398200322    9914598  109135   164      0.8426018225134245   0.02871732934909549  1.2201978437497616   8125402 
round 16, total revenue = 12045462
17    311776   104.20157692307693   49.372933865471175   0.00047382136934375743  0.3520027199014677    2173518  109746   52       0.544265593701736    0.022721226344124778 0.4011304273041785   5418482 
17    255379   49.980329268292685   74.85775082649911    0.0014977442510365486   0.42876665661624486   9843226  109498   164      0.8443693848741753   0.028714717020167282 1.200865852834298    8196774 
round 17, total revenue = 12016744
18    311776   103.40344230769232   49.25913134292808    0.00047637806095806955  0.3501135430565534    2215021  109157   52       0.5453638792015509   0.022721174268697245 0.41194525773673285  5376979 
18    255379   50.109               75.24147753125968    0.0015015561582003166   0.430285967131205     9882015  109886   165      0.8461150969498259   0.028712053763895923 1.1952144325370693   8267985 
round 18, total revenue = 12097036
19    311776   102.7388653846154    49.16730475436691    0.0004785657751845239   0.3485130349994868    2249579  108658   52       0.5464683636231721   0.022721124082079585 0.42107857093254164  5342421 
19    255379   50.54907878787879    75.64070520377994    0.0014963814775180019   0.43177395165616594   9809402  110266   165      0.8477981234782902   0.028709340590180658 1.1761029604831692   8340598 
round 19, total revenue = 12058981
20    311776   102.0270576923077    49.05328414512371    0.0004807870113539702   0.3469029046494919    2286593  108156   52       0.5475640579338077   0.022721075529627346 0.43099294738367855  5305407 
20    255379   50.399790419161675   76.02602317788075    0.0015084591135318718   0.4335086283523704    9953235  110709   167      0.8494608710196526   0.028706578388950715 1.1825487583412393   8416765 
round 20, total revenue = 12239828
