Max revenue's round: 20
This round's info:
round bids     cpc                  cpm                  ctr                     winrate               revenue  imps     clks     auc                  rmse                 roi                  cost    
20    311776   75.96402898550726    48.46929471708233    0.0006380558715010958   0.3468547931848507    4832482  108141   69       0.6190460637577271   0.0234817524905131   0.9219623017606732   5241518 
20    255379   54.852366336633665   78.99009788056148    0.0014400490472150735   0.5492738243943316    11139822 140273   202      0.798597134830355    0.029878793512713143 1.0053829460140442   11080178
round 20, total revenue = 15972304


Here are train dataset's quality scores:
id    score1               score2               score3              
3476  0.812732720109792    0.4930966469428008   7.835321202707201   
3358  0.9629786333451916   0.8405103668261563   14.513643877191557  


all rounds' info:
round bids     cpc                  cpm                  ctr                     winrate               revenue  imps     clks     auc                  rmse                 roi                  cost    
1     311776   85.24974242424243    49.35381525047586    0.0005789321333649114   0.3656567535666633    4009517  114003   66       0.5969616456396805   0.023482733529328625 0.7126151451981637   5626483 
1     255379   56.72087845303868    73.05074747934736    0.0012878987327361088   0.5503154135618042    9643521  140539   181      0.7597004330871385   0.029898579715155287 0.9393211635654249   10266479
round 1, total revenue = 13653038
2     311776   84.8520606060606     49.27876526697406    0.0005807609728626236   0.3645052858462486    4035764  113644   66       0.5981258394300697   0.02348267948084601  0.7206417729538541   5600236 
2     255379   56.08017837837838    73.65664446874068    0.0013134167293793575   0.5515488744180218    9975167  140854   185      0.7618893159003137   0.02989763729490767  0.9614773558282818   10374833
round 2, total revenue = 14010931
3     311776   84.44284848484848    49.21042268195986    0.0005827660194431936   0.3632511803345992    4062772  113253   66       0.5992885592267825   0.023482625639023546 0.728980045316646    5573228 
3     255379   55.96926203208557    74.20715962025227    0.00132585560227168     0.5522811194342526    10103748 141041   187      0.7640552308043816   0.029896686912780263 0.9653644876886205   10466252
round 3, total revenue = 14166520
4     311776   84.0959696969697     49.159764047332246   0.0005845674201091193   0.3621317869239454    4085666  112904   66       0.6004584810685476   0.023482572040503198 0.7361117366990887   5550334 
4     255379   56.51426737967915    74.78077015609742    0.001323219314756372    0.5533814448329737    10001832 141322   187      0.7662157203528706   0.029895727896727307 0.9464111471354354   10568168
round 4, total revenue = 14087498
5     311776   83.73580303030303    49.095765188732045   0.0005863174820329226   0.3610508826850046    4109437  112567   66       0.6016318360095088   0.02348251871224497  0.7435791467499783   5526563 
5     255379   55.505973958333335   75.30967203962943    0.0013567849849128336   0.5541215213467043    10462853 141511   192      0.768379667068006    0.02989475961241972  0.9817686666046739   10657147
round 5, total revenue = 14572290
6     311776   83.42001515151516    49.045680892951      0.000587936609743713    0.36005657908241817   4130279  112257   66       0.6028077657748669   0.023482465672884922 0.7501794951106313   5505721 
6     255379   55.62421243523316    75.7694691077453     0.0013621670454385048   0.5548067773779364    10494527 141686   193      0.7705302300984008   0.029893781462755786 0.9775560890516888   10735473
round 6, total revenue = 14624806
7     311776   83.11566666666667    49.008630239788445   0.0005896437122538685   0.3590141640151904    4150366  111932   66       0.6039814565624885   0.023482412933965913 0.7565882084003417   5485634 
7     255379   55.97155440414508    76.18937123108932    0.0013612159255210353   0.5551944365041761    10427490 141785   193      0.772634669049031    0.02989279288688153  0.9652839941828334   10802510
round 7, total revenue = 14577856
8     311776   82.73987878787878    48.94578243060349    0.0005915621722880012   0.3578498665708714    4175168  111569   66       0.6051455010876954   0.023482360501042306 0.7645662785451008   5460832 
8     255379   55.97312371134021    76.56684129994852    0.0013679215348925758   0.5553354034591724    10481214 141821   194      0.7746413660258071   0.029891793358856573 0.9652288939113451   10858786
round 8, total revenue = 14656382
9     311776   82.41177272727272    48.8976320615628     0.0005933330936027905   0.35678179205583493   4196823  111236   66       0.6063134451657933   0.02348230837466328  0.7715915477654064   5439177 
9     255379   56.15724226804124    76.85555155799172    0.0013685777373318377   0.5550691325441794    10445495 141753   194      0.7766477207088561   0.029890782386077536 0.9587856446896853   10894505
round 9, total revenue = 14642318
10    311776   80.85450746268657    48.84499625812618    0.0006041097496100337   0.3557265472647029    4364748  110907   67       0.6074752693714115   0.02348225655124112  0.8057125642299823   5417252 
10    255379   56.300082474226805   77.11632176117148    0.0013697372787415361   0.5545992426941918    10417784 141633   194      0.7786840603224237   0.029889759507549896 0.953815965551313    10922216
round 10, total revenue = 14782532
11    311776   80.5273880597015     48.793884638341744   0.0006059290610812668   0.35465847274966644   4386665  110574   67       0.6086399482736438   0.02348220502381241  0.8130477532905742   5395335 
11    255379   55.288792929292924   77.35321010160965    0.001399075762072328    0.5541645945829532    10832819 141522   198      0.7807363850530598   0.02988872429208014  0.9895532923042014   10947181
round 11, total revenue = 15219484
12    311776   80.23637313432836    48.75025618238372    0.000607582998558124    0.3536930360258647    4406163  110273   67       0.6098107283902079   0.023482153782700736 0.8196236232608988   5375837 
12    255379   55.403979797979794   77.58069603468151    0.001400272982510732    0.5536907889842156    10810012 141401   198      0.7827781157928335   0.02988767633644426  0.985416939380426    10969988
round 12, total revenue = 15216175
13    311776   78.80092647058824    48.71551434156098    0.0006182099186326652   0.35280137021451297   4569537  109995   68       0.6109780007749848   0.023482102816089735 0.852770094708128    5358463 
13    255379   55.528621212121216   77.80585100736684    0.0014011846379211514   0.5533305400992251    10785333 141309   198      0.7848242621216905   0.029886615263574893 0.9809604056221075   10994667
round 13, total revenue = 15354870
14    311776   78.53166176470589    48.6747272379251     0.0006198102286917446   0.3518904598173047    4587847  109711   68       0.6121390413383953   0.023482052110515354 0.8591227629620349   5340153 
14    255379   55.079519999999995   78.01521224911828    0.001416410532428719    0.552911554982986     10984096 141202   200      0.7868674133804329   0.02988554072079808  0.9971125383808719   11015904
round 14, total revenue = 15571943
15    311776   78.26522058823531    48.640372523214154   0.0006214813190027052   0.35094426767935955   4605965  109416   68       0.6132973951285218   0.02348200165128588  0.8654518431389496   5322035 
15    255379   55.152485            78.18833111230826    0.001417675579120474    0.552418170640499     10969503 141076   200      0.7888853718208401   0.029884452378141916 0.994470421414375    11030497
round 15, total revenue = 15575468
16    311776   78.01114705882352    48.6090844947815     0.0006231043424874692   0.3500301498511752    4623242  109131   68       0.6144447779277395   0.02348195142283791  0.8715274099214328   5304758 
16    255379   54.94606467661691    78.38129067514531    0.0014265132750899555   0.5517407461067668    11065841 140903   201      0.7908610056418562   0.029883349926731476 1.0019632096930151   11044159
round 16, total revenue = 15689083
17    311776   76.65343478260868    48.581229161117285   0.0006337775899918252   0.349196217797393     4784913  108871   69       0.6156001650723653   0.023481901409035704 0.9046765538173224   5289087 
17    255379   54.708678217821785   78.52511120269445    0.0014353319027384996   0.5510789845680342    11168847 140734   202      0.7928100774696277   0.029882233077279254 1.010649929468898    11051153
round 17, total revenue = 15953760
18    311776   76.4046231884058     48.54035116795109    0.0006353064663149463   0.34835587088165865   4802081  108609   69       0.6167471000760357   0.023481851593421116 0.9108791314889322   5271919 
18    255379   54.76591584158416    78.69169814273418    0.0014368735906901972   0.5504877065067997    11157285 140583   202      0.7947374992191423   0.029881101558675585 1.0085485344239637   11062715
round 18, total revenue = 15959366
19    311776   76.17827536231884    48.50328504198579    0.0006367075758973886   0.3475892948783742    4817699  108370   69       0.6178976547603802   0.02348180195942031  0.9165569095072752   5256301 
19    255379   54.8095198019802     78.85138522897229    0.0014386439712271205   0.5498102819730675    11148477 140410   202      0.7966550457946221   0.029879955116680082 1.0069506245888664   11071523
round 19, total revenue = 15966176
20    311776   75.96402898550726    48.46929471708233    0.0006380558715010958   0.3468547931848507    4832482  108141   69       0.6190460637577271   0.0234817524905131   0.9219623017606732   5241518 
20    255379   54.852366336633665   78.99009788056148    0.0014400490472150735   0.5492738243943316    11139822 140273   202      0.798597134830355    0.029878793512713143 1.0053829460140442   11080178
round 20, total revenue = 15972304
