Max revenue's round: 20
This round's info:
round bids     cpc                  cpm                  ctr                     winrate               revenue  imps     clks     auc                  rmse                 roi                  cost    
20    311776   59.28211650485437    49.6455733253112     0.0008374460335141025   0.39449155804167096   8931942  122993   103      0.6623182654398585   0.02525363925903517  1.4628000585647893   6106058 
20    255379   60.848029239766085   70.38879869031673    0.0011567966879084304   0.5788338117073056    8404987  147822   171      0.8985599149305286   0.028487824963907553 0.8077824602429617   10405013
round 20, total revenue = 17336929


Here are train dataset's quality scores:
id    score1               score2               score3              
3476  0.8498980115557736   0.511070110701107    22.507975698393764  
3358  0.9568767223448512   0.9451114922813036   4.8179336009068034  


all rounds' info:
round bids     cpc                  cpm                  ctr                     winrate               revenue  imps     clks     auc                  rmse                 roi                  cost    
1     311776   66.35089156626506    48.2163250654456     0.0007266869205109572   0.3663431437955455    6610876  114217   83       0.632502152326962    0.025255481676089635 1.2004225799164863   5507124 
1     255379   65.65179532163744    76.76472358029335    0.0011692707442989504   0.5726586759287177    7583543  146245   171      0.8477894088058004   0.0285141868701834   0.6755063507569663   11226457
round 1, total revenue = 14194419
2     311776   66.7588313253012     48.3000610181311     0.0007235006973500697   0.36795648157651645   6577017  114720   83       0.6341118272658768   0.025255388702369617 1.1869765707637074   5540983 
2     255379   65.9307857142857     75.87075827111445    0.0011507637509418453   0.5716601599974939    7403628  145990   168      0.8517622551285352   0.02851303956400006  0.6684163370461014   11076372
round 2, total revenue = 13980645
3     311776   66.40327380952382    48.39007018365736    0.0007287301876480233   0.36971736118238735   6686125  115269   84       0.6357122447111043   0.025255295218415012 1.1986867758779105   5577875 
3     255379   65.11838095238096    75.09790973056461    0.001153252102282478    0.5704266991412763    7540112  145675   168      0.8555174400104406   0.028511868675000194 0.689231187741593    10939888
round 3, total revenue = 14226237
4     311776   66.08618823529412    48.49294704673768    0.0007337833871441151   0.37154238940777995   6792674  115838   85       0.637324951721122    0.025255201252454566 1.2092362095416929   5617326 
4     255379   64.8465628742515     74.43535161217153    0.0011478688817557583   0.5696905383762956    7540624  145487   167      0.8591368490056259   0.02851067342060241  0.6963119574017931   10829376
round 4, total revenue = 14333298
5     311776   65.70239534883721    48.57639270976616    0.0007393397524071526   0.3730883711382531    6905594  116320   86       0.6389215952055085   0.02525510682609143  1.222141205428424    5650406 
5     255379   64.66768674698795    73.84390391547203    0.0011418980271303966   0.5692402272700574    7525164  145372   166      0.862597174638992    0.02850945315685781  0.7010040954514816   10734836
round 5, total revenue = 14430758
6     311776   64.58244318181819    48.66008818870671    0.0007534569116828631   0.37461190085189366   7164745  116795   88       0.6405167710384567   0.025255011955446886 1.260676320172155    5683255 
6     255379   63.8494131736527     73.37194996077784    0.0011491405529636817   0.5690601028275621    7707148  145326   167      0.86586164622778     0.028508207319608018 0.7228036176437599   10662852
round 6, total revenue = 14871893
7     311776   64.25431460674157    48.741404292313725   0.0007585701379063465   0.376315046700195     7275366  117326   89       0.6421099631227578   0.025254916652140687 1.2722209534654605   5718634 
7     255379   63.511898203592814   72.96050160621299    0.0011487690286366794   0.5692441430188073    7763513  145373   167      0.8690351567854285   0.028506935390211593 0.7319589417306598   10606487
round 7, total revenue = 15038879
8     311776   63.88536666666667    48.81714212939379    0.0007641365257259297   0.37777122036333777   7390317  117780   90       0.6436984619480641   0.025254820924120427 1.2853433832786956   5749683 
8     255379   63.63617469879518    72.6260553309683     0.0011412699722245139   0.5695534871700492    7696395  145452   166      0.871966892134768    0.028505636876790925 0.7285765607479644   10563605
round 8, total revenue = 15086712
9     311776   62.85114130434783    48.89774466609727    0.0007779929473248036   0.3792883352150262    7649695  118253   92       0.6452924604342541   0.025254724776358484 1.3229490661596024   5782305 
9     255379   63.80338181818182    72.32949501889385    0.0011336310546204054   0.5699372305475392    7622442  145550   165      0.874835324156726    0.028504311305084386 0.724046545267193    10527558
round 9, total revenue = 15272137
10    311776   61.857574468085105   48.97463929855888    0.0007917322934126188   0.38080865749769066   7909388  118727   94       0.6468774756033995   0.025254628211436383 1.3602606674357636   5814612 
10    255379   63.62143636363636    72.05640251226963    0.0011325805676631088   0.5704658566287752    7652463  145685   165      0.8775919065495881   0.028502958215044033 0.7289769971756231   10497537
round 10, total revenue = 15561851
11    311776   60.864031250000004   49.03940477389465    0.0008057206163762715   0.3821589859386226    8173053  119148   96       0.6484484916357496   0.02525453123003465  1.3987895149485354   5842947 
11    255379   62.361380952380955   71.83210147411724    0.001151868357901954    0.5711119551725083    8003288  145850   168      0.8801584102014361   0.028501577160680122 0.7639121892441063   10476712
round 11, total revenue = 16176341
12    311776   60.54803092783506    49.113250936580144   0.0008111453037195611   0.38355742584419583   8288841  119584   97       0.6500287006496357   0.02525443383134397  1.4113088033203256   5873159 
12    255379   62.275875            71.6496051937735     0.0011505194458331337   0.5717815482087407    8017653  146021   168      0.8825647616852862   0.028500167711558166 0.7663340739893257   10462347
round 12, total revenue = 16306494
13    311776   60.262867346938776   49.19253835773902    0.0008162993319672814   0.385064918402956     8402239  120054   98       0.6515816210235941   0.025254336013410573 1.4227191042780092   5905761 
13    255379   61.491870588235294   71.47430892196613    0.0011623375291439043   0.5727056649137164    8246382  146257   170      0.884868732787767    0.028498729454955726 0.7888543468873648   10453618
round 13, total revenue = 16648621
14    311776   59.94651515151515    49.26251961052868    0.00082177453495032     0.3864024171199836    8519295  120471   99       0.6531392185285092   0.02525423777342632  1.4355043763759108   5934705 
14    255379   61.111333333333334   71.30941349073663    0.0011668770684772596   0.5738334005536869    8359962  146545   171      0.8870584916369666   0.028497261998084417 0.7999934545692561   10450038
round 14, total revenue = 16879257
15    311776   60.24572727272727    49.330689384227284   0.0008188246970762169   0.38779444216360465   8489673  120905   99       0.6546974450268979   0.025254139107971984 1.4234083744905335   5964327 
15    255379   61.04722222222222    71.13412423680768    0.001165231138246838    0.5746439605449156    8370925  146752   171      0.8891485139937669   0.028495764970043882 0.8018837875961232   10439075
round 15, total revenue = 16860598
16    311776   59.31982178217822    49.388360398977824   0.0008325776935124887   0.38909345170891924   8754698  121310   101      0.6562538006729037   0.02525404001322033  1.4612346364780142   5991302 
16    255379   61.00748538011696    70.97416778354548    0.0011633681890235192   0.5755641615011414    8377720  146987   171      0.8911389873680237   0.028494238023342985 0.8030574332744137   10432280
round 16, total revenue = 17132418
17    311776   59.61411881188119    49.45726207882243    0.0008296233017364591   0.3904790618905881    8724974  121742   101      0.65778520624446     0.025253940485104546 1.4490842590614954   6021026 
17    255379   60.96963742690058    70.83375569853315    0.0011617873861142628   0.5763473112511209    8384192  147187   171      0.8930959902329865   0.028492680834930104 0.8041767122509833   10425808
round 17, total revenue = 17109166
18    311776   59.88613861386139    49.51739269253125    0.0008268590000736805   0.3917844862978549    8697500  122149   101      0.6593076930111229   0.025253840519456568 1.437959824749938    6048500 
18    255379   60.92348538011696    70.6768971927111     0.001160092807424594    0.5771891972323487    8392084  147402   171      0.8950250166274366   0.028491093106738207 0.8055434503407399   10417916
round 18, total revenue = 17089584
19    311776   59.57649019607843    49.57619416683663    0.0008321435855598613   0.3931508518936673    8815198  122575   102      0.6608169709148417   0.02525374011211918  1.4506311049792309   6076802 
19    255379   60.89782456140351    70.53563179462864    0.0011582619297592035   0.5781015666910748    8396472  147635   171      0.8968592942916562   0.028489474565787702 0.8063042611495355   10413528
round 19, total revenue = 17211670
20    311776   59.28211650485437    49.6455733253112     0.0008374460335141025   0.39449155804167096   8931942  122993   103      0.6623182654398585   0.02525363925903517  1.4628000585647893   6106058 
20    255379   60.848029239766085   70.38879869031673    0.0011567966879084304   0.5788338117073056    8404987  147822   171      0.8985599149305286   0.028487824963907553 0.8077824602429617   10405013
round 20, total revenue = 17336929
