Max revenue's round: 20
This round's info:
round bids     cpc                  cpm                  ctr                     winrate               revenue  imps     clks     auc                  rmse                 roi                  cost    
20    311776   77.90126984126984    48.4546729064234     0.0006220010662875423   0.3248678538437853    4290220  101286   63       0.6319017995023126   0.023411267946466224 0.874167138706299    4907780 
20    255379   38.8356425120773     62.944665857573504   0.001620796304271229    0.5000998515931224    14731022 127715   207      0.9101896035272938   0.030905297356131494 1.83244959744883     8038978 
round 20, total revenue = 19021242


Here are train dataset's quality scores:
id    score1               score2               score3              
3476  0.8856251286312541   0.610648918469218    7.426536469555178   
3358  0.9280837517008504   0.8892355694227769   9.2224973278673     


all rounds' info:
round bids     cpc                  cpm                  ctr                     winrate               revenue  imps     clks     auc                  rmse                 roi                  cost    
1     311776   77.0795              45.25569516204791    0.0005871301080319399   0.2731448219234322    3446025  85160    50       0.5941091824998492   0.02341340336562268  0.8941482495345715   3853975 
1     255379   43.912921568627446   65.28422448786247    0.001486674585880964    0.5373151277121455    13481764 137219   204      0.8863632771566499   0.030945393686830892 1.5049574492120994   8958236 
round 1, total revenue = 16927789
2     311776   77.02011764705883    45.50856176286582    0.0005908659081956577   0.2768461972698347    3517974  86314    51       0.5962943413796763   0.023413300171192662 0.8956086339550705   3928026 
2     255379   43.40114705882353    65.0242652134957     0.001498215361113967    0.5331761812835041    13586166 136162   204      0.88791627177701     0.030943788698896902 1.5344952254582591   8853834 
round 2, total revenue = 17104140
3     311776   78.40417647058824    45.73449920508744    0.00058331713007972     0.28042889767012213   3447387  87431    51       0.5984432607971686   0.02341319607351079  0.8621456990211356   3998613 
3     255379   42.68573658536586    64.74666114198193    0.0015168219251059925   0.529217359297358     13799424 135151   205      0.8894282778507416   0.03094210558811171  1.576973218677262    8750576 
round 3, total revenue = 17246811
4     311776   78.21698076923077    45.955403649511325   0.0005875374272639964   0.28387367853843787   3524717  88505    52       0.6005751395974679   0.023413091050542144 0.8666023485457      4067283 
4     255379   42.24525365853659    64.50906152001133    0.0015270132365976655   0.5256853539249507    13889723 134249   205      0.8908955345239721   0.030940351180448085 1.6038428101087299   8660277 
round 4, total revenue = 17414440
5     311776   78.05967924528301    46.1834875699088     0.0005916433172212858   0.28732487426870573   3600837  89581    53       0.6026750953913295   0.023412985074212925 0.8703638217783539   4137163 
5     255379   42.07533823529412    64.31368714455908    0.0015285364263717491   0.5225997439100317    13856631 133461   204      0.8923299749701686   0.030938531167846218 1.6143580684926864   8583369 
round 5, total revenue = 17457468
6     311776   73.66771929824561    46.36720000883383    0.0006294100109318581   0.2904681566252694    4122940  90561    57       0.6047620455159014   0.02341287811398408  0.9818721332869738   4199060 
6     255379   41.95113793103449    64.13870729649936    0.0015288907633909743   0.5199174560163522    13813919 132776   203      0.8937323608812547   0.03093665029505119  1.6220981223640312   8516081 
round 6, total revenue = 17936859
7     311776   74.77961403508773    46.56061433596225    0.0006226377995761694   0.2936274761367135    4059562  91546    57       0.606822458820307    0.023412770139627673 0.9524037651691356   4262438 
7     255379   42.0650447761194     63.97798056841914    0.0015209298102242803   0.5174896917914159    13654926 132156   201      0.8950979951570359   0.030934712514990925 1.6149978107820226   8455074 
round 7, total revenue = 17714488
8     311776   75.85238596491227    46.75006217358866    0.0006163294875815014   0.29663283896130554   3998414  92483    57       0.6088583433948982   0.02341266112329673  0.9247911340262458   4323586 
8     255379   41.77867661691542    63.83078314672505    0.0015278316192734818   0.5151519897877272    13712486 131559   201      0.8964395726629022   0.030932721118412713 1.6329220767003187   8397514 
round 8, total revenue = 17710900
9     311776   76.92864912280703    46.92427793294595    0.0006099714276541783   0.29972480242225186   3937067  93447    57       0.6108894611008031   0.02341255104098308  0.897862521502609    4384933 
9     255379   41.52866169154229    63.70739171913757    0.0015340583858042358   0.5130609799552821    13762739 131025   201      0.8977442557162281   0.030930678842337155 1.6487730526216924   8347261 
round 9, total revenue = 17699806
10    311776   77.89549122807017    47.093719837507024   0.0006045756833296211   0.3023997998563071    3881957  94281    57       0.6128889560754633   0.023412439873458257 0.8743061722600435   4440043 
10    255379   41.340960199004975   63.61364976076555    0.001538755980861244    0.5114946804553233    13800467 130625   201      0.8990168842344435   0.0309285879609823   1.6607993493737856   8309533 
round 10, total revenue = 17682424
11    311776   76.22093220338984    47.26606266356958    0.0006201191890102267   0.3051646053576927    4116965  95143    59       0.6148603002507955   0.023412327606788633 0.9154843135532634   4497035 
11    255379   40.94678712871287    63.516540983858334   0.0015511971863433215   0.5099166337091147    13948749 130222   202      0.9002501904071123   0.03092645036210626  1.686413457891678    8271251 
round 11, total revenue = 18065714
12    311776   77.05349152542372    47.412093527730846   0.0006153140187305758   0.3075477265729242    4067844  95886    59       0.6168089173474702   0.023412214232510373 0.8947875963781269   4546156 
12    255379   40.56310837438424    63.42428116984649    0.001563595190596862    0.5083777444504051    14095689 129829   203      0.901459281124049    0.030924267611163764 1.7118237336432884   8234311 
round 12, total revenue = 18163533
13    311776   75.3360655737705     47.554249407576805   0.0006312282045179382   0.3099565072359643    4310500  96637    61       0.6187505530459119   0.023412099747541666 0.9379828092699379   4595500 
13    255379   40.3937881773399     63.34542828008158    0.0015681972684012113   0.5068858441766942    14130061 129448   203      0.9026375074495058   0.03092204100524033  1.7231909895915078   8199939 
round 13, total revenue = 18440561
14    311776   76.18940983606558    47.71420064884399    0.0006262576485565275   0.3124166067946218    4258446  97404    61       0.6206815102078083   0.02341198415390053  0.9162768200218868   4647554 
14    255379   40.248669950738915   63.265451504498785   0.0015718644015300513   0.5057032880542253    14159520 129146   203      0.9037954854646647   0.030919771618383506 1.7330095661454405   8170480 
round 14, total revenue = 18417966
15    311776   76.98391803278689    47.85995719527109    0.0006216877293110478   0.31471312737349894   4209981  98120    61       0.6225857991791415   0.023411867458286963 0.896499992866298    4696019 
15    255379   39.89595588235294    63.187284556380234   0.0015838017452874135   0.5043641019817604    14301225 128804   204      0.9049316124427708   0.030917460339677735 1.7571716873853866   8138775 
round 15, total revenue = 18511206
16    311776   77.71514754098361    47.98445265448656    0.00061744015385394     0.3168781432823566    4165376  98795    61       0.6244759939836111   0.023411749671578545 0.8786556368950585   4740624 
16    255379   39.77753431372549    63.12666381422848    0.0015869928818701621   0.503349923055537     14325383 128545   204      0.9060245768785496   0.030915107905188532 1.765380054289685    8114617 
round 16, total revenue = 18490759
17    311776   77.18124193548387    48.116529748318264   0.0006234225900192055   0.31898221800266857   4266763  99451    62       0.6263558480611278   0.023411630808279373 0.8916513434966753   4785237 
17    255379   39.46908780487805    63.06194614395386    0.0015977553485834535   0.5024101433555618    14458837 128305   205      0.9071000382686717   0.030912714924722577 1.7869911902652313   8091163 
round 17, total revenue = 18725600
18    311776   76.63257142857144    48.23269893601079    0.0006294020680353664   0.32104780355126755   4370148  100095   63       0.6282261308668728   0.023411510885953907 0.9051951054009112   4827852 
18    255379   39.37272195121952    63.01258470474347    0.00160041220372857     0.5015760888718336    14478592 128092   205      0.9081541405477745   0.030910281904202256 1.7938124302476097   8071408 
round 18, total revenue = 18848740
19    311776   77.25515873015873    48.3386633825618     0.0006257014311678767   0.32294660268911013   4330925  100687   63       0.6300663110845368   0.023411389924669655 0.8898414345371707   4867075 
19    255379   39.10257281553398    62.97104395003049    0.0016104066667709002   0.5008947485893516    14604870 127918   206      0.9091847890630689   0.030907809264332082 1.8131141272704476   8055130 
round 19, total revenue = 18935795
20    311776   77.90126984126984    48.4546729064234     0.0006220010662875423   0.3248678538437853    4290220  101286   63       0.6319017995023126   0.023411267946466224 0.874167138706299    4907780 
20    255379   38.8356425120773     62.944665857573504   0.001620796304271229    0.5000998515931224    14731022 127715   207      0.9101896035272938   0.030905297356131494 1.83244959744883     8038978 
round 20, total revenue = 19021242
