Max revenue's round: 1
This round's info:
round bids     cpc                  cpm                  ctr                     winrate               revenue  imps     clks     auc                  rmse                 roi                  cost    
1     311776   70.04806185567011    51.788187590033615   0.0007393236332040152   0.42081815149337987   7367338  131201   97       0.6928462870136605   0.023478177057691445 1.0842832211521338   6794662 
1     255379   44.036199029126216   60.34563113254615    0.0013703642108764344   0.5886349308282983    13588543 150325   206      0.9113678051119255   0.03158146563402591  1.4979449277001478   9071457 
round 1, total revenue = 20955881


Here are train dataset's quality scores:
id    score1               score2               score3              
3476  0.8465505595648211   0.5339449541284403   0.2732263096578007  
3358  0.9724226410045359   0.9041095890410958   -2.0239126179383784 


all rounds' info:
round bids     cpc                  cpm                  ctr                     winrate               revenue  imps     clks     auc                  rmse                 roi                  cost    
1     311776   70.04806185567011    51.788187590033615   0.0007393236332040152   0.42081815149337987   7367338  131201   97       0.6928462870136605   0.023478177057691445 1.0842832211521338   6794662 
1     255379   44.036199029126216   60.34563113254615    0.0013703642108764344   0.5886349308282983    13588543 150325   206      0.9113678051119255   0.03158146563402591  1.4979449277001478   9071457 
round 1, total revenue = 20955881
2     311776   70.43660204081634    51.95417083762974    0.0007376018906693361   0.4261489017756338    7405213  132863   98       0.6942493424122387   0.02347806898589929  1.0727859631189547   6902787 
2     255379   45.56471014492754    61.342067781398164   0.0013462626577956413   0.6020816120354454    13338105 153759   207      0.9113934573600614   0.03156929999913058  1.4141490124731033   9431895 
round 2, total revenue = 20743318
3     311776   70.60059595959596    52.08434740489586    0.0007377324043369723   0.43042119983577953   7464541  134195   99       0.6956354748707587   0.02347796189120639  1.0679712120780736   6989459 
3     255379   46.78408133971292    62.29531727828746    0.0013315494393476045   0.6146159237838663    13212127 156960   209      0.9113667003248377   0.03155736899711541  1.3512271022542428   9777873 
round 3, total revenue = 20676668
4     311776   70.64487             52.19845720745683    0.0007388853176098538   0.43409050087242124   7535513  135339   100      0.6969774248352785   0.0234778555002003   1.0666751881629906   7064487 
4     255379   48.20673684210526    63.102565387313355   0.0013089988976851387   0.6252041084035884    12914792 159664   209      0.9113223726346963   0.03154567503429853  1.2818387471504311   10075208
round 4, total revenue = 20450305
5     311776   70.58208910891089    52.28801425878522    0.0007408113718212957   0.43729151698655444   7617209  136337   101      0.6982780470024118   0.023477749684151297 1.0685134407783872   7128791 
5     255379   49.50800478468899    63.82849194060786    0.0012892559944235051   0.6347781140970871    12642827 162109   209      0.9112636675783431   0.0315342144649965   1.2218629184995746   10347173
round 5, total revenue = 20260036
6     311776   70.41011764705883    52.360598129205826   0.000743651621087627    0.4399344401108488    7710168  137161   102      0.6995419499346667   0.02347764441447158  1.0735656306079007   7181832 
6     255379   50.38926190476191    64.4320804233062     0.0012786867278406634   0.6430873329443689    12518255 164231   210      0.9112006493121263   0.03152297893013532  1.183004787962666    10581745
round 6, total revenue = 20228423
7     311776   70.8278137254902     52.41442180029456    0.0007400259734606371   0.4420898337267782    7667563  137833   102      0.7007787052618664   0.02347753972565039  1.0613370979634815   7224437 
7     255379   51.23764928909953    65.05017539426103    0.001269577669873704    0.6507856949866668    12398856 166197   211      0.9111555951866394   0.031511956577198436 1.146858833810742    10811144
round 7, total revenue = 20066419
8     311776   71.1486862745098     52.45208806140592    0.0007372179418609694   0.443773734989223     7634834  138358   102      0.7020107587358194   0.023477435686220304 1.0520407001851686   7257166 
8     255379   52.301810426540285   65.69679543276243    0.0012561093946267094   0.6577635592589837    12174318 167979   211      0.9110703601061081   0.03150113312643498  1.1031776740214152   11035682
round 8, total revenue = 19809152
9     311776   70.70705825242719    52.46993515850144    0.0007420749279538905   0.4451914194806528    7755173  138800   103      0.7032113172562791   0.023477332377342962 1.0648575065699075   7282827 
9     255379   53.07472300469484    66.53081450094162    0.0012535310734463276   0.6653640275825342    12125084 169920   213      0.9109727150884253   0.03149049276971028  1.0725496766185614   11304916
round 9, total revenue = 19880257
10    311776   70.87230097087378    52.480261975455974   0.000740490449111052    0.4461440264805501    7738153  139097   103      0.7044022854887674   0.023477229878043827 1.0600431762473925   7299847 
10    255379   53.53975462962963    67.33932897004705    0.0012577444449620348   0.6724750273123475    12195413 171736   216      0.9108584225940765   0.03148001890377542  1.0545480785435744   11564587
round 10, total revenue = 19933566
11    311776   70.31106730769231    52.492415813011924   0.0007465740149171232   0.4468047572616237    7871649  139303   104      0.7055604153811204   0.02347712825588336  1.076486755080548    7312351 
11    255379   53.29890540540541    68.19684385860764    0.001279516780689671    0.6793941553534159    12587643 173503   222      0.9107192799572856   0.03146969470970185  1.0638322525258492   11832357
round 11, total revenue = 20459292
12    311776   70.37655769230768    52.49119309217132    0.0007458619008003672   0.44723134558144306   7864838  139436   104      0.7067153920464943   0.02347702756182749  1.0745544366964415   7319162 
12    255379   53.98899553571428    69.02781424445485    0.0012785534081439286   0.6860313494844916    12546465 175198   224      0.9105432858607834   0.031459503595818554 1.0374522420450265   12093535
round 12, total revenue = 20411303
13    311776   70.42282692307693    52.48317078588883    0.0007452579380719317   0.44759378528174076   7860026  139549   104      0.7078551623214079   0.023476927828187503 1.0731914122032655   7323974 
13    255379   54.42328634361234    69.85748132566569    0.0012835954242933158   0.6924884191730721    12615914 176847   227      0.9103554115195696   0.03144942952383398  1.0211936358545666   12354086
round 13, total revenue = 20475940
14    311776   70.41326923076923    52.46815218170094    0.0007451458049724152   0.44766114133223855   7861020  139570   104      0.7089898202638232   0.023476829068672295 1.0734728211738938   7322980 
14    255379   55.05873362445415    70.67160288998873    0.0012835675330280423   0.6986048187204116    12581550 178409   229      0.9101541889288832   0.031439457237952745 0.9978665101578703   12608450
round 14, total revenue = 20442570
15    311776   70.41922115384615    52.462438304548094   0.0007450016834172654   0.44774774196859285   7860401  139597   104      0.7101077605058059   0.023476731279788377 1.0732975685861554   7323599 
15    255379   55.98706986899563    71.32983760146432    0.0012740412700355508   0.7038284275527745    12368961 179743   229      0.9099550851079543   0.03142957241554582  0.9647393631670569   12821039
round 15, total revenue = 20229362
16    311776   69.68068571428572    52.4297875999656     0.000752429271648465    0.44759057785076467   8013528  139548   105      0.7112112033669449   0.02347663444300722  1.0952721475596434   7316472 
16    255379   56.85989082969433    71.94153917554823    0.0012652423021884823   0.708723113490146     12169085 180993   229      0.9097518194178589   0.03141976175592901  0.9345798663150785   13020915
round 16, total revenue = 20182613
17    311776   69.63239999999999    52.405097586674025   0.0007525964577793388   0.447491147490506     8018598  139517   105      0.7123172397106285   0.023476538527280287 1.096725087746509    7311402 
17    255379   57.36862173913044    72.45899505766063    0.0012630422844590885   0.7130578473562822    12105217 182100   230      0.9095477818902089   0.0314100130214961   0.9174244851165798   13194783
round 17, total revenue = 20123815
18    311776   69.56068571428573    52.38266407521892    0.0007530498519001958   0.44722172328851484   8026128  139433   105      0.713411110941944    0.023476443491614207 1.0988867274782472   7303872 
18    255379   57.989104347826085   72.86456335873692    0.0012565216203665765   0.7167582299249351    11962506 183045   230      0.9093516443469405   0.03140031504311688  0.8969080698368074   13337494
round 18, total revenue = 19988634
19    311776   69.48108571428571    52.35689167659428    0.0007535416457349543   0.4469298470696911    8034486  139342   105      0.7145111020457391   0.023476349287521153 1.1012912866728788   7295514 
19    255379   58.49281739130435    73.19120183231689    0.001251285287605203    0.7197576934673564    11846652 183811   230      0.9091660098480417   0.03139065769952896  0.8805727763825034   13453348
round 19, total revenue = 19881138
20    311776   69.4070380952381     52.331138429722394   0.0007539745228418377   0.44667325259160423   8042261  139262   105      0.715599189251235    0.02347625586123635  1.1035330710937918   7287739 
20    255379   58.22979399141631    73.50653389389737    0.001262352635228849    0.7227532412610277    12062458 184576   233      0.9089881693950368   0.03138103187850365  0.8890673048957578   13567542
round 20, total revenue = 20104719
