Max revenue's round: 20
This round's info:
round bids     cpc                  cpm                  ctr                     winrate               revenue  imps     clks     auc                  rmse                 roi                  cost    
20    255379   106.48015263157896   96.62307350644512    0.000907428014690782    0.8198912204997278    2188771  209383   190      0.7302433215953059   0.028816497602087914 0.10818774282076486  20231229
20    248065   184.6299732142857    95.52487839130053    0.0005173855399980598   0.872646282224417     -4214557 216473   112      0.5174691183742125   0.02345078686967747  -0.20381291595927123 20678557
round 20, total revenue = -2025786


all rounds' info:
round bids     cpc                  cpm                  ctr                     winrate               revenue  imps     clks     auc                  rmse                 roi                  cost    
1     255379   133.85494339622642   111.30995257689094   0.0008315714739604375   0.9982770705500452    -3361248 254939   212      0.7163906105590783   0.030331371446510855 -0.11844869523640911 28377248
1     248065   197.24602272727273   105.7065515267408    0.000535912207836498    0.9929212101666902    -6632475 246309   132      0.5076051035910674   0.025694328824388057 -0.25473782453269883 26036475
round 1, total revenue = -9993723
2     255379   131.15492857142857   109.74870497290405   0.0008367867389225375   0.9826963062742042    -2762535 250960   210      0.7174303107154908   0.029297376695860737 -0.10030068038399516 27542535
2     248065   193.63413178294576   103.75540712864543   0.0005358322222083765   0.9704996674258762    -6015803 240747   129      0.5079825697516175   0.02423967102844806  -0.24083632029925534 24978803
round 2, total revenue = -8778338
3     255379   126.30463942307692   107.40541700735895   0.0008503679476696647   0.9577921442248579    -1727365 244600   208      0.718333511290534    0.029056950313057096 -0.06575086600943651 26271365
3     248065   193.6495806451613    102.05945256715403   0.0005270316218973139   0.948461088827525     -5784548 235280   124      0.5084306054128181   0.023868878227286953 -0.24089688441226645 24012548
round 3, total revenue = -7511913
4     255379   122.26663414634146   105.22218070837549   0.0008605960362205981   0.932758762466765     -874660  238207   205      0.719182751643744    0.028961548254343675 -0.03489614461157662 25064660
4     248065   193.74755833333333   100.72613410391602   0.0005198833728300284   0.9304859613407777    -5609707 230821   120      0.5089066955876136   0.02371256402817817  -0.2412807610865806  23249707
round 4, total revenue = -6484367
5     255379   120.47726            103.5152509752032    0.0008592098706029934   0.9114766680110737    -495452  232772   200      0.7199950757369332   0.02891336677118207  -0.0205620546151199  24095452
5     248065   191.98944915254236   99.6676462695169     0.0005191308517705442   0.9163041944651603    -5308755 227303   118      0.5094001741829758   0.023629918533909316 -0.2343329248098247  22654755
round 5, total revenue = -5804207
6     255379   118.33293908629442   102.13987959620036   0.0008631567878299274   0.8936991686865404    -65589   228232   197      0.7207857713753281   0.028885386234158688 -0.0028135791172364953 23311589
6     248065   189.53094017094017   98.7769101591558     0.0005211650935201807   0.9049926430572632    -4976120 224497   117      0.5099227529873277   0.023580170517081448 -0.2244010404453279  22175120
round 6, total revenue = -5041709
7     255379   115.7073163265306    101.02471423607709   0.0008731056725140989   0.8790307738694254    449366   224486   196      0.7215648763802559   0.02886757612030252  0.019814509110204787 22678634
7     248065   187.83377586206896   98.02198088931277    0.000521854924331036    0.896071594138633     -4736718 222284   116      0.5104412685181451   0.0235476013855704   -0.21739314814207977 21788718
round 7, total revenue = -4287352
8     255379   113.1158163265306    100.12057442196532   0.0008851156069364162   0.8671034031772386    957300   221440   196      0.7223072869554686   0.02885547528814092  0.043178609606372376 22170700
8     248065   185.1352155172414    97.37993969211236    0.000525993606457025    0.8890210227158204    -4423685 220535   116      0.510974095137367    0.023524987629014126 -0.2059857462055343  21475685
round 8, total revenue = -3466385
9     255379   110.9876530612245    99.37043770613117    0.0008953287592387879   0.8572122218349982    1374420  218914   196      0.7230500302761396   0.02884683889786548  0.06318132463714018  21753580
9     248065   183.15812931034483   96.91348355608265    0.0005291246635953108   0.8837603047588334    -4194343 219230   116      0.5114874718222437   0.0235085863614121   -0.19741482098825194 21246343
round 9, total revenue = -2819923
10    255379   111.05209844559586   98.8080870014199     0.000889745339209648    0.8493885558327036    1340945  216916   193      0.7237813123643554   0.02884043068760018  0.06256434278734413  21433055
10    248065   184.89005263157895   96.56115740719531    0.0005222625881318117   0.8799346945357064    -4319466 218281   114      0.5119957096611798   0.023496280738846048 -0.2049328889914945  21077466
round 10, total revenue = -2978521
11    255379   110.33817708333333   98.36619182051187    0.0008914973440808291   0.8433269767678626    1471070  215368   192      0.7244889695250265   0.028835521204951687 0.0694394553109215   21184930
11    248065   183.78783333333334   96.29121550820817    0.0005239259517988125   0.8771410718964787    -4193813 217588   114      0.5125111777368463   0.02348679098830429  -0.20016468264584072 20951813
round 11, total revenue = -2722743
12    255379   109.26152604166667   97.99697762414164    0.000896902882234783    0.8382443348904961    1677787  214070   192      0.7251702288793334   0.02883165596145926  0.07997759389705882  20978213
12    248065   182.91237719298246   96.06742499631432    0.0005252100840336134   0.8749964726986879    -4094011 217056   114      0.5130239867585086   0.02347930184710003  -0.19633650682420992 20852011
round 12, total revenue = -2416224
13    255379   108.416484375        97.69817988961063    0.0009011376863289904   0.8343050916480995    1840035  213064   192      0.7258462382497411   0.0288285390793495   0.08839537345494192  20815965
13    248065   182.28542982456142   95.89719699486838    0.0005260826226603167   0.8735452401588293    -4022539 216696   114      0.5135572914099111   0.02347327174961665  -0.19357240926233915 20780539
round 13, total revenue = -2182504
14    255379   108.27174345549739   97.45064064200858    0.000900056076792219    0.8309571264669374    1858097  212209   191      0.7265146129604652   0.02882597089281632  0.08985037308927415  20679903
14    248065   181.80490350877193   95.75973848961581    0.0005267170282070829   0.8724930965674319    -3967759 216435   114      0.5140922392969342   0.02346832850445668  -0.19144095036519532 20725759
round 14, total revenue = -2109662
15    255379   108.22928947368422   97.23783201010039    0.0008984428566699925   0.8280907983820126    1856435  211477   190      0.7271646681851197   0.0288238126036255   0.09027787740112184  20563565
15    248065   184.80757142857144   95.68748988733918    0.0005177682339942584   0.8720012899844799    -4234448 216313   112      0.51463423815862     0.023464209102633016 -0.20457804372579044 20698448
round 15, total revenue = -2378013
16    255379   108.28822222222222   97.05684518022868    0.0008962825613763865   0.8257178546395749    1835526  210871   189      0.7278067375187733   0.028821965317968504 0.08968452504324878  20466474
16    248065   184.62148214285713   95.61810295396111    0.0005179142851858018   0.8717553866930039    -4213606 216252   112      0.5152022598971334   0.023460723377845487 -0.20377629789444676 20677606
round 16, total revenue = -2378080
17    255379   107.86153968253969   96.90695220212488    0.0008984384284457966   0.8237364857721269    1916169  210365   189      0.7284342399956936   0.028820357112814807 0.09399513809370832  20385831
17    248065   184.54614285714288   95.57952564381205    0.0005179166801540802   0.8717513554915043    -4205168 216251   112      0.5157736876149331   0.023457731199402015 -0.20345124680393523 20669168
round 17, total revenue = -2288999
18    255379   107.53291534391535   96.7957564355964     0.0009001500250041673   0.822170186272168     1978279  209965   189      0.7290396148996318   0.028818934777969256 0.09733842537988     20323721
18    248065   184.51973214285712   95.54773177001461    0.0005178185046141328   0.8719166347529881    -4202210 216292   112      0.516364356127999    0.023455127669269903 -0.20333723503245152 20666210
round 18, total revenue = -2223931
19    255379   106.70719473684211   96.70439726595852    0.000906259390516711    0.8209484726622001    2145633  209653   190      0.7296470232480379   0.02881765838234255  0.10582983922506681  20274367
19    248065   184.55839285714288   95.53418250388228    0.0005176366190933965   0.8722230060669582    -4206540 216368   112      0.5169362618779793   0.02345283322807904  -0.20350411745411587 20670540
round 19, total revenue = -2060907
20    255379   106.48015263157896   96.62307350644512    0.000907428014690782    0.8198912204997278    2188771  209383   190      0.7302433215953059   0.028816497602087914 0.10818774282076486  20231229
20    248065   184.6299732142857    95.52487839130053    0.0005173855399980598   0.872646282224417     -4214557 216473   112      0.5174691183742125   0.02345078686967747  -0.20381291595927123 20678557
round 20, total revenue = -2025786
