Max revenue's round: 20
This round's info:
round bids     cpc                  cpm                  ctr                     winrate               revenue  imps     clks     auc                  rmse                 roi                  cost    
20    255379   46.6263880597015     74.39731366743139    0.001595605337736463    0.49327078577330163   14346096 125971   201      0.9697556376508436   0.028462654265434546 1.5307557567811194   9371904 
20    248065   143.37157894736842   58.72253280255235    0.0004095828003966486   0.5610061878943019    206820   139166   57       0.5493271846444113   0.023325043160581743 0.025307812603246625 8172180 
round 20, total revenue = 14552916


all rounds' info:
round bids     cpc                  cpm                  ctr                     winrate               revenue  imps     clks     auc                  rmse                 roi                  cost    
1     255379   76.84826219512195    80.07417737764703    0.0010419777245493764   0.6163114429925718    6748885  157393   164      0.7683421312464919   0.028775712429487666 0.5354934077805368   12603115
1     248065   188.77508333333336   79.42664968093312    0.00042074752810827235  0.689835325418741     -3007806 171124   72       0.5025599220807546   0.023349621991554523 -0.22129553644305988 13591806
round 1, total revenue = 3741079
2     255379   65.16091025641026    74.6369296738476     0.0011454249085862814   0.5333014852435009    8242898  136194   156      0.7922313880861301   0.028769094103834828 0.8109016515525374   10165102
2     248065   175.06642622950818   70.72828786584276    0.0004040082921046183   0.6086590208211557    -1712052 150987   61       0.5054166125145837   0.023335354176345715 -0.16031872492052665 10679052
round 2, total revenue = 6530846
3     255379   60.3860981595092     73.97754278370273    0.0012250757217048846   0.5210021184200737    9391066  133053   163      0.8134443916899115   0.028761982332343495 0.9540921436636678   9842934 
3     248065   176.6346785714286    67.9112279786343     0.0003844727916844028   0.5871606232237518    -1659542 145654   56       0.508388687965988    0.023332015337084632 -0.16777384153047117 9891542 
round 3, total revenue = 7731524
4     255379   59.97877575757576    74.27740042180476    0.0012383947401997943   0.5217226161900548    9573502  133237   165      0.8326916275549028   0.028753787278821573 0.9673625963446868   9896498 
4     248065   176.7422962962963    66.36315848028036    0.00037547977971852923  0.5797512748674742    -1606084 143816   54       0.5115214718610839   0.023330446762701178 -0.16828058093369672 9544084 
round 4, total revenue = 7967418
5     255379   58.54561176470589    74.48551115102529    0.001272264631043257    0.5232223479612654    10107246 133620   170      0.8501396717547391   0.028744690832101717 1.015522537782005    9952754 
5     248065   179.98638461538462   65.40065824872299    0.000363364475532294    0.5768931530042529    -1715292 143107   52       0.5143755032409089   0.023329447271264323 -0.18327155515609514 9359292 
round 5, total revenue = 8391954
6     255379   57.33513218390805    74.57698920551385    0.0013007206291301618   0.5238175417712498    10555687 133772   174      0.8659242289788611   0.028734713639887017 1.058074962162875    9976313 
6     248065   184.83548000000002   64.67437384969594    0.0003499023772367509   0.5760466006893354    -1891774 142897   50       0.5171975363416496   0.02332871643145933  -0.20469814561576596 9241774 
round 6, total revenue = 8663913
7     255379   55.73297206703911    74.61185568552368    0.001338738145810273    0.5235669338512564    11145798 133708   179      0.880593774657825    0.028723801797509756 1.1172386044308245   9976202 
7     248065   183.15616            64.10786139306965    0.00035001750087504374  0.575857134218854     -1807808 142850   50       0.5200313111078246   0.023328144233643974 -0.19740619152530825 9157808 
round 7, total revenue = 9337990
8     255379   54.12147282608696    74.61339217478609    0.0013786282648764478   0.5226193226537812    11753649 133466   184      0.8936136607834559   0.028711874725076015 1.180280650882862    9958351 
8     248065   174.76834615384615   63.60683664970569    0.00036394941103186655  0.5759659766593433    -1443954 142877   52       0.5226760241466005   0.023327677496585358 -0.15888658767418937 9087954 
round 8, total revenue = 10309695
9     255379   52.296663157894734   74.63544452122706    0.0014271550040561248   0.5213114625713156    12483634 133132   190      0.9057235989955819   0.028698844189485706 1.2563581091920326   9936366 
9     248065   173.56157692307693   63.168517935258095   0.00036395450568678915  0.5759579142563441    -1381202 142875   52       0.5253042450751482   0.023327285735836457 -0.15303834750734666 9025202 
round 9, total revenue = 11102432
10    255379   51.82187434554974    74.59138180502804    0.0014393802375354194   0.5196041961163604    12640022 132696   191      0.9166347292646155   0.028684621861945786 1.277030722840564    9897978 
10    248065   169.11124528301886   62.747801736208345   0.00037104452534304116  0.5758168222038579    -1171896 142840   53       0.5278795239397023   0.023326949765519703 -0.13074970411349188 8962896 
round 10, total revenue = 11468126
11    255379   51.070590673575126   74.56463094508621    0.0014600307135994675   0.5176189115001625    12917376 132189   193      0.9262157650213685   0.028669122878167856 1.3105274179069832   9856624 
11    248065   164.5217962962963    62.27430570158837    0.00037851705429616856  0.5750992683369278    -946177  142662   54       0.5304902966936605   0.023326656819854935 -0.1065013675436678  8884177 
round 11, total revenue = 11971199
12    255379   50.83714507772021    74.54976407747073    0.001466442774540122    0.5153556087227219    12962431 131611   193      0.9348149428738899   0.02865226816514315  1.3211374246055856   9811569 
12    248065   162.6676111111111    61.74211710128629    0.00037955999156533355  0.5735190373490819    -846051  142270   54       0.5329952749506657   0.02332639805557918  -0.09631672220482326 8784051 
round 12, total revenue = 12116380
13    255379   50.35929381443299    74.54943151468905    0.0014803510110644792   0.5131588736740296    13122297 131050   194      0.9422278277097256   0.0286339864794683   1.3431623254053884   9769703 
13    248065   160.78585185185185   61.2133193268424     0.0003807133440027073   0.5717815895027513    -744436  141839   54       0.5353926063360178   0.023326167133161022 -0.08574045348563468 8682436 
round 13, total revenue = 12377861
14    255379   49.59418877551021    74.53369576052202    0.0015028715581557619   0.5106802047153447    13407539 130417   196      0.9486945693205286   0.028614216443508173 1.379311022388753    9720461 
14    248065   156.3309090909091    60.7659526350382     0.0003887008205120957   0.5704029185898857    -513200  141497   55       0.5376809165071981   0.023325959363636763 -0.05968691121397502 8598200 
round 14, total revenue = 12894339
15    255379   49.304530612244896   74.49536701561802    0.0015109233591834848   0.5079587593341661    13464312 129722   196      0.954124734885056    0.02859290862380339  1.3932891873164779   9663688 
15    248065   154.94814545454545   60.38423603435082    0.00038970609075192016  0.5689315300425292    -437148  141132   55       0.5398625956251093   0.023325771177540117 -0.05129551845379827 8522148 
round 15, total revenue = 13027164
16    255379   48.5259494949495     74.46494973998094    0.0015345387471033644   0.5052451454504873    13755862 129029   198      0.958581934243434    0.028570027596554363 1.4316886372781075   9608138 
16    248065   153.76783636363638   60.05489792295402    0.0003905556541807208   0.5676939511821498    -372231  140825   55       0.5419336700472505   0.023325599785821587 -0.04401334195554077 8457231 
round 16, total revenue = 13383631
17    255379   48.01269849246231    74.452793579054      0.0015506896283020337   0.5025080370743091    13927473 128330   199      0.9622640769999611   0.028545553895738145 1.4576831485221613   9554527 
17    248065   152.4829090909091    59.72142307801863    0.00039165978294926937  0.5660935641868059    -301560  140428   55       0.5439232997366342   0.023325442958490518 -0.03595753205128205 8386560 
round 17, total revenue = 13625913
18    255379   47.69764824120603    74.42297650130548    0.001560307043335764    0.49941067981314047   13990168 127539   199      0.9653024127521073   0.028519485712490904 1.473916521067798    9491832 
18    248065   148.4914642857143    59.38555696799166    0.000399925728079071    0.5644730211839639    -83522   140026   56       0.5457968572371832   0.023325298876965984 -0.010044107874406441 8315522 
round 18, total revenue = 13906646
19    255379   47.175245000000004   74.42357720370735    0.0015775981068822718   0.496419047768219     14164951 126775   200      0.9677791111422331   0.028491840202960615 1.501311863881152    9435049 
19    248065   144.59792982456142   59.04070200573066    0.00040830945558739256  0.5627557293451313    136918   139600   57       0.5475900455773807   0.02332516603341771  0.016612064767130442 8242082 
round 19, total revenue = 14301869
20    255379   46.6263880597015     74.39731366743139    0.001595605337736463    0.49327078577330163   14346096 125971   201      0.9697556376508436   0.028462654265434546 1.5307557567811194   9371904 
20    248065   143.37157894736842   58.72253280255235    0.0004095828003966486   0.5610061878943019    206820   139166   57       0.5493271846444113   0.023325043160581743 0.025307812603246625 8172180 
round 20, total revenue = 14552916
