Max revenue's round: 19
This round's info:
round bids     cpc                  cpm                  ctr                     winrate               revenue  imps     clks     auc                  rmse                 roi                  cost    
19    255379   119.15602459016394   72.88561042867887    0.0006116821258460767   0.7809960881669988    -141035  199450   122      0.6365838393122171   0.02480034562976409  -0.009701772060120926 14537035
19    248066   87.09682795698924    53.58173856096738    0.0006151973592818729   0.6093983052897213    5570995  151171   93       0.5283759611841037   0.027005811118023672 0.6877767359402864   8100005 
round 19, total revenue = 5429960


all rounds' info:
round bids     cpc                  cpm                  ctr                     winrate               revenue  imps     clks     auc                  rmse                 roi                  cost    
1     255379   149.45165605095542   92.00559156481471    0.000615621091100158    0.9986216564400362    -4937910 255027   157      0.6294988372056459   0.025865230399379824 -0.2104470226829203  23463910
1     248066   115.68057647058824   82.48861391329879    0.0007130722929468761   0.9610547193085711    5324302  238405   170      0.522881745311189    0.027263346970179365 0.27074055545854514  19665698
round 1, total revenue = 386392
2     255379   143.98131410256408   89.7718043820593     0.0006234962150582329   0.9797281687217821    -4053085 250202   156      0.6307956225645344   0.02512295089952631  -0.18044920804137468 22461085
2     248066   112.23165068493151   75.4199833380128     0.0006720027984774073   0.8758193384018769    5076179  217261   146      0.5232930258495156   0.02706992372617035  0.3097909466971475   16385821
round 2, total revenue = 1023094
3     255379   138.3564210526316    86.70414057249816    0.0006266723287061277   0.9497687750363186    -3094176 242551   152      0.6315364039010474   0.02495853491306457  -0.14713029505792058 21030176
3     248066   101.61182352941177   69.46140700082434    0.0006835957134527616   0.8019962429353479    6172792  198948   136      0.5236274573499541   0.027033749498986213 0.4466820385075614   13819208
round 3, total revenue = 3078616
4     255379   132.4911812080537    83.96931518502765    0.0006337728626116546   0.9205925311008345    -2159186 235100   149      0.6321053353476156   0.024894808476923422 -0.10937468498599831 19741186
4     248066   98.83352845528455    65.46676719263289    0.0006623943131024826   0.7485507889029532    5924476  185690   123      0.5239535085608781   0.027021190203341882 0.48734950879050626  12156524
round 4, total revenue = 3765290
5     255379   132.84631205673762   81.8458802504577     0.0006160944852989369   0.8961621746502257    -2093330 228861   141      0.6325982495469038   0.024863059913546027 -0.11175554538839473 18731330
5     248066   94.82685344827586    62.50377866672728    0.0006591358501716026   0.7094402296163118    6052085  175988   116      0.5242783116435765   0.027015447038986343 0.5501937969520674   10999915
round 5, total revenue = 3958755
6     255379   131.53478676470587   80.05661643939834    0.000608634555226873    0.8749779739132818    -1840731 223451   136      0.6330443954200582   0.024844772008562194 -0.10289891440594641 17888731
6     248066   96.43092452830189    60.406810311203564   0.0006264257094566643   0.6821329807389969    5360322  169214   106      0.5245977433173041   0.027012362678960726 0.5244072450726779   10221678
round 6, total revenue = 3519591
7     255379   127.60625185185185   78.66533935494476    0.0006164693203768225   0.8575059029912405    -1296844 218989   135      0.6334535808391016   0.02483318339718437  -0.07528041700499523 17226844
7     248066   92.99401923076924    58.905368943569755   0.0006334317994944727   0.6618601501213387    5616622  164185   104      0.5249245746083692   0.02701051779849858  0.5807468180852822   9671378 
round 7, total revenue = 4319778
8     255379   126.48117424242425   77.52807084347197    0.0006129613462860115   0.8432486617928647    -1119515 215348   132      0.633828151707266    0.024825323140279902 -0.0670548347864681  16695515
8     248066   90.6066274509804     57.634568732733406   0.0006360966118501057   0.6464126482468375    5752124  160353   102      0.5252386125851221   0.027009323831349626 0.6223978767947114   9241876 
round 8, total revenue = 4632609
9     255379   125.14514615384616   76.60444496762801    0.0006121247792819306   0.8316071407594203    -928869  212375   130      0.6341467702877079   0.024819710247834807 -0.05709487242167848 16268869
9     248066   91.02382653061225    56.64172280886677    0.0006222735844863386   0.6348592713229544    5485665  157487   98       0.5255475466089526   0.027008502298855288 0.6149617699335282   8920335 
round 9, total revenue = 4556796
10    255379   124.5110703125       75.91053584186712    0.0006096689688020958   0.8221114500409196    -833417  209950   128      0.6344502403228123   0.024815535295553245 -0.05229310370683028 15937417
10    248066   88.59140816326531    55.897231522019055   0.0006309554468194694   0.626123692888183     5724042  155320   98       0.5258413470780483   0.02700790816729337  0.659303120332994    8681958 
round 10, total revenue = 4890625
11    255379   123.30950393700788   75.30441911906136    0.0006106943643008271   0.8143191100286241    -674307  207960   127      0.6347301015870934   0.024812323717036486 -0.043058351282640885 15660307
11    248066   90.53489361702128    55.33557876120005    0.0006112071992405426   0.6199721041980764    5307720  153794   94       0.5261378221076272   0.027007460160627984 0.6236833570693326   8510280 
round 11, total revenue = 4633413
12    255379   123.346568           74.77579851984054    0.0006062252053890996   0.8074038977363056    -668321  206194   125      0.6350001300229344   0.02480978145286114  -0.04334589998482974 15418321
12    248066   89.15587234042553    54.8906660378965     0.0006156707864211843   0.6154773326453444    5437348  152679   94       0.5264390667700681   0.027007110016700957 0.6487977307732143   8380652 
round 12, total revenue = 4769027
13    255379   123.78958536585367   74.36625558621701    0.0006007472709956287   0.8017299777977046    -712119  204745   123      0.6352562327778883   0.024807717995069194 -0.046769567478094715 15226119
13    248066   88.18465957446809    54.5567855732526     0.0006186652626036593   0.6124982867462692    5528642  151940   94       0.5267214334930975   0.027006827698106407 0.6669565966387264   8289358 
round 13, total revenue = 4816523
14    255379   122.50722764227643   74.02867628274412    0.0006042800715310393   0.7970428265440777    -554389  203548   123      0.635497436551678    0.02480600534446371  -0.036791524296326567 15068389
14    248066   88.41610752688172    54.29171893776328    0.0006140478297040685   0.6105391307152129    5448302  151454   93       0.5270138298179392   0.027006593768418255 0.6625929834708754   8222698 
round 14, total revenue = 4893913
15    255379   122.34458196721312   73.71720738651797    0.0006025375721686908   0.7928490596329377    -530039  202477   122      0.6357346223422726   0.02480455487278695  -0.035511028746474535 14926039
15    248066   87.8808817204301     54.075533118520035   0.0006153276123303713   0.6092693073617506    5498078  151139   93       0.5272933882524611   0.027006395232840083 0.6727187656997093   8172922 
round 15, total revenue = 4968039
16    255379   121.36791803278689   73.46033746272877    0.0006052698163849516   0.7892700652755317    -410886  201563   122      0.6359426839938074   0.024803303656245095 -0.02774965647739842 14806886
16    248066   87.53130107526881    53.91072067179698    0.0006159021973800977   0.6087009102416292    5530589  150998   93       0.527575398367426    0.027006223158665358 0.6793992342647073   8140411 
round 16, total revenue = 5119703
17    255379   120.51130327868853   73.23652566350522    0.0006077149916314657   0.786094393039365     -306379  200752   122      0.6361612023842164   0.024802206075083804 -0.020838736370488067 14702379
17    248066   87.2780430107527     53.76969448051088    0.0006160735578579189   0.6085316004611676    5554142  150956   93       0.5278497636970093   0.02700607125778952  0.6842724118125512   8116858 
round 17, total revenue = 5247763
18    255379   119.80245901639346   73.05283571496403    0.0006097774312375983   0.7834355996381848    -219900  200073   122      0.6363766511352899   0.024801228468586897 -0.015045258930342982 14615900
18    248066   87.15203225806452    53.664333858601374   0.0006157553928254566   0.6088460329105964    5565861  151034   93       0.528115659585062    0.027005935012258522 0.6867076554763589   8105139 
round 18, total revenue = 5345961
19    255379   119.15602459016394   72.88561042867887    0.0006116821258460767   0.7809960881669988    -141035  199450   122      0.6365838393122171   0.02480034562976409  -0.009701772060120926 14537035
19    248066   87.09682795698924    53.58173856096738    0.0006151973592818729   0.6093983052897213    5570995  151171   93       0.5283759611841037   0.027005811118023672 0.6877767359402864   8100005 
round 19, total revenue = 5429960
20    255379   118.59404918032787   72.74391641863085    0.0006133858901134261   0.7788267633595558    -72474   198896   122      0.6367907779249707   0.02479953844446096  -0.0050090977113412235 14468474
20    248066   88.03040217391305    53.507911758293304   0.00060783445760685     0.6101481057460515    5425203  151357   92       0.5286376446393951   0.027005697121368293 0.6698776373824409   8098797 
round 20, total revenue = 5352729
