Max revenue's round: 20
This round's info:
round bids     cpc                  cpm                  ctr                     winrate               revenue  imps     clks     auc                  rmse                 roi                  cost    
20    255379   101.29110377358491   67.1082922377854     0.0006625289856431219   0.6264923897423046    1771143  159993   106      0.7250609787900414   0.024532087893826403 0.1649591682184088   10736857
20    248066   99.85089655172415    59.60184149679934    0.0005969084260142297   0.5875492812396701    4101972  145751   87       0.5523174879317049   0.02579507476900216  0.4721950936499802   8687028 
round 20, total revenue = 5873115


all rounds' info:
round bids     cpc                  cpm                  ctr                     winrate               revenue  imps     clks     auc                  rmse                 roi                  cost    
1     255379   134.67263200000002   80.06163204352623    0.0005944907354563787   0.8233409951483873    -2084079 210264   125      0.6693637521260207   0.024580084875897128 -0.1238011892423696  16834079
1     248066   112.0930576923077    66.19468292904516    0.0005905332969928228   0.7099400965871986    3630322  176112   104      0.5478728984309842   0.0258176700520577   0.3114103854987245   11657678
round 1, total revenue = 1546243
2     255379   129.03330081300814   78.12270373506074    0.0006054460611549745   0.795507853034118     -1357096 203156   123      0.6725939806104366   0.024568965825976258 -0.08550739028987034 15871096
2     248066   109.53541584158415   64.8184124491733     0.0005917575785982962   0.6880346359436601    3783923  170678   101      0.5482132835774007   0.025812011687979947 0.3420316969682124   11063077
round 2, total revenue = 2426827
3     255379   127.72134745762713   76.5120750138341     0.0005990547119714484   0.7713124415085031    -1147119 196977   118      0.6757642925200962   0.024561474279179134 -0.07611372453498642 15071119
3     248066   107.24138383838385   63.7896668989882     0.0005948232353577351   0.6709343481170333    3936103  166436   99       0.548512352132749    0.02580807487313423  0.3707394919626705   10616897
round 3, total revenue = 2788984
4     255379   124.06302586206897   75.11985196630093    0.0006054974997129107   0.750171314007808     -703311  191578   116      0.6788742553362006   0.024556146848835374 -0.048870530280389325 14391311
4     248066   105.65657731958763   62.93098197180331    0.0005956182148646657   0.6565027049253022    4010312  162856   97       0.5487921070153494   0.025805222759154783 0.39130003762432813  10248688
round 4, total revenue = 3307001
5     255379   123.33519642857144   73.89766113155868    0.0005991611743559018   0.731963082320786     -597542  186928   112      0.6819563334109322   0.02455218633982555  -0.04325769596241138 13813542
5     248066   104.93626315789473   62.2957831852324     0.0005936535313011635   0.6450944506703861    3996055  160026   95       0.549055995349072    0.025803091266357513 0.4008503407331468   9968945 
round 5, total revenue = 3398513
6     255379   120.02277477477477   72.85683504776905    0.0006070250849014814   0.7160299006574542    -224528  182859   111      0.6850241892498725   0.024549128696485678 -0.016853257880186105 13322528
6     248066   102.37888421052632   61.72843533615552    0.0006029410831360553   0.6351575790313868    4239006  157561   95       0.5493078309730925   0.025801459048161925 0.43584295857060984  9725994 
round 6, total revenue = 4014478
7     255379   119.79467592592593   72.04972489530428    0.0006014434643143544   0.7031431715215425    -193825  179568   108      0.6880722255509208   0.02454668912360055  -0.014981266171091355 12937825
7     248066   103.53266304347825   61.2847923717363     0.0005919367914452266   0.6265348737835899    3998995  155422   92       0.5495499608653649   0.025800184743007524 0.4198417743612733   9525005 
round 7, total revenue = 3805170
8     255379   116.73621296296297   71.34698116090478    0.0006111812208910795   0.6919402143480866    136489   176707   108      0.6910700896713239   0.02454468512877151  0.010826006814509223 12607511
8     248066   102.91623076923076   60.95068172203963    0.0005922358530474114   0.6194117694484532    4011623  153655   91       0.5497791334835155   0.025799174350209182 0.4283461306469563   9365377 
round 8, total revenue = 4148112
9     255379   116.22730188679246   70.73440352750697    0.0006085868154833672   0.6820216227645969    187906   174174   106      0.6940400436080718   0.024542995492839254 0.015251994018876804 12320094
9     248066   104.8991590909091    60.67480823709585    0.0005784108162822645   0.6133085549813356    3704874  152141   88       0.5500017296738569   0.025798363213416966 0.40134583798336193  9231126 
round 9, total revenue = 3892780
10    255379   113.96393396226416   70.22787098724523    0.0006162289116002186   0.673563605464819     427823   172014   106      0.696971452487174    0.024541537209460458 0.03541529234215691  12080177
10    248066   103.63375            60.468710631357      0.0005834847299393971   0.6079752968967936    3816230  150818   88       0.5502249370563738   0.0257977055625627   0.4184568251173001   9119770 
round 10, total revenue = 4244053
11    255379   111.91637735849058   69.75196970766011    0.0006232507820033397   0.6659748843875182    644864   170076   106      0.6998911070318652   0.0245402519362705   0.05435864513396795  11863136
11    248066   103.75989655172415   60.29650929785188    0.0005811157422250721   0.6035168060113034    3761889  149712   87       0.5504327423960664   0.025797168183347107 0.4167323299779963   9027111 
round 11, total revenue = 4406753
12    255379   111.03077142857144   69.26847687234485    0.000623867383619025    0.6590400933514502    731769   168305   105      0.7028184960303678   0.024539097727551945 0.06276844231341788  11658231
12    248066   102.87420689655173   60.14782158722051    0.0005846734900975128   0.5998443962493852    3838944  148801   87       0.5506404988403851   0.025796726445621518 0.42892960669743296  8950056 
round 12, total revenue = 4570713
13    255379   109.4152380952381    68.87443421959773    0.000629477533647073    0.6531664702266043    901400   166805   105      0.7056609078060738   0.02453804382212961  0.07846038681823721  11488600
13    248066   102.09889655172415   60.01191779156026    0.0005877822368154364   0.5966718534583538    3906396  148014   87       0.5508571053474058   0.025796361733444947 0.4397804968002626   8882604 
round 13, total revenue = 4807796
14    255379   109.06311538461539   68.55128398837188    0.0006285469083348946   0.6479037039067426    929436   165461   104      0.7084687435201686   0.02453706726242475  0.08194231921459734  11342564
14    248066   101.51712643678161   59.91404983345883    0.000590186621079838    0.5942410487531544    3957010  147411   87       0.5510689201077703   0.025796059736623803 0.4480315308328021   8831990 
round 14, total revenue = 4886446
15    255379   107.78349038461539   68.23816278078773    0.0006331040360382297   0.643240047145615     1062517  164270   104      0.7112893003754008   0.024536150645589623 0.09478733318922916  11209483
15    248066   101.06118390804598   59.840216429592324   0.0005921186959776764   0.5923020486483436    3996677  146930   87       0.5512845242596232   0.02579580928759812  0.45456439669015797  8792323 
round 15, total revenue = 5059194
16    255379   106.58305769230769   67.9334800115218     0.0006373759721515729   0.6389288077719781    1187362  163169   104      0.7140829901805512   0.024535280593947245 0.1071177967201094   11084638
16    248066   100.63671264367815   59.758478769802      0.000593803962788285    0.5906210443994744    4033606  146513   87       0.5514904960227891   0.025795601552663822 0.4606995413341764   8755394 
round 16, total revenue = 5220968
17    255379   105.59026923076924   67.69316311497137    0.0006410928166782762   0.6352245094545753    1290612  162223   104      0.7168592774646256   0.024534446693724288 0.11752721969208264  10981388
17    248066   100.3597356321839    59.71015810925404    0.0005949612933227562   0.5894721566034845    4057703  146228   87       0.5516936074065735   0.025795429458818527 0.4647308412484422   8731297 
round 17, total revenue = 5348315
18    255379   103.71726666666666   67.47113198312341    0.0006505294070269567   0.6320292584746592    1499687  161407   105      0.719608112526126    0.024533640745374338 0.13770834685835018  10890313
18    248066   100.13981609195403   59.66704334545554    0.000595837356947669    0.5886054517749308    4076836  146013   87       0.5519045909455791   0.025795287280570744 0.46794757307139767  8712164 
round 18, total revenue = 5576523
19    255379   102.91511428571428   67.26184977934356    0.0006535662934076947   0.6290924469122363    1583913  160657   105      0.7223473558472089   0.024532856225334517 0.14657599924931197  10806087
19    248066   99.95319540229885    59.62036268897192    0.0005964828082684858   0.5879685245055751    4093072  145855   87       0.5521120540176534   0.02579517033739222  0.4706883497655454   8695928 
round 19, total revenue = 5676985
20    255379   101.29110377358491   67.1082922377854     0.0006625289856431219   0.6264923897423046    1771143  159993   106      0.7250609787900414   0.024532087893826403 0.1649591682184088   10736857
20    248066   99.85089655172415    59.60184149679934    0.0005969084260142297   0.5875492812396701    4101972  145751   87       0.5523174879317049   0.02579507476900216  0.4721950936499802   8687028 
round 20, total revenue = 5873115
