Max revenue's round: 3
This round's info:
round bids     cpc                  cpm                  ctr                     winrate               revenue  imps     clks     auc                  rmse                 roi                  cost    
3     255379   68.11823144104804    79.14575860126945    0.001161888042700654    0.7717666683634912    11422925 197093   229      0.7889108509463637   0.0317918691230612   0.7322822026306047   15599075
3     248066   115.65785567010309   64.95487994812324    0.0005616123485238859   0.6962542226665485    3040188  172717   97       0.5310875976969467   0.024848265216128148 0.2709901904051873   11218812
round 3, total revenue = 14463113


all rounds' info:
round bids     cpc                  cpm                  ctr                     winrate               revenue  imps     clks     auc                  rmse                 roi                  cost    
1     255379   71.17212605042016    81.56870921917512    0.0011460766137769967   0.8131639641474044    11145034 207665   238      0.7859337221578521   0.03179404360620033  0.6579524393637722   16938966
1     248066   116.79218095238095   67.52814687143793    0.0005781906487299079   0.7320672724194368    3171821  181601   105      0.5309116188213718   0.024856623130059863 0.2586459025021163   12263179
round 1, total revenue = 14316855
2     255379   69.65832188841202    80.3226140103432     0.001153094301338678    0.79123577114798      11263611 202065   233      0.7874297552155031   0.03179270151415676  0.6939828121186744   16230389
2     248066   116.79724            66.09655531473004    0.0005659085378621107   0.7123386518104053    3020276  176707   100      0.5309876522411707   0.024851785555335012 0.25859138452244246  11679724
round 2, total revenue = 14283887
3     255379   68.11823144104804    79.14575860126945    0.001161888042700654    0.7717666683634912    11422925 197093   229      0.7889108509463637   0.0317918691230612   0.7322822026306047   15599075
3     248066   115.65785567010309   64.95487994812324    0.0005616123485238859   0.6962542226665485    3040188  172717   97       0.5310875976969467   0.024848265216128148 0.2709901904051873   11218812
round 3, total revenue = 14463113
4     255379   67.38132126696833    77.53044202634456    0.0011506221690008851   0.7520978623927574    11186728 192070   221      0.7903543763492022   0.03179130620287453  0.7512271617898054   14891272
4     248066   116.1862688172043    63.91148479596846    0.0005500777798151028   0.6815403965073811    2865677  169067   93       0.5312177297913043   0.024845623360706757 0.26520974893577914  10805323
round 4, total revenue = 14052405
5     255379   66.42751904761904    74.91423124429407    0.001127758981794748    0.7291515747183598    10830221 186210   210      0.7918000659240078   0.03179088148403382  0.7763722278324265   13949779
5     248066   114.7034945054945    62.92890818110568    0.0005486224151443902   0.6686526972660501    2938982  165870   91       0.531363337481162    0.02484358986979614  0.28156514004861843  10438018
round 5, total revenue = 13769203
6     255379   64.22536585365853    72.65072340613378    0.001131184267158134    0.709635482948872     11023800 181226   205      0.7932027369057002   0.03179052100018494  0.837280308669168    13166200
6     248066   116.23302298850575   62.0247859368483     0.0005336244755759464   0.6572283182701378    2676727  163036   87       0.5315159579621662   0.024841991040993883 0.264700824433834    10112273
round 6, total revenue = 13700527
7     255379   62.24513197969544    69.6919067917022     0.001119636260301222    0.6889759925444143    10983709 175950   197      0.7946192252930259   0.03179018227914919  0.895730577589457    12262291
7     248066   113.05391954022988   61.24340597758406    0.0005417185554171855   0.647408351003362     2953309  160600   87       0.5316752485039224   0.024840711045167833 0.3002645162398859   9835691 
round 7, total revenue = 13937018
8     255379   60.52295698924731    66.14725152040427    0.0010929282839263156   0.666401701001257     10690730 170185   186      0.7960295541139849   0.03178984077067422  0.9496734110490377   11257270
8     248066   111.5333488372093    60.53102952127324    0.0005427168658732062   0.6387896769408141    3050132  158462   86       0.5318419472949727   0.024839670234290404 0.31799144858957606  9591868 
round 8, total revenue = 13740862
9     255379   58.417259668508294   63.685185631339294   0.0010901775604114968   0.6501239334479343    10784476 166028   181      0.7974644001278526   0.03178948240251479  1.0199509643142626   10573524
9     248066   111.50646428571429   59.85699952710216    0.0005368029549724569   0.630807930147622     2981457  156482   84       0.5320222762101685   0.02483881237648027  0.31830922038152176  9366543 
round 9, total revenue = 13765933
10    255379   57.01555617977528    62.220778743049124   0.0010912947783384118   0.6386938628469843    10855231 163109   178      0.7988458682779004   0.03178909935305453  1.069610609917321    10148769
10    248066   113.25876543209877   59.27402889411521    0.0005233504768304344   0.6239146033716834    2733040  154772   81       0.5322125179429248   0.024838096853014517 0.2979127879345452   9173960 
round 10, total revenue = 13588271
11    255379   56.244664772727276   61.46423559799819    0.0010928011722776212   0.6306469991659455    10868939 161054   176      0.8001967656071607   0.03178868758028817  1.097976767695441    9899061 
11    248066   112.6483375          58.792344878427485   0.0005219104532139898   0.6179121685357929    2748133  153283   80       0.5324079006315968   0.024837493729119454 0.30494602283855277  9011867 
round 11, total revenue = 13617072
12    255379   55.57401142857143    60.99144591611479    0.0010974814368854104   0.6243896326636098    10924548 159456   175      0.8014818524343453   0.03178824534264619  1.1232946293910042   9725452 
12    248066   111.99697468354431   58.28372583248246    0.0005204044662560521   0.6119540767376423    2765239  151805   79       0.5325988014612653   0.02483698054951686  0.3125354538848868   8847761 
round 12, total revenue = 13689787
13    255379   54.80961714285714    60.663468531999264   0.0011068033621523846   0.6191307820924978    11058317 158113   175      0.8027618542141121   0.031787772296259495 1.1529068464835628   9591683 
13    248066   110.31448101265823   57.88363288566533    0.000524714727878957    0.606927188732031     2898156  150558   79       0.5327968996292158   0.02483654020190864  0.3325539734274073   8714844 
round 13, total revenue = 13956473
14    255379   54.149508571428576   60.38388601432467    0.0011151326689266688   0.6145062828188692    11173836 156932   175      0.8040432256271861   0.03178726893559088  1.17915181712769     9476164 
14    248066   111.61372727272729   57.50397778595564    0.0005152052457261384   0.602480791402288     2724743  149455   77       0.5329994005645402   0.024836159460170523 0.3170422992935864   8594257 
round 14, total revenue = 13898579
15    255379   53.53753714285715    60.122882334822116   0.0011230042609990246   0.6101989591939823    11280931 155832   175      0.8053099169926545   0.03178673624295298  1.204061043845445    9369069 
15    248066   110.22912987012987   57.17394057378429    0.0005186826807137613   0.598441543782703     2831357  148453   77       0.5331979205545145   0.024835827970887358 0.33358577876095874  8487643 
round 15, total revenue = 14112288
16    255379   53.035468571428574   59.918958527011675   0.0011297903109182936   0.6065338183640785    11368793 154896   175      0.8065799681215957   0.03178617546739785  1.2249261329911076   9281207 
16    248066   111.93138666666667   56.894592378228545   0.0005082988254908472   0.5948054146880266    2630146  147551   75       0.5333966514555009   0.024835537535472966 0.3133045553859543   8394854 
round 16, total revenue = 13998939
17    255379   52.60017142857143    59.73839793885352    0.0011357072860489717   0.6033738091229114    11444970 154089   175      0.8078361867108339   0.031785587984945095 1.243338696343195    9205030 
17    248066   112.32186486486486   56.629271815555676   0.0005041696190112825   0.5916812461199842    2566182  146776   74       0.5335951187177222   0.024835281593295948 0.3087389545824993   8311818 
round 17, total revenue = 14011152
18    255379   52.243365714285716   59.6051073761621     0.0011409124691953633   0.6006210377517337    11507411 153386   175      0.809098852413763    0.031784975210582246 1.2586599922625856   9142589 
18    248066   112.82724657534247   56.37385269296318    0.000499647508949166    0.5889682584473487    2494611  146103   73       0.53380210151205     0.02483505484396482  0.3028767825317624   8236389 
round 18, total revenue = 14002022
19    255379   51.94504             59.50371146167441    0.0011455128624729986   0.598208936521797     11559618 152770   175      0.8103214128319961   0.03178433854353724  1.2716317092064997   9090382 
19    248066   111.92930136986301   56.16893633695152    0.0005018251311275941   0.5864124869994276    2560161  145469   73       0.5340007005936538   0.024834852967537725 0.31332902288247266  8170839 
round 19, total revenue = 14119779
20    255379   51.666491428571426   59.40198802977446    0.0011497197968609364   0.5960200329706045    11608364 152211   175      0.8115122371060753   0.03178367933408032  1.283878713984947    9041636 
20    248066   112.55602777777779   55.94390445947812    0.0004970316167333977   0.5839574951827337    2479966  144860   72       0.534195766915808    0.024834672414674713 0.30601623833266245  8104034 
round 20, total revenue = 14088330
