Max revenue's round: 18
This round's info:
round bids     cpc                  cpm                  ctr                     winrate               revenue  imps     clks     auc                  rmse                 roi                  cost    
18    255379   59.28681656804734    67.14203768729729    0.0011324952421797518   0.5843393544496611    9922528  149228   169      0.7206961997694653   0.029914258924414103 0.9903244402499453   10019472
18    248066   137.42170833333336   52.58232227412592    0.00038263475917924846  0.5056960647569598    459758   125446   48       0.531362036139308    0.02217543128755447  0.06969998978206075  6596242 
round 18, total revenue = 10382286


all rounds' info:
round bids     cpc                  cpm                  ctr                     winrate               revenue  imps     clks     auc                  rmse                 roi                  cost    
1     255379   77.28487790697675    71.52888221651843    0.0009255223551315372   0.7277066634296477    7003001  185841   172      0.6595061813968494   0.029927195059656776 0.5268187412035463   13292999
1     248066   160.4881884057971    66.80674119343377    0.0004162720126450165   0.6681971733329033    -930685  165757   69       0.5324996542053653   0.02219170296593986  -0.08404474210707637 11073685
round 1, total revenue = 6072316
2     255379   76.26705421686748    70.4431851060515     0.0009236384678729608   0.7037540283265264    6927669  179724   166      0.6632527573899076   0.029925246780784367 0.5471949351087266   12660331
2     248066   157.34428787878787   64.87856732307077    0.0004123350659736106   0.6452476357098514    -682723  160064   66       0.5322883426082992   0.022187782018111914 -0.06574301500386674 10384723
round 2, total revenue = 6244946
3     255379   74.10701219512195    69.58763476876743    0.0009390155223846414   0.6838894349182979    7198450  174651   164      0.6670914959690635   0.02992386293901194  0.5922919640763399   12153550
3     248066   155.4680158730159    63.13035379349907    0.0004060665046697648   0.625426297840091     -533485  155147   63       0.5321359086636697   0.022185031169921775 -0.05446789698488486 9794485 
round 3, total revenue = 6664965
4     255379   72.17947239263805    69.04410746352742    0.0009565615427048978   0.6672514184799847    7468746  170402   163      0.6709335547973749   0.02992280510537439  0.6348138340234728   11765254
4     248066   152.6626557377049    61.670852041694815   0.00040396815936212765  0.6087170349826256    -345422  151002   61       0.5320156739517596   0.02218302364176913  -0.03709260598370649 9312422 
round 4, total revenue = 7123324
5     255379   70.41214110429448    68.66970012444955    0.0009752536856212905   0.6544625830628203    7756821  167136   163      0.6747778043055416   0.029921943121558804 0.6758473488999344   11477179
5     248066   156.57671929824562   60.492849202906406   0.0003863463832556122   0.5947449469092903    -545873  147536   57       0.5319257210644603   0.02218151145587596  -0.06116311122858555 8924873 
round 5, total revenue = 7210948
6     255379   68.97889570552147    68.38857226273821    0.000991441970232411    0.6437765047243509    7990440  164407   163      0.678586660642297    0.029921201972963007 0.7106681513684278   11243560
6     248066   150.48538596491227   59.3976012907604     0.0003947067744146914   0.5821474930058936    -198667  144411   57       0.5318477354484592   0.02218034235271802  -0.02316095973415615 8577667 
round 6, total revenue = 7791773
7     255379   68.07482716049383    68.13118258312431    0.0010008278452547168   0.633826587150862     8087878  161866   162      0.6823127332410851   0.02992053652950042  0.7333866999295074   11028122
7     248066   148.10835714285713   58.51359473988684    0.00039507287683603065  0.5714043843170769    -62068   141746   56       0.531789419794951    0.022179418566081938 -0.007483420680901097 8294068 
round 7, total revenue = 8025810
8     255379   66.914               67.91171532389424    0.001014910412229044    0.6250318154585929    8275932  159620   162      0.6860139210858927   0.02991991868631478  0.7634575724063724   10840068
8     248066   146.07165454545455   57.6529673484033     0.0003946896304269824   0.5617456644602646    51059    139350   55       0.5317329223732699   0.022178674950581338 0.006355411372824371 8033941 
round 8, total revenue = 8326991
9     255379   65.98024074074074    67.72950144472044    0.001026511887261114    0.6179678047137783    8427201  157816   162      0.6896661266983117   0.0299193304424511   0.7884142081818547   10688799
9     248066   142.1030181818182    56.93976482930454    0.00040069356413282626  0.5533285496601711    269334   137262   55       0.531688326105366    0.022178066721497733 0.03446078683505667  7815666 
round 9, total revenue = 8696535
10    255379   65.17592592592592    67.58564625153626    0.0010369725522326916   0.6117339327039419    8557500  156224   162      0.6932409739283425   0.029918759999555823 0.8104844438130416   10558500
10    248066   141.16061111111114   56.282472902330255   0.0003987123069198736   0.5459676053953383    315327   135436   54       0.5316458125393729   0.022177562259562605 0.041366985045796924 7622673 
round 10, total revenue = 8872827
11    255379   64.50127160493827    67.47909926316265    0.0010461669604975106   0.6063576096703331    8666794  154851   162      0.6967884890042418   0.02991819947581112  0.8294212976564918   10449206
11    248066   146.17717647058822   55.714843020170846   0.0003811459789099225   0.5394008046245757    41964    133807   51       0.5316138777767376   0.02217713872023078  0.00562894666102216  7455036 
round 11, total revenue = 8708758
12    255379   63.919172839506174   67.3919376252831     0.0010543305651732487   0.6016626269192064    8761094  153652   162      0.7002859436225116   0.029917643521415887 0.8460814612899431   10354906
12    248066   143.08817647058822   55.14536922286371    0.0003853943112776955   0.5334548063821725    199503   132332   51       0.5315617771702019   0.02217677926285204  0.027338551834964784 7297497 
round 12, total revenue = 8960597
13    255379   61.893277108433736   67.31849929892152    0.001087654466590662    0.5976294057068122    9313716  152622   166      0.703728665473773    0.029917088456035804 0.9065075483605476   10274284
13    248066   140.1251960784314    54.590895896354695   0.00038958657988816573  0.5277143985874727    350615   130908   51       0.5315228670091026   0.022176471250276327 0.04906186834322528  7146385 
round 13, total revenue = 9664331
14    255379   61.123263473053896   67.26225306079417    0.0011004362208252613   0.594246198786901     9498415  151758   167      0.7071447055289851   0.029916531718202997 0.9305251927855609   10207585
14    248066   140.42084            54.13377230180882    0.00038551095622137583  0.5228366644360775    328958   129698   50       0.5314845849644526   0.022176205048622964 0.046853159402835076 7021042 
round 14, total revenue = 9827373
15    255379   60.79020958083832    67.22131728279798    0.0011057918330320546   0.5913681234557265    9554035  151023   167      0.7105653152054575   0.02991597150639098  0.9411020428064911   10151965
15    248066   138.00006            53.6923430083262     0.0003890747801727492   0.5180476163601622    449997   128510   50       0.5314540056109973   0.022175973208775755 0.06521692816655297  6900003 
round 15, total revenue = 10004032
16    255379   60.11947619047619    67.18734492140467    0.0011175637111097807   0.5886427623257982    9723928  150327   168      0.7139792501542461   0.029915406540767235 0.9627582852874712   10100072
16    248066   138.6032244897959    53.29763707848415    0.0003845338899919169   0.5136818427354011    411442   127427   49       0.5314255089594531   0.02217576989678926  0.06058138648009779  6791558 
round 16, total revenue = 10135370
17    255379   59.54231952662722    67.16987630916701    0.0011281031179702155   0.5866144044733513    9879348  149809   169      0.7173475060051157   0.029914835902575408 0.9817837285836776   10062652
17    248066   139.2704375          52.8925293540526     0.00037978289078077033  0.5094934412615998    371019   126388   48       0.5313945329008719   0.022175590490254565 0.055500382125244635 6684981 
round 17, total revenue = 10250367
18    255379   59.28681656804734    67.14203768729729    0.0011324952421797518   0.5843393544496611    9922528  149228   169      0.7206961997694653   0.029914258924414103 0.9903244402499453   10019472
18    248066   137.42170833333336   52.58232227412592    0.00038263475917924846  0.5056960647569598    459758   125446   48       0.531362036139308    0.02217543128755447  0.06969998978206075  6596242 
round 18, total revenue = 10382286
19    255379   59.13128402366864    67.14227068719933    0.0011354779757585531   0.5828043809397014    9948813  148836   169      0.7240693846500089   0.029913675114452136 0.9955595747382692   9993187 
19    248066   141.6079347826087    52.283628570740596   0.0003692139755516137   0.5022413389984923    248035   124589   46       0.5313341345454526   0.022175289295310867 0.038077422890666436 6513965 
round 19, total revenue = 10196848
20    255379   58.96972781065089    67.13293364769282    0.0011384304479622768   0.581292901922241     9976116  148450   169      0.727435809229437    0.02991308410361101  1.0010267026989277   9965884 
20    248066   139.9439347826087    51.99477420866011    0.000371540033438603    0.4990970145042045    324579   123809   46       0.5313061998928367   0.022175162070889137 0.05042065758942906  6437421 
round 20, total revenue = 10300695
