Max revenue's round: 20
This round's info:
round bids     cpc                  cpm                  ctr                     winrate               revenue  imps     clks     auc                  rmse                 roi                  cost    
20    255379   59.11992             65.52765051872433    0.0011083853042887122   0.5299261098210895    8832012  135332   150      0.8329695110849265   0.028558672669373956 0.9959431609515034   8867988 
20    248065   130.58207317073172   49.54621592107942    0.00037942586388791207  0.4356035716445287    673135   108058   41       0.5313735730638105   0.023238320380365957 0.1257287959259339   5353865 
round 20, total revenue = 9505147


all rounds' info:
round bids     cpc                  cpm                  ctr                     winrate               revenue  imps     clks     auc                  rmse                 roi                  cost    
1     255379   62.234496402877696   64.94538206279374    0.0010435592126007897   0.5215699019888088    7751405  133198   139      0.7745147198049598   0.028572110415149354 0.896054548848952    8650595 
1     248065   136.48020370370372   58.02181546213195    0.00042512990080302316  0.5120432144800758    568069   127020   54       0.5291851030772463   0.02324118296234     0.0770792833745662   7369931 
round 1, total revenue = 8319474
2     255379   61.64963309352518    64.78886326692624    0.001050920500510339    0.5179165084051547    7832701  132265   139      0.7779922400921198   0.02857153933491137  0.9140422104538539   8569299 
2     248065   135.19515094339624   57.247177725402466   0.0004234410578036991   0.5045653356983049    625657   125165   53       0.5293221477063581   0.023240818193664265 0.08731710401023371  7165343 
round 2, total revenue = 8458358
3     255379   60.74512142857143    64.66374433529       0.0010645092612305727   0.5149836125914817    8015683  131516   140      0.7814657664193474   0.02857095563452666  0.9425428285422568   8504317 
3     248065   131.91054716981134   56.585559116809115   0.00042896917896917896  0.49806300767943884   799741   123552   53       0.5294574465440163   0.02324050723733581  0.11439155665667658  6991259 
round 3, total revenue = 8815424
4     255379   60.467285714285715   64.59095695167173    0.0010681967313180022   0.5132058626590283    8054580  131062   140      0.7848731205183972   0.028570357190517585 0.9514684445662471   8465420 
4     248065   136.53968            55.94971316177676    0.0004097688903458449   0.49188720698204097   523016   122020   50       0.5295879896049557   0.023240239130653737 0.07661011070188534  6826984 
round 4, total revenue = 8577596
5     255379   60.28120714285714    64.55028644419119    0.0010708194063071264   0.5119489073103114    8080631  130741   140      0.7882213902618258   0.028569742902922874 0.9574923196272138   8439369 
5     248065   136.55379591836734   55.416347117431236   0.00040582062728274104  0.48673936266704293   511864   120743   49       0.5297159440785675   0.023240005613102042 0.07649881873571245  6691136 
round 5, total revenue = 8592495
6     255379   60.207707142857146   64.53970429469462    0.001071950874022802    0.5114085339828255    8090921  130603   140      0.7915348206740116   0.028569112292105462 0.959881975243084    8429079 
6     248065   139.58991489361702   54.8909080260703     0.00039322975494256336  0.48182129683752245   348274   119523   47       0.5298422129604307   0.02323980036194137  0.05308467386078919  6560726 
round 6, total revenue = 8439195
7     255379   59.7631560283688     64.54992186542468    0.0010800955999509744   0.5111775048065816    8211395  130544   141      0.7947934419552928   0.028568465251876958 0.9744606517096743   8426605 
7     248065   137.03627659574468   54.40060307110158    0.00039697957666773656  0.47727007034446617   468295   118394   47       0.5299608966794264   0.023239618469671007 0.07270865534130193  6440705 
round 7, total revenue = 8679690
8     255379   58.968790209790214   64.5785430930172     0.0010951308796275023   0.5113106402640781    8441463  130578   143      0.7979774530648767   0.028567801896146074 1.0010585189249688   8432537 
8     248065   137.50336956521738   53.928866796831706   0.00039220032910723267  0.47280753028440126   436845   117287   46       0.5300766908125678   0.023239456079302723 0.06906471066716942  6325155 
round 8, total revenue = 8878308
9     255379   58.67140277777778    64.62102461336066    0.0011014058221535544   0.5119528230590612    8543318  130742   144      0.8011227433891994   0.028567122462737213 1.0112012737608067   8448682 
9     248065   135.22939130434784   53.48298068077277    0.00039549819876363824  0.4688650152177857    541448   116309   46       0.5301845385846098   0.023239310125008298 0.08704179307559844  6220552 
round 9, total revenue = 9084766
10    255379   58.81789583333334    64.6755219230593     0.0010995891812642222   0.512798624789039     8522223  130958   144      0.8042005489163524   0.028566427252792355 1.0061921346925662   8469777 
10    248065   139.2041590909091    53.078868918661286   0.0003813023207445794   0.4651764658456453    343017   115394   44       0.5302979247295393   0.023239178144597143 0.05600293094691038  6124983 
round 10, total revenue = 8865240
11    255379   59.03884027777778    64.74888233905301    0.0010967167043663033   0.5141417266102538    8490407  131301   144      0.8072040255365923   0.028565716592651516 0.998684246587669    8501593 
11    248065   137.07825            52.67221790426953    0.00038424927298290963  0.46160885251849315   436557   114509   44       0.5304107991769738   0.02323905814187846  0.07238019160588934  6031443 
round 11, total revenue = 8926964
12    255379   59.26202777777778    64.81742089352717    0.0010937428792781297   0.5155396489139671    8458268  131658   144      0.8101973953755944   0.028564990810100974 0.9911569756350446   8533732 
12    248065   135.07729545454544   52.28185256861365    0.00038705137227304715  0.458266986475319     524599   113680   44       0.5305325530809396   0.02323894848425605  0.08826579259922054  5943401 
round 12, total revenue = 8982867
13    255379   59.08526206896552    64.89443266171793    0.0010983184366005151   0.5169571499614298    8542637  132020   145      0.8131315683530616   0.028564250219884884 0.9971139310894146   8567363 
13    248065   136.27941860465117   51.90677177908676    0.00038088489304220736  0.4551024932981275    460985   112895   43       0.5306452469292582   0.023238847825591664 0.07866618088861548  5860015 
round 13, total revenue = 9003622
14    255379   59.352620689655176   64.98085940154483    0.0010948271305713487   0.5186056801851366    8503870  132441   145      0.8160328333508031   0.02856349511522082  0.988117771867262    8606130 
14    248065   137.41580952380954   51.505635625362544   0.00037481593860157956  0.45171628403845765   402536   112055   42       0.5307561347864178   0.02323875504744615  0.06974590849046274  5771464 
round 14, total revenue = 8906406
15    255379   59.23303424657534    65.07361395376836    0.0010986034192150252   0.5203873458663398    8579977  132896   146      0.8189339670916453   0.028562725763212702 0.9921316120458976   8648023 
15    248065   135.623              51.1702150595591     0.0003772974721069369   0.44874528853324736   477834   111318   42       0.5308591063823307   0.023238669213859    0.08388695132831452  5696166 
round 15, total revenue = 9057811
16    255379   59.50989041095891    65.16300418497907    0.0010949945250273748   0.5221024438187948    8539556  133334   146      0.8218116621004892   0.028561942402785253 0.9828636750147668   8688444 
16    248065   137.06353658536585   50.81982112335977    0.0003707756445618065   0.4457662306250378    407395   110579   41       0.5309637635699919   0.023238589536219302 0.07249530883398388  5619605 
round 16, total revenue = 8946951
17    255379   59.395972789115646   65.24396221903396    0.001098457675753228    0.5240211607062445    8614792  133824   147      0.8246551740625868   0.028561145244234767 0.9866666788833802   8731208 
17    248065   135.25739024390245   50.46136837220306    0.0003730766080966723   0.44301695120230583   481447   109897   41       0.5310639057797557   0.02323851534574042  0.08681677012193374  5545553 
round 17, total revenue = 9096239
18    255379   58.92669127516779    65.3449707885238     0.0011089197335615673   0.5261395807799388    8801923  134365   149      0.8274666405902961   0.02856033446979689  1.0024881330767372   8780077 
18    248065   133.62219512195122   50.14838071874485    0.0003752997821430533   0.44039263902606174   548490   109246   41       0.5311705194578391   0.023238446071721444 0.10011663755291128  5478510 
round 18, total revenue = 9350413
19    255379   58.81692666666667    65.43502510587484    0.001112520303495539    0.5279564881998912    8877461  134829   150      0.8302669315305886   0.028559510234833437 1.0062251920903948   8822539 
19    248065   132.05953658536586   49.84617438295757    0.00037745228911004115  0.43788120049180657   612559   108623   41       0.5312823705102834   0.023238381224253035 0.1131343013987963   5414441 
round 19, total revenue = 9490020
20    255379   59.11992             65.52765051872433    0.0011083853042887122   0.5299261098210895    8832012  135332   150      0.8329695110849265   0.028558672669373956 0.9959431609515034   8867988 
20    248065   130.58207317073172   49.54621592107942    0.00037942586388791207  0.4356035716445287    673135   108058   41       0.5313735730638105   0.023238320380365957 0.1257287959259339   5353865 
round 20, total revenue = 9505147
