Max revenue's round: 20
This round's info:
round bids     cpc                  cpm                  ctr                     winrate               revenue  imps     clks     auc                  rmse                 roi                  cost    
20    255379   44.057048648648646   62.78059864742039    0.0014249842096344337   0.5083659972041554    13679446 129826   185      0.8445597995125299   0.03101522584686939  1.678345545591134    8150554 
20    248065   114.06726666666667   48.56543952768868    0.0004257614033095853   0.4260697800979582    1481973  105693   45       0.48019527542238394  0.02474967035254326  0.28871326801904607  5133027 
round 20, total revenue = 15161419


all rounds' info:
round bids     cpc                  cpm                  ctr                     winrate               revenue  imps     clks     auc                  rmse                 roi                  cost    
1     255379   46.83586046511628    61.96029688882052    0.0013229242779679267   0.509106073717886     12240232 130015   172      0.8024867940075919   0.031038010584366286 1.51943700464065     8055768 
1     248065   125.6204             54.07772841546992    0.00043048524296587115  0.4682159917763489    1068980  116148   50       0.47731013766077107  0.02475079410644652  0.17019210255659112  6281020 
round 1, total revenue = 13309212
2     255379   46.12512643678161    61.95211041467255    0.0013431315033809862   0.507277419051684     12506228 129548   174      0.8050862739878208   0.031037030367408715 1.5582585700166913   8025772 
2     248065   126.02030612244899   53.61216020281475    0.0004254247736132455   0.4643097575232298    1028005  115179   49       0.47743687991564104  0.024750680082441    0.1664786773106699   6174995 
round 2, total revenue = 13534233
3     255379   45.99399425287356    61.95148667373685    0.0013469473064924408   0.5058403392604717    12529045 129181   174      0.807646828337047    0.03103601856653318  1.5655523491010508   8002955 
3     248065   124.06175510204082   53.19320627920408    0.0004287639348278819   0.46069376977808235   1123974  114282   49       0.47758264943113526  0.02475057764555044  0.18489376423130943  6079026 
round 3, total revenue = 13653019
4     255379   45.87539655172414    61.95576649927429    0.0013505227454419858   0.5045011531880068    12549681 128839   174      0.8101526678164406   0.031034976985160313 1.5721848500416984   7982319 
4     248065   122.18638775510205   52.78913909853989    0.00043203780771672426  0.4572027492794227    1215867  113416   49       0.4777322933957945   0.0247504850700507   0.20308000507087448  5987133 
round 4, total revenue = 13765548
5     255379   45.29525568181818    61.98654049514805    0.001368499626772829    0.5035966152267806    12796035 128608   176      0.8126043002206178   0.03103390727584661  1.6051293501664896   7971965 
5     248065   123.0088125          52.42923359705906    0.00042622339433655667  0.45398181928123676   1151577  112617   48       0.47787548879095315  0.024750400946114713 0.1950363312384631   5904423 
round 5, total revenue = 13947612
6     255379   45.27503409090909    62.01769842628769    0.0013697990442538487   0.5031188938792931    12799594 128486   176      0.8150057879065031   0.031032810943471576 1.6062929022441879   7968406 
6     248065   121.55864583333333   52.11750256799607    0.00042874369166182844  0.45131316388849696   1221185  111955   48       0.4780294583392688   0.02475032411313629  0.20929283961873685  5834815 
round 6, total revenue = 14020779
7     255379   44.999468926553675   62.049858604114895   0.0013789020200525074   0.5026372567830558    12921094 128363   177      0.8173623357689067   0.03103168935173144  1.6222531690895035   7964906 
7     248065   120.00591666666668   51.76573564829793    0.00043135986196484415  0.44857597807026384   1295716  111276   48       0.47817716507934555  0.024750253608847445 0.22493960367231894  5760284 
round 7, total revenue = 14216810
8     255379   44.74111797752809    62.08521602195301    0.0013876545519746792   0.5022887551443149    13040081 128274   178      0.8196435713423825   0.03103054373131722  1.637394981038858    7963919 
8     248065   121.14223404255318   51.45345527169542    0.000424735895605339    0.44608066434200716   1215315  110657   47       0.47832662328274334  0.024750188630099083 0.21344963762484226  5693685 
round 8, total revenue = 14255396
9     255379   44.7622191011236     62.12369888113524    0.0013878601224123815   0.5022143559180668    13036325 128255   178      0.8219041301538536   0.031029375188798964 1.6361517004646902   7967675 
9     248065   119.66934042553191   51.11285896037804    0.0004271174118502363   0.44359341301674965   1284541  110040   47       0.47847693068047853  0.02475012850235172  0.22838480998794727  5624459 
round 9, total revenue = 14320866
10    255379   44.56141899441341    62.17743167609872    0.001395319832249817    0.5023357441293137    13145506 128286   179      0.8241275882212216   0.031028184715634684 1.6480305758394602   7976494 
10    248065   121.06213043478262   50.83811540884235    0.0004199340886060927   0.44158184346844576   1193142  109541   46       0.4786368711264797   0.024750072655738472 0.21425254513582498  5568858 
round 10, total revenue = 14338648
11    255379   44.36133888888889    62.226109115279414   0.0014027103481059513   0.5024806268330598    13254959 128323   180      0.8262972994022433   0.031026973196967733 1.6599738185439499   7985041 
11    248065   119.84910869565218   50.55208744051276    0.0004217977754752102   0.439630741942636     1248941  109057   46       0.47879890802100145  0.024750020606135133 0.22654228804734358  5513059 
round 11, total revenue = 14503900
12    255379   44.45484444444445    62.28737341107055    0.0014011380354487922   0.5030444946530451    13238128 128467   180      0.8284503485724402   0.03102574142002713  1.6543788753431696   8001872 
12    248065   121.42924444444445   50.31459536108579    0.00041435319466313084  0.4378005764618144    1150684  108603   45       0.4789578665860499   0.024749971940079066 0.21058152566579239  5464316 
round 12, total revenue = 14388812
13    255379   44.29770718232044    62.35474588793405    0.0014076291946961154   0.5035065530055329    13340115 128585   181      0.8305652496721392   0.031024490082038517 1.6637947538534164   8017885 
13    248065   120.29082222222223   50.050734151934314   0.00041608107108513946  0.4359825045854917    1201913  108152   45       0.47911366720965565  0.024749926302671574 0.22203836738629917  5413087 
round 13, total revenue = 14542028
14    255379   44.13862637362637    62.41147039172118    0.001413987600416427    0.5040116845942697    13442770 128714   182      0.8326385592191032   0.03102321979760889  1.6733953839240256   8033230 
14    248065   119.2154             49.799426322336295   0.00041772645415220097  0.43426521274665913   1250307  107726   45       0.4792612412631171   0.024749883387811103 0.23306217149797762  5364693 
round 14, total revenue = 14693077
15    255379   44.23268681318681    62.469728714653755   0.001412297855169631    0.5046147099017538    13425651 128868   182      0.8347105834109466   0.031021931105582157 1.6677104309390811   8050349 
15    248065   118.2982             49.58336670920149    0.0004191388094594972   0.4328018866023018    1291581  107363   45       0.47941704188672296  0.024749842930260564 0.2426224574845602   5323419 
round 15, total revenue = 14717232
16    255379   44.09273224043716    62.53125024217485    0.001418175900309209    0.5052843029379863    13525030 129039   183      0.8367353985721195   0.03102062447538117  1.6761780004139315   8068970 
16    248065   117.28477777777778   49.3438201196709     0.00042071802543006733  0.4311773123979602    1337185  106960   45       0.4795727363610367   0.024749804699168175 0.2533595815692668   5277815 
round 16, total revenue = 14862215
17    255379   44.210874316939886   62.60612860790838    0.0014160798576182002   0.5060322109492167    13503410 129230   183      0.8387262232312103   0.03101930031286217  1.6690266099258522   8090590 
17    248065   116.31622222222222   49.106201332207526   0.00042217844075429216  0.42968576784310564   1380770  106590   45       0.4797291738803956   0.02474976849274733  0.2637962030709388   5234230 
round 17, total revenue = 14884180
18    255379   44.069478260869566   62.66109252204286    0.0014218705325059694   0.5067252984779484    13603216 129407   184      0.8406880083857202   0.03101795896571243  1.677590129420145    8108784 
18    248065   115.49251111111111   48.91171322090047    0.0004235054961602168   0.42833934654223693   1417837  106256   45       0.4798874690123679   0.02474973413388641  0.272809800269878    5197163 
round 18, total revenue = 15021053
19    255379   44.17797282608696    62.71455464259538    0.0014195887821625583   0.5075397742179271    13583253 129615   184      0.8426414466662363   0.0310166007284231   1.6710143642064392   8128747 
19    248065   114.7653111111111    48.735375439987166   0.0004246524927101322   0.42718239171184974   1450561  105969   45       0.4800415447099757   0.024749701466509077 0.2808748442957696   5164439 
round 19, total revenue = 15033814
20    255379   44.057048648648646   62.78059864742039    0.0014249842096344337   0.5083659972041554    13679446 129826   185      0.8445597995125299   0.03101522584686939  1.678345545591134    8150554 
20    248065   114.06726666666667   48.56543952768868    0.0004257614033095853   0.4260697800979582    1481973  105693   45       0.48019527542238394  0.02474967035254326  0.28871326801904607  5133027 
round 20, total revenue = 15161419
