Max revenue's round: 3
This round's info:
round bids     cpc                  cpm                  ctr                     winrate               revenue  imps     clks     auc                  rmse                 roi                  cost    
3     255379   37.76613068181818    68.50222093969968    0.0018138533046139895   0.37994901695127636   14121161 97031    176      0.90992151569845     0.028692594981161    2.1244927099934268   6646839 
3     248065   130.56065789473683   48.80964327174704    0.00037384648682683037  0.40975550762904883   624695   101646   38       0.5251327809073947   0.023324221452827972 0.12591344414423222  4961305 
round 3, total revenue = 14745856


all rounds' info:
round bids     cpc                  cpm                  ctr                     winrate               revenue  imps     clks     auc                  rmse                 roi                  cost    
1     255379   36.66231360946745    66.95842609203103    0.001826355717898286    0.36233989482298856   13746069 92534    169      0.9066938662663467   0.02870215155194973  2.218563925259981    6195931 
1     248065   129.9395             48.805015221602815   0.00037559799153916103  0.40784471811823514   648299   101172   38       0.5245343144943838   0.023324269864368117 0.1312957183920209   4937701 
round 1, total revenue = 14394368
2     255379   37.44938953488372    67.84738460890266    0.0018117086940950937   0.37175335481774147   13854705 94938    172      0.9083283304437471   0.028697368487622155 2.1509191862816404   6441295 
2     248065   130.39855263157895   48.83889058634522    0.0003745355266659439   0.40900167294862233   630855   101459   38       0.5248320986658421   0.023324247394190763 0.1273131260538289   4955145 
round 2, total revenue = 14485560
3     255379   37.76613068181818    68.50222093969968    0.0018138533046139895   0.37994901695127636   14121161 97031    176      0.90992151569845     0.028692594981161    2.1244927099934268   6646839 
3     248065   130.56065789473683   48.80964327174704    0.00037384648682683037  0.40975550762904883   624695   101646   38       0.5251327809073947   0.023324221452827972 0.12591344414423222  4961305 
round 3, total revenue = 14745856
4     255379   38.89845454545455    69.16957646298093    0.0017782088587132234   0.3875651482698264    13921872 98976    176      0.9114119565499501   0.028687832604841416 2.0335395423515306   6846128 
4     248065   130.4895             48.74371854356716    0.00037354513998112617  0.4100860661520166    627399   101728   38       0.5254181959961817   0.02332419257989659  0.1265274217465773   4958601 
round 4, total revenue = 14549271
5     255379   39.75919209039548    69.79516805680905    0.0017554473415386446   0.3948210307033859    13848623 100829   177      0.9128550551170669   0.028683081898731682 1.967867147091878    7037377 
5     248065   130.2856842105263    48.65562686112449    0.000373453362554421    0.4101868461895068    635144   101753   38       0.5256882841781805   0.023324161308040214 0.12828973413890446  4950856 
round 5, total revenue = 14483767
6     255379   40.27596648044693    70.343825618609      0.0017465459370853173   0.4013172578794654    13912602 102488   179      0.9142291274874293   0.028678342522513382 1.929786925343836    7209398 
6     248065   129.8691052631579    48.52628370272768    0.0003736553324549155   0.4099651301070284    650974   101698   38       0.5259393108269808   0.023324128145739167 0.13190893016571748  4935026 
round 6, total revenue = 14563576
7     255379   41.008716666666665   70.88324994958565    0.001728492274599806    0.40777432756804594   13858431 104137   180      0.9155682061270861   0.028673613401236486 1.8774370326958942   7381569 
7     248065   129.41676315789474   48.40295466624673    0.00037400838566169957  0.40957813476306615   668163   101602   38       0.526196462263094    0.023324093565365713 0.1358652187943602   4917837 
round 7, total revenue = 14526594
8     255379   41.87791111111111    71.40038266997556    0.0017049652376532102   0.4134012585216482    13701976 105574   180      0.9168797778088503   0.028668892861177044 1.817714562861567    7538024 
8     248065   128.78447368421052   48.23721329088346    0.0003745576769538604   0.40897748573962467   692190   101453   38       0.5264445908417998   0.023324057995691462 0.14144194400681678  4893810 
round 8, total revenue = 14394166
9     255379   42.28459340659341    71.9677184057456     0.0017019844015935062   0.41872667682150844   13780204 106934   182      0.9181531577063367   0.028664178753386362 1.7906145121310388   7695796 
9     248065   128.18115789473686   48.094671050682784   0.0003752085863522814   0.4082679942756939    715116   101277   38       0.526687490943531    0.02332402181800728  0.146814418080989    4870884 
round 9, total revenue = 14495320
10    255379   42.88581967213115    72.52393405659157    0.0016910935738444193   0.42373883522137684   13745895 108214   183      0.9193892331407674   0.028659468563679416 1.7514922392093377   7848105 
10    248065   127.40102631578948   47.90602333336632    0.0003760254114014863   0.40738112994578035   744761   101057   38       0.5269281801464272   0.02332398536504786  0.15383685870497202  4841239 
round 10, total revenue = 14490656
11    255379   43.68881420765027    73.04420081311955    0.0016719199671097712   0.4285982794199993    13598947 109455   183      0.9205900375566102   0.02865475950870926  1.7009201815172457   7995053 
11    248065   126.55836842105263   47.71096935485471    0.00037698786694312445  0.40634107995888175   776782   100799   38       0.5271735301630837   0.0233239489219924   0.16151939878791105  4809218 
round 11, total revenue = 14375729
12    255379   43.96348648648649    73.53282341985589    0.0016725885341795728   0.4331092219798809    13696755 110607   185      0.9217780127864467   0.02865004861843362  1.68404554393726     8133245 
12    248065   125.69076315789474   47.51635527965141    0.00037804174376728547  0.4052083123374922    809751   100518   38       0.5274228538222407   0.023323912728917016 0.16953701534404927  4776249 
round 12, total revenue = 14506506
13    255379   44.43360215053764    74.01157011471608    0.0016656666696517324   0.4372599156547719    13683350 111667   186      0.9229331571310568   0.028645332805734045 1.655647849576207    8264650 
13    248065   131.71855555555555   47.31600427073251    0.0003592204915333726   0.4039949206861105    550132   100217   36       0.5276462442356041   0.02332387698418586  0.11601588234847533  4741868 
round 13, total revenue = 14233482
14    255379   44.62206914893617    74.4519596009798     0.001668500834250417    0.44121090614341824   13795051 112676   188      0.9240657302420738   0.02864060892423322  1.6444313822863865   8388949 
14    248065   130.8105277777778    47.12194804674992    0.00036023054755043225  0.40286215306472095   582821   99936    36       0.5278667664558844   0.023323841848375576 0.12376276204408454  4709179 
round 14, total revenue = 14377872
15    255379   45.01622222222222    74.89033246190816    0.0016636298819614989   0.44485646822957253   13793934 113607   189      0.925186990007506    0.028635873815509503 1.6212772679478509   8508066 
15    248065   133.6956             46.953571679426844   0.00035119758376062375  0.4017455102493298    465654   99659    35       0.5280817016750546   0.023323807448424844 0.09951262420004847  4679346 
round 15, total revenue = 14259588
16    255379   45.57098412698413    75.2594391968054     0.0016514771545660285   0.4481300341844866    13689084 114443   189      0.9262758810341817   0.028631124346963067 1.5893669461074507   8612916 
16    248065   132.69788571428572   46.75000503291527    0.0003523040686087009   0.40048374417995286   500574   99346    35       0.5283006702907481   0.023323773881784096 0.10777951893301778  4644426 
round 16, total revenue = 14189658
17    255379   45.86327894736843    75.59924869432443    0.0016483611819617233   0.451352695405652     13705977 115266   190      0.9273459349707416   0.02862635744157291  1.5728644507823768   8714023 
17    248065   131.7857142857143    46.569741026806      0.0003533747286586905   0.3992703525285711    532500   99045    35       0.5284995018008368   0.023323741220409075 0.11544715447154472  4612500 
round 17, total revenue = 14238477
18    255379   46.388352631578954   75.96258661702348    0.0016375357672286      0.4543364959530737    13606213 116028   190      0.9284108498385556   0.02862157010072147  1.5437419806037973   8813787 
18    248065   134.5849411764706    46.36158054711246    0.00034447821681864236  0.39787958801120676   422112   98700    34       0.5286925371707366   0.023323709514496596 0.09224701303878068  4575888 
round 18, total revenue = 14028325
19    255379   46.3925              76.3132598247102     0.001644948209833706    0.4570501098367524    13748640 116721   192      0.9294538035061166   0.028616759421172908 1.5435145767095975   8907360 
19    248065   133.5843529411765    46.161886370566116   0.00034556357353389573  0.3966299155463286    456132   98390    34       0.5289071437427828   0.023323678795902976 0.10042828193157528  4541868 
round 19, total revenue = 14204772
20    255379   46.62461139896373    76.6590847134192     0.0016441763783820622   0.4596462512579343    13775450 117384   193      0.9304785301169023   0.028611922607183603 1.530852192853293    8998550 
20    248065   132.57079411764704   45.9653379019182     0.0003467229581586971   0.3953036502529579    490593   98061    34       0.5291196589240392   0.02332364908121682  0.10884151353538742  4507407 
round 20, total revenue = 14266043
