Max revenue's round: 20
This round's info:
round bids     cpc                  cpm                  ctr                     winrate               revenue  imps     clks     auc                  rmse                 roi                  cost    
20    311776   68.7274598540146     56.708898726172194   0.0008251272322100762   0.5325458021143386    11545338 166035   137      0.8561758452733172   0.022698818110636763 1.2261844148611112   9415662 
20    255379   37.75617             73.98383398977133    0.0019595163913546138   0.3996648119070088    15648766 102066   200      0.9714385532641553   0.02826619510614359  2.0723455265722133   7551234 
round 20, total revenue = 27194104


all rounds' info:
round bids     cpc                  cpm                  ctr                     winrate               revenue  imps     clks     auc                  rmse                 roi                  cost    
1     311776   132.27230508474574   58.2588630510246     0.0004404464185734015   0.42965141640151905   1222934  133955   59       0.5121050492012011   0.022732022687499076 0.15670472289701293  7804066 
1     255379   70.73343046357617    78.94064345422429    0.0011160301845514816   0.5298047216098426    6835252  135301   151      0.7466049056588986   0.028779477061957985 0.6399600477419747   10680748
round 1, total revenue = 8058186
2     311776   110.51472727272728   55.95424836601307    0.0005063058087084599   0.4181078723185877    2804028  130356   66       0.5370552111654741   0.022725918595424565 0.3844308697647866   7293972 
2     255379   61.158703448275865   73.7851181908193     0.0012064532769767112   0.4706220950038962    7951988  120187   145      0.7847884822156056   0.028768115116587643 0.8967046954830462   8868012 
round 2, total revenue = 10756016
3     311776   102.84659210526316   55.752555332853056   0.0005420943386805709   0.44967220055424406   3811659  140197   76       0.5657610427264174   0.022723299924119044 0.4876525985752157   7816341 
3     255379   56.67413725490196    73.31278534952146    0.0012935844972775542   0.4631390991428426    9076857  118276   153      0.8132738966142115   0.02875713786296128  1.0467889873341958   8671143 
round 3, total revenue = 12888516
4     311776   94.77149438202247    55.96989382879894    0.000590577305905773    0.48335984809606897   5182337  150700   89       0.596198306897058    0.022721164793340052 0.6144094909304616   8434663 
4     255379   53.75082098765432    73.63748837209302    0.0013699788583509513   0.4630372896753453    10084367 118250   162      0.8348682634850089   0.02874473916242595  1.1581065715562426   8707633 
round 4, total revenue = 15266704
5     311776   90.50268686868687    56.246373081389876   0.0006214884334097116   0.5109277173355229    6187234  159295   99       0.6265305681092581   0.02271920881184035  0.690557543578705    8959766 
5     255379   52.543628742514976   74.09697440530978    0.0014101990322825803   0.4637147142090775    10597214 118423   167      0.8531965118515429   0.02873084971331061  1.2076891675762804   8774786 
round 5, total revenue = 16784448
6     311776   86.48818518518519    56.45101712738569    0.0006527020656811671   0.5307207738889459    7183276  165466   108      0.655567593511782    0.0227173864819741   0.7690277541655229   9340724 
6     255379   50.84069942196532    74.43229497236962    0.0014640297206495892   0.4627122825291038    11272559 118167   173      0.8698502186988011   0.028715357370439603 1.2816365887736612   8795441 
round 6, total revenue = 18455835
7     311776   82.79955172413793    56.62408989346964    0.0006838695224114655   0.5440540644565329    8143252  169623   116      0.6824596524437955   0.022715679401058723 0.8478360910666266   9604748 
7     255379   49.33105617977528    74.67855047073131    0.0015138242773190002   0.4604254852591638    11867072 117583   178      0.8847464749500715   0.028698119396943816 1.3514598912552296   8780928 
round 7, total revenue = 20010324
8     311776   83.46667521367522    56.741121853719754   0.0006798057033955423   0.5520245304321051    8135399  172108   117      0.7067173489982015   0.022714070624835977 0.8330669049452256   9765601 
8     255379   48.33327624309393    74.85708540477637    0.0015487691136077764   0.45762180915423745   12247677 116867   181      0.8980434086415179   0.02867899130707739  1.4000028348290294   8748323 
round 8, total revenue = 20383076
9     311776   83.62898305084745    56.80858902768983    0.000679293074664671    0.5571628348557939    8185780  173710   118      0.7284904738417958   0.022712544644679877 0.8295092732022594   9868220 
9     255379   48.0397955801105     75.00131971639036    0.001561233115393241    0.4539684155705833    12300797 115934   181      0.9099887117951833   0.028657835166598276 1.4146647295066026   8695203 
round 9, total revenue = 20486577
10    311776   79.98579838709678    56.851729356062776   0.0007107727934517191   0.5595619932259058    9053761  174458   124      0.7480874582158287   0.02271108847724807  0.9128395675885609   9918239 
10    255379   47.07424590163935    75.00990021419989    0.0015934381693746408   0.44970808093069514   12613413 114846   183      0.9205028397606568   0.028634521576743406 1.4641924215287396   8614587 
round 10, total revenue = 21667174
11    311776   79.443112            56.88094419814185    0.0007159959216872301   0.5599597146669404    9194611  174582   125      0.7655433429708961   0.022709691733442068 0.9259064272305949   9930389 
11    255379   44.45846875          75.03802876331798    0.0016878230598825557   0.4454399147933072    13735974 113756   192      0.9297306662133441   0.02860893139689168  1.6091766824515294   8536026 
round 11, total revenue = 22930585
12    311776   78.02190551181103    56.869889115911754   0.0007288964393121972   0.5588499435492148    9522218  174236   127      0.7810466869503627   0.022708346185074474 0.9609877379480142   9908782 
12    255379   43.73413471502591    75.01233514627991    0.001715189648430557    0.44061571233343383   13947312 112524   193      0.937858084949324    0.028580958606365926 1.6523904212547602   8440688 
round 12, total revenue = 23469530
13    311776   76.0237              56.876786197291715   0.00074814546249777     0.5573328286975264    10006919 173763   130      0.7946931448993986   0.022707045242314827 1.012530303050233    9883081 
13    255379   42.571433673469386   74.9550934243622     0.001760689902982393    0.43590115083855757   14391999 111320   196      0.9449608879896711   0.028550514195918888 1.7248318882032732   8344001 
round 13, total revenue = 24398918
14    311776   72.84733333333332    56.859331637372804   0.000780527289546716    0.5547572616237298    10820610 172960   135      0.8067950149107987   0.022705783506347242 1.1002827831721134   9834390 
14    255379   41.8428883248731     74.86194714376532    0.0017891199709381528   0.431163094851182     14608951 110110   197      0.9510929431269244   0.028517530598438437 1.7722751617756973   8243049 
round 14, total revenue = 25429561
15    311776   72.40106666666667    56.84095931517365    0.0007850845565144572   0.5515370009237401    10880856 171956   135      0.8176036024705196   0.022704556434107685 1.1132285343862338   9774144 
15    255379   41.069383838383835   74.72993613012912    0.0018196020769195424   0.42609220022006505   14836262 108815   198      0.9562634748046248   0.02848196612564167  1.8244884426920789   8131738 
round 15, total revenue = 25717118
16    311776   71.8888962962963     56.80721255436342    0.0007902084394261331   0.5479607153854049    10949999 170841   135      0.8272177514796437   0.022703360103895873 1.1282841701922546   9705001 
16    255379   40.5110404040404     74.5712877914544     0.0018407645680711018   0.42119359853394367   14946814 107564   198      0.9605546156934146   0.028443808924562185 1.8634169560461509   8021186 
round 16, total revenue = 25896813
17    311776   71.40836296296295    56.79149435038234    0.000795305927680181    0.5444485784665914    11014871 169746   135      0.8357264393881485   0.022702191058264633 1.1426061829670537   9640129 
17    255379   39.52503             74.43929035538731    0.0018833455750795714   0.4158290227465845    15294994 106194   200      0.964158489323788    0.028403080037170614 1.934849132309324    7905006 
round 17, total revenue = 26309865
18    311776   69.80123357664233    56.753011905185815   0.0008130660304573348   0.5404457046084368    11398231 168498   137      0.843281230830806    0.022701046201545477 1.191938339198615    9562769 
18    255379   38.92526             74.28059462244528    0.001908287693452665    0.41039396348172713   15414948 104806   200      0.9671348235055236   0.02835983522855818  1.9800700110930538   7785052 
round 18, total revenue = 26813179
19    311776   69.27986131386862    56.740602357779956   0.000819005715105574    0.5365262239556605    11469659 167276   137      0.8500656617304181   0.022699922734135736 1.2084339820895698   9491341 
19    255379   38.35801             74.13680070352439    0.0019327593038200987   0.40519776489061354   15528398 103479   200      0.9695162827511188   0.028314165348077625 2.024140199139632    7671602 
round 19, total revenue = 26998057
20    311776   68.7274598540146     56.708898726172194   0.0008251272322100762   0.5325458021143386    11545338 166035   137      0.8561758452733172   0.022698818110636763 1.2261844148611112   9415662 
20    255379   37.75617             73.98383398977133    0.0019595163913546138   0.3996648119070088    15648766 102066   200      0.9714385532641553   0.02826619510614359  2.0723455265722133   7551234 
round 20, total revenue = 27194104
