Max revenue's round: 17
This round's info:
round bids     cpc                  cpm                  ctr                     winrate               revenue  imps     clks     auc                  rmse                 roi                  cost    
17    311776   133.37497391304348   64.23321942476171    0.00048159874030520794  0.7658960279174792    2256878  238788   115      0.5373405210263541   0.022768988659428852 0.1471417426461988   15338122
17    255379   132.93540875912407   82.93442533367943    0.0006238700892999449   0.8598866782311779    -1224151 219597   137      0.6870655507681661   0.024593289667110777 -0.06721616793095994 18212151
round 17, total revenue = 1032727


all rounds' info:
round bids     cpc                  cpm                  ctr                     winrate               revenue  imps     clks     auc                  rmse                 roi                  cost    
1     311776   155.4405161290323    79.16254862790453    0.0005092787298917043   0.976188032433542     -378280  304352   155      0.5044025998397648   0.02350403052451815  -0.015700643498934144 24093280
1     255379   157.1710909090909    94.81750126335335    0.0006032757087510234   0.9995849306325109    -5108348 255273   154      0.6586471320823364   0.026524271599663984 -0.2110508409480809  24204348
round 1, total revenue = -5486628
2     311776   151.7522676056338    74.85712796926347    0.0004932850701367998   0.9233103253617982    177178   287866   142      0.5077164916135664   0.023008389616329138 0.008222166390348392 21548822
2     255379   155.02056862745098   93.76688884671948    0.0006048674035770198   0.9904808147889999    -4746147 252948   153      0.6613518756686549   0.02523069664243607  -0.20010614657207412 23718147
round 2, total revenue = -4568969
3     311776   150.02041221374046   71.68871995593476    0.0004778597718675562   0.879281920353074     390326   274139   131      0.5103394926232332   0.022889325559201784 0.019861215832512154 19652674
3     255379   150.70305921052633   92.10456162923946    0.0006111658390462597   0.973866292843186     -4058865 248705   152      0.6637789421862299   0.024919292385948297 -0.1771898948197407  22906865
round 3, total revenue = -3668539
4     311776   147.6337822580645    69.44599387729554    0.00047039365120310765  0.8455076721748948    665411   263609   124      0.5127166695086696   0.02284058912462165  0.03634816950334112  18306589
4     255379   148.25253691275168   90.46860166524006    0.0006102330762709435   0.9561044565136523    -3613628 244169   149      0.6660215521573147   0.024792783083353174 -0.1635893551489414  22089628
round 4, total revenue = -2948217
5     311776   147.33989830508477   67.90042686475066    0.0004608420912857885   0.8212723237195936    667892   256053   118      0.5149255386907897   0.02281541119759519  0.03841526809795499  17386108
5     255379   145.37306802721088   89.05733134407974    0.0006126123122572472   0.9396074070303353    -3141841 239956   147      0.6681132639522295   0.024727575331333504 -0.147022198246585   21369841
round 5, total revenue = -2473949
6     311776   141.62645762711867   66.7550320155624     0.0004713457720683691   0.8029707225700503    1342078  250347   118      0.5170469253397671   0.022800599842185548 0.08030662182362987  16711922
6     255379   145.35293706293706   87.92053702857723    0.0006048762330169365   0.9257299934606996    -3053470 236412   143      0.6701078879979849   0.02468897806888155  -0.1469040632711216  20785470
round 6, total revenue = -1711392
7     311776   141.16001739130434   65.9216415637576     0.0004669993868095008   0.7898395001539567    1361598  246253   115      0.5190842577982087   0.022791149352833624 0.08387631871618777  16233402
7     255379   143.81412765957447   86.93139902770275    0.0006044705095557785   0.9133953848985233    -2793792 233262   141      0.6720038468730799   0.02466395215433127  -0.13777594720371922 20277792
round 7, total revenue = -1432194
8     311776   139.48987719298245   65.35443885959468    0.00046852459959641126  0.78042248280817      1540154  243317   114      0.5210521065221927   0.022784783782663035 0.09685378666099521  15901846
8     255379   140.94008510638298   86.15479860054366    0.0006112866934592324   0.9032105224000407    -2388552 230661   141      0.6737946273532521   0.024646636192316287 -0.12019352119445957 19872552
round 8, total revenue = -848398
9     311776   137.37664912280704   64.93195406111364    0.000472656411957378    0.7736002771220364    1781062  241190   114      0.5229635271187382   0.022780332259059576 0.1137263936553481   15660938
9     255379   141.70220289855072   85.54201224846894    0.0006036745406824146   0.8951401642265026    -2442904 228600   138      0.6755407566280325   0.024634052713593    -0.12492538955957033 19554904
round 9, total revenue = -661842
10    311776   135.91114912280702   64.62484410909651    0.00047549332432398613  0.7689847839474494    1948129  239751   114      0.5248526236238917   0.02277713540384124  0.12573546017002465  15493871
10    255379   139.59671014492756   84.97314201781123    0.0006087044739778837   0.8877433148379468    -2152346 226711   138      0.6772231529857154   0.024624548082391715 -0.11172691769551897 19264346
round 10, total revenue = -204217
11    311776   134.93463157894737   64.40928713493143    0.00047733696221082385  0.7660147028635944    2059452  238825   114      0.5266922084834935   0.02277479523293408  0.13388237111303017  15382548
11    255379   137.88858695652172   84.51682463823475    0.0006129356062288471   0.8816151680443576    -1916625 225146   138      0.678828306574413    0.024617139211474858 -0.10072325246832076 19028625
round 11, total revenue = 142827
12    311776   134.31270175438596   64.26768745173096    0.00047849299889191093  0.7641640151903931    2130352  238248   114      0.5285151499356737   0.02277305800772758  0.13913277003233093  15311648
12    255379   136.484384057971     84.13558739050222    0.0006164484528483939   0.8765912623982395    -1722845 223863   138      0.6803154334156392   0.024611209479863467 -0.09147115359855629 18834845
round 12, total revenue = 407507
13    311776   135.23082300884954   64.19625100299534    0.0004747161155618664   0.7634872472544391    2007917  238037   113      0.5303080933900458   0.022771754662727323 0.13139886747555785  15281083
13    255379   135.30113768115942   83.8154015352157     0.0006194729990573237   0.8723113490146018    -1559557 222770   138      0.6817540418245679   0.02460635505646851  -0.08352581415679475 18671557
round 13, total revenue = 448360
14    311776   133.9052894736842    64.1454378135794     0.00047903587726596576  0.7632980088268501    2176797  237978   114      0.5320915491055763   0.022770768446839985 0.14259862774179943  15265203
14    255379   134.22936956521738   83.53018127705627    0.0006222943722943723   0.8683564427772057    -1411653 221760   138      0.6831372878272672   0.024602301933394098 -0.07620813238079983 18523653
round 14, total revenue = 765144
15    311776   132.85112173913043   64.1496430970776     0.00048286865972455495  0.7638817612644976    2317121  238160   115      0.533855830021179    0.02277001636298033  0.15166509696797573  15277879
15    255379   133.36189855072465   83.29912464130209    0.0006246096189881324   0.8651376973047902    -1291942 220938   138      0.6845020118484709   0.024598858633065525 -0.07019919971493063 18403942
round 15, total revenue = 1025179
16    311776   133.08601739130435   64.18464170835936    0.0004822793781531635   0.7648151236785384    2290108  238451   115      0.5356038861060736   0.022769438019403353 0.14963241818367617  15304892
16    255379   133.588              83.10653988320664    0.0006221108174626961   0.8623183582048641    -1313556 220218   137      0.6858054454116752   0.024595887993186516 -0.0717729137347666  18301556
round 16, total revenue = 976552
17    311776   133.37497391304348   64.23321942476171    0.00048159874030520794  0.7658960279174792    2256878  238788   115      0.5373405210263541   0.022768988659428852 0.1471417426461988   15338122
17    255379   132.93540875912407   82.93442533367943    0.0006238700892999449   0.8598866782311779    -1224151 219597   137      0.6870655507681661   0.024593289667110777 -0.06721616793095994 18212151
round 17, total revenue = 1032727
18    311776   133.70980869565219   64.28329313004544    0.0004807672208728224   0.7672206969106025    2218372  239201   115      0.5390384674989632   0.022768634646110862 0.1442690816217964   15376628
18    255379   133.37820588235294   82.79444976950111    0.0006207494636907207   0.8579013936149801    -1275436 219090   136      0.6883134692714474   0.024590988900609977 -0.07031288073124214 18139436
round 18, total revenue = 942936
19    311776   134.12444347826087   64.35054570031541    0.0004797823873971597   0.7687955455198604    2170689  239692   115      0.5407169003238289   0.022768350442203017 0.14073166704172393  15424311
19    255379   132.92199264705883   82.67767517802505    0.0006220014726799574   0.8561745484162754    -1213391 218649   136      0.6894865111379952   0.024588929121197235 -0.06712201998618053 18077391
round 19, total revenue = 957298
20    311776   134.56231304347827   64.42811166392572    0.0004787975935216604   0.7703768089910705    2120334  240185   115      0.5423628037583804   0.022768116530665003 0.13701969399533406  15474666
20    255379   132.47086029411764   82.56208182868036    0.0006232471174820816   0.8544633662125704    -1152037 218212   136      0.6906478749969788   0.02458706691850907  -0.0639450840381822  18016037
round 20, total revenue = 968297
