Max revenue's round: 20
This round's info:
round bids     cpc                  cpm                  ctr                     winrate               revenue  imps     clks     auc                  rmse                 roi                  cost    
20    311776   142.05311494252874   62.1086167732079     0.00043722108310215895  0.6382274453453761    952379   198984   87       0.4709072655430181   0.023450426481461412 0.07706191491753003  12358621
20    255379   79.9711261682243     79.5455204629436     0.0009946780078551674   0.8424537647966356    7710179  215145   214      0.6427365042314208   0.03116540090517099  0.45052352715387173  17113821
round 20, total revenue = 8662558


Here are train dataset's quality scores:
id    score1               score2               score3              
3476  0.8204727620874716   1.0                  2.8475411834137327  
3358  0.8398971380861835   1.0                  11.349876066552065  


all rounds' info:
round bids     cpc                  cpm                  ctr                     winrate               revenue  imps     clks     auc                  rmse                 roi                  cost    
1     311776   147.3838917197452    78.70339720958076    0.0005340027074277395   0.9430039515549625    881729   294006   157      0.4432414669531667   0.02396682223545011  0.03810530591045846  23139271
1     255379   96.4870325203252     93.11410649206978    0.0009650427011780583   0.9981674295850481    4800190  254911   246      0.613393973214215    0.03370795797540655  0.20223409270633697  23735810
round 1, total revenue = 5681919
2     311776   148.2738230769231    72.69229202728846    0.0004902570832720512   0.8505048496356359    614403   265167   130      0.44509823737523446  0.02361646713201995  0.03187465477722947  19275597
2     255379   94.13613580246913    91.26231189058934    0.0009694716180202033   0.9814902556592359    5312919  250652   243      0.6146500349330959   0.03207613735267357  0.2322579316768321   22875081
round 2, total revenue = 5927322
3     311776   152.2106936936937    69.16430393116067    0.0004543984542265197   0.7835080314071641    87613    244279   111      0.4467556626036618   0.023533812488813876 0.00518561664198636  16895387
3     255379   92.16344725738396    89.11220039573261    0.000966893090998103    0.959808754831055     5649263  245115   237      0.6162061080583134   0.03165550895607072  0.2586334761985185   21842737
round 3, total revenue = 5736876
4     311776   147.89334615384615   66.96027026321059    0.0004527605332125972   0.7367533100687673    531092   229702   104      0.4483537834815051   0.0235002245660007   0.034529300870923874 15380908
4     255379   88.17294491525423    86.91416267782706    0.0009857237133381784   0.9375007342028906    6567185  239418   236      0.6178353353453425   0.03147738214886991  0.31559629897233454  20808815
round 4, total revenue = 7098277
5     311776   151.14404210526317   65.43539030136762    0.0004329339707336636   0.7038162013753464    176316   219433   95       0.44988627546251525  0.023482939746269613 0.012279398306975765 14358684
5     255379   86.91629437229437    85.44523080982394    0.0009830749392493734   0.9201108940045971    6718336  234977   231      0.6195117557944603   0.03138280982599212  0.3346174136592783   20077664
round 5, total revenue = 6894652
6     311776   148.72975            64.4169997410729     0.000433114422239484    0.6813064507851792    392863   212415   92       0.4513552967746409   0.023472795009449623 0.028711471645719838 13683137
6     255379   85.18875109170307    84.29828147213496    0.0009895470985528414   0.9061786599524628    7055776  231419   229      0.6211985066902893   0.03132553787156925  0.3616821295470054   19508224
round 6, total revenue = 7448639
7     311776   151.659              63.657093095063495   0.00041973831487128027  0.6648106332751719    116667   207272   87       0.4528045374584388   0.0234663309206189   0.008842205210373271 13194333
7     255379   83.3523245614035     83.24935824988391    0.000998764685783373    0.8938949561240352    7443670  228282   228      0.6228736735214497   0.031287709344723004 0.39168284280477134  19004330
round 7, total revenue = 7560337
8     311776   150.9419411764706    63.057227953427336   0.00041775816225727024  0.652606358411167     174935   203467   85       0.45422846119004123  0.023461979772001214 0.013634771141065927 12830065
8     255379   82.0109691629956     82.44936734088301    0.0010053456041595622   0.8841486574855411    7715510  225793   227      0.624572452802236    0.03126112433444042  0.4144449356457635   18616490
round 8, total revenue = 7890445
9     311776   148.156              62.682972962210805   0.0004230876438497989   0.6443857128194601    411740   200904   85       0.4556587282350922   0.023458936892649333 0.032695267150841006 12593260
9     255379   81.88948660714286    81.90996409816739    0.001000250062515629    0.8769084380469812    7640755  223944   224      0.6262249910358382   0.031241543429534675 0.41654325611417176  18343245
round 9, total revenue = 8052495
10    311776   146.3351411764706    62.424028144415786   0.00042658262152586095  0.6391062814328236    566513   199258   85       0.45709319913284274  0.023456749877085785 0.04554516960141535  12438487
10    255379   81.23739910313903    81.4675540765391     0.0010028331159778747   0.8707450495146429    7752060  222370   223      0.6278728639064095   0.031226576789615827 0.4279137599263411   18115940
round 10, total revenue = 8318573
11    311776   145.02518823529414   62.2293732205238     0.0004290935524907619   0.635366416914708     677859   198092   85       0.45851862424040934  0.023455146004142554 0.054989149552195436 12327141
11    255379   80.68423423423424    81.07830400912543    0.0010048840988407621   0.8650711295760419    7840100  220921   222      0.6294962832925225   0.03121478540309485  0.4377034262138578   17911900
round 11, total revenue = 8517959
12    311776   144.17123529411765   62.09365309390137    0.00043069377166136323  0.6330057477163091    750445   197356   85       0.4599430922207987   0.023453951574364976 0.06123804577155188  12254555
12    255379   81.46797247706422    80.79125308198303    0.0009916934302584772   0.8607833846949045    7527982  219826   218      0.6310907266483823   0.03120525669326801  0.42387243075992376  17760018
round 12, total revenue = 8278427
13    311776   143.68769411764708   62.00698587087308    0.0004315399885261132   0.6317644719285641    791546   196969   85       0.46136200511012077  0.023453050960111153 0.06480934877226377  12213454
13    255379   81.25190322580646    80.55107178100215    0.000991374584262271    0.8571104123675009    7540337  218888   217      0.6326632078871167   0.031197387294514968 0.4276588657575862   17631663
round 13, total revenue = 8331883
14    311776   143.5004117647059    61.95164255820568    0.00043171752468408435  0.6315046700195012    807465   196888   85       0.4627927976367591   0.023452364390663137 0.0661990311976969   12197535
14    255379   81.1146712962963     80.34101705796039    0.0009904622157006604   0.8539464873775839    7535231  218080   216      0.6342055388205493   0.03119076443110347  0.4300742164912967   17520769
round 14, total revenue = 8342696
15    311776   143.53017647058823   61.94498603706524    0.0004315816197004316   0.6317035307400185    804935   196950   85       0.46420345295827836  0.023451835222157748 0.06597792716678148  12200065
15    255379   80.65257870370371    80.13983218481751    0.0009936425279001941   0.8512132947501556    7635043  217382   216      0.6357016128382158   0.031185097595923836 0.4382677139952759   17420957
round 15, total revenue = 8439978
16    311776   143.74364705882354   61.95689764458305    0.000431023554169519    0.6325214256389202    786790   197205   85       0.46558683953884855  0.02345142229588934  0.06439486635112672  12218210
16    255379   80.65301395348838    79.9841234697737     0.0009917065655587229   0.8489264974802156    7599602  216798   215      0.6371975916443919   0.03118017740169164  0.4382599522802187   17340398
round 16, total revenue = 8386392
17    311776   144.05045882352942   61.98008119381226    0.0004302664614886207   0.6336344041876218    760711   197552   85       0.46695652606374594  0.02345109516230085  0.0621278213867706   12244289
17    255379   80.71792056074766    79.85961627369394    0.0009893666204345815   0.8469764546027668    7550365  216300   214      0.6386469326888404   0.03117584983675685  0.4371034238016492   17273635
round 17, total revenue = 8311076
18    311776   142.77702325581396   62.01896103240144    0.0004343763416420436   0.6350232218002668    879176   197985   86       0.46829800548771683  0.023450830987333693 0.07160099371079837  12278824
18    255379   80.42967757009346    79.73442320698952    0.0009913557484735902   0.8452770196453114    7612049  215866   214      0.6400263091564065   0.0311719996224576   0.44225369918843016  17211951
round 18, total revenue = 8491225
19    311776   143.1992558139535    62.053491887534015   0.00043333669253250024  0.6365467515139074    842864   198460   86       0.4696077495772453   0.023450612482920255 0.06844130669770923  12315136
19    255379   80.1760046728972     79.62606391371742    0.0009931408310825235   0.8437577091303513    7666335  215478   214      0.6413876589151184   0.031168539144237537 0.4468169182694732   17157665
round 19, total revenue = 8509199
20    311776   142.05311494252874   62.1086167732079     0.00043722108310215895  0.6382274453453761    952379   198984   87       0.4709072655430181   0.023450426481461412 0.07706191491753003  12358621
20    255379   79.9711261682243     79.5455204629436     0.0009946780078551674   0.8424537647966356    7710179  215145   214      0.6427365042314208   0.03116540090517099  0.45052352715387173  17113821
round 20, total revenue = 8662558
