Max revenue's round: 20
This round's info:
round bids     cpc                  cpm                  ctr                     winrate               revenue  imps     clks     auc                  rmse                 roi                  cost    
20    311776   119.91085074626865   55.14542721432102    0.00045988688155510404  0.46728420404392895   2216973  145688   67       0.5073323777160521   0.022724414682888504 0.27594791503688     8034027 
20    255379   63.16868518518518    79.3465689695278     0.001256106071179344    0.5050141162742434    8558673  128970   162      0.8120529426122781   0.02874266607504337  0.8363529280360141   10233327
round 20, total revenue = 10775646


Here are train dataset's quality scores:
id    score1               score2               score3              
3476  0.8002633333802146   0.6605504587155964   3.384774655248663   
3358  0.9082374042787764   0.9095890410958904   26.600655371958446  


all rounds' info:
round bids     cpc                  cpm                  ctr                     winrate               revenue  imps     clks     auc                  rmse                 roi                  cost    
1     311776   140.6065714285714    64.78570331526866    0.0004607587160190447   0.7309254079852202    1301310  227885   105      0.4647972100466783   0.02274885923512078  0.08814259849671728  14763690
1     255379   90.2051153846154     89.30227915578764    0.0009899912967798086   0.7198712501811034    4694669  183840   182      0.7390711417923785   0.028799513961759515 0.2859581134107609   16417331
round 1, total revenue = 5995979
2     311776   138.57136458333335   62.925012298493904   0.00045409823658518124  0.6780765677922611    1385149  211408   96       0.4677012554211913   0.022740351767199813 0.1041242211913822   13302851
2     255379   81.88923863636363    85.11841864365739    0.001039433508737738    0.6630263255788456    6003494  169323   176      0.7465419982814068   0.028785312281976796 0.4165475455829819   14412506
round 2, total revenue = 7388643
3     311776   134.22316483516485   61.49709993152616    0.00045817054013775325  0.6370471107461767    1708692  198616   91       0.4702839335407813   0.02273569569155963  0.13989265703795908  12214308
3     255379   79.5927090909091     82.50850982289265    0.0010366340179306273   0.6232658127723892    6007203  159169   165      0.7526727224368266   0.028778359032628417 0.45741992356997524  13132797
round 3, total revenue = 7715895
4     311776   135.55103571428572   60.397656506932876   0.000445571339154051    0.6046713024735708    1465713  188522   84       0.4727045826077588   0.022732837012420626 0.12872615980960256  11386287
4     255379   76.12051552795032    80.7924253411563     0.0010613751730503      0.593979927871908     6420597  151690   161      0.7580188697731142   0.028774227656643912 0.5238992956820759   12255403
round 4, total revenue = 7886310
5     311776   135.9467594936709    59.5137621287938     0.0004377725688383511   0.5788097865133942    1347206  180459   79       0.475012993318818    0.022730937501281277 0.12544058107632233  10739794
5     255379   72.59384375          79.56034659908212    0.0010959654770874717   0.5716601599974939    6944985  145990   160      0.7629359233549675   0.02877135523494496  0.5979316427916795   11615015
round 5, total revenue = 8292191
6     311776   136.29156            58.77000517449549    0.00043120795722417066  0.5578684696705327    1253133  173930   75       0.47725905603177515  0.02272959950709645  0.12259335794527555  10221867
6     255379   70.52814556962025    78.68721269339133    0.0011156852637748294   0.5545365907141934    7184553  141617   158      0.7674292810531556   0.02876908962076447  0.644733447379433    11143447
round 6, total revenue = 8437686
7     311776   136.33595833333334   58.1689747737818     0.00042665908161632684  0.5412635995073386    1199811  168753   72       0.479466609687081    0.022728613330886382 0.1222277810665626   9816189 
7     255379   68.34172151898734    78.1200813178704     0.0011430803845959066   0.5412465394570423    7530008  138223   158      0.7716415427824515   0.0287671261059058   0.6973526188943278   10797992
round 7, total revenue = 8729819
8     311776   131.7397361111111    57.67097743080889    0.00043776448270830295  0.527532587498717     1530739  164472   72       0.4816479325350012   0.02272785931665538  0.1613807991155963   9485261 
8     255379   67.56909615384616    77.71429940649537    0.0011501456113834924   0.5311125816923083    7555221  135635   156      0.7755916565481238   0.02876531034721568  0.716761161580183    10540779
round 8, total revenue = 9085960
9     311776   127.96365277777778   57.24482593648841    0.0004473522339652184   0.516226393308016     1802617  160947   72       0.48380154959092597  0.0227272648803689   0.19565202054446235  9213383 
9     255379   66.31207051282051    77.45171192620711    0.0011679881404281125   0.5229991502825213    7751317  133563   156      0.7793163352657464   0.02876355939547436  0.7493044494451884   10344683
round 9, total revenue = 9553934
10    311776   126.62391549295775   56.86822695932697    0.0004491112657347081   0.5070627630093401    1872702  158090   71       0.48594266914211603  0.02272678378660316  0.20830255014906068  8990298 
10    255379   65.41873076923076    77.30836009938791    0.0011817465608144962   0.516910160976431     7890678  132008   156      0.7828676351136965   0.02876182667645348  0.7731924578175975   10205322
round 10, total revenue = 9763380
11    311776   125.74054285714287   56.55944891756254    0.00044981075818816224  0.4991436159293852    1908162  155621   70       0.4880687797282899   0.022726385384415463 0.21679131108752514  8801838 
11    255379   64.85216025641026    77.30996775228867    0.0011920954899053964   0.512422712909049     7979063  130862   156      0.7862652250457358   0.028760085192739485 0.7886836697708012   10116937
round 11, total revenue = 9887225
12    311776   127.26510294117648   56.297705553640085   0.00044236561518094705  0.4930430822128708    1749973  153719   68       0.490190325835063    0.02272604866958443  0.20221487638067226  8654027 
12    255379   64.50555128205129    77.38999292460086    0.00119974159411819     0.5091569784516347    8033134  130028   156      0.7895154272255736   0.02875831894490321  0.7982948396609872   10062866
round 12, total revenue = 9783107
13    311776   127.18665671641791   56.066965813090505   0.0004408242756007053   0.487491019193267     1729494  151988   67       0.49232448903991755  0.022725758841727128 0.20295637883726186  8521506 
13    255379   63.975               77.56821148068919    0.001212476928185841    0.5070385583779402    8167925  129487   157      0.7926276139836205   0.02875651832141774  0.8132082844861274   10044075
round 13, total revenue = 9897419
14    311776   125.58498507462687   55.871884088766116   0.000444893026467815    0.48303269013650824   1836806  150598   67       0.4944506594227648   0.02272550522217701  0.21829850844893758  8414194 
14    255379   63.93622292993631    77.75839711213708    0.0012161869054627707   0.5054918376217309    8174013  129092   157      0.7956595351427638   0.0287546775152665   0.8143079882450535   10037987
round 14, total revenue = 10010819
15    311776   124.16667164179105   55.688694464712455   0.00044849953476540794  0.47914849122446884   1931833  149387   67       0.49656748159234154  0.022725279948518768 0.23221471572814922  8319167 
15    255379   64.02073248407643    77.99651581463203    0.0012183008970419343   0.5046147099017538    8160745  128868   157      0.7985853289865439   0.02875279302516193  0.8119130397149411   10051255
round 15, total revenue = 10092578
16    311776   122.99165671641792   55.543175093184864   0.00045160116203045274  0.47585766704300525   2010559  148361   67       0.49870893999134747  0.02272507713001787  0.243986820608266    8240441 
16    255379   63.3328679245283     78.22638431421291    0.00123516251320614     0.5040665050767682    8374074  128728   159      0.8014468659851399   0.02875086276073069  0.8315924069352645   10069926
round 16, total revenue = 10384633
17    311776   121.9484776119403    55.41308122185448    0.0004543974825023059   0.47292928256183925   2080452  147448   67       0.5008527105283902   0.0227248922859892   0.2546282085363185   8170548 
17    255379   63.57865408805032    78.53119028012989    0.0012351817037739073   0.5040586735792685    8334994  128726   159      0.8041983196945899   0.028748885495642636 0.8245117274636101   10109006
round 17, total revenue = 10415446
18    311776   121.10679104477613   55.29764338676262    0.0004566023334423727   0.4706455917068665    2136845  146736   67       0.5029913584837478   0.022724721963114685 0.2633478162544344   8114155 
18    255379   63.40450625          78.79639755798239    0.0012427570565299115   0.5041369885542664    8415279  128746   160      0.8068797674567695   0.028746860527132656 0.8295229607595911   10144721
round 18, total revenue = 10552124
19    311776   120.48322388059701   55.22292000164183    0.00045834530503906197  0.4688558452222108    2178624  146178   67       0.5051664824098617   0.022724563468977905 0.2698863382974232   8072376 
19    255379   63.64688125          79.06567648565972    0.0012422553145235175   0.504340607489261     8376499  128798   160      0.8094967550293182   0.028744787461067612 0.8225559166734505   10183501
round 19, total revenue = 10555123
20    311776   119.91085074626865   55.14542721432102    0.00045988688155510404  0.46728420404392895   2216973  145688   67       0.5073323777160521   0.022724414682888504 0.27594791503688     8034027 
20    255379   63.16868518518518    79.3465689695278     0.001256106071179344    0.5050141162742434    8558673  128970   162      0.8120529426122781   0.02874266607504337  0.8363529280360141   10233327
round 20, total revenue = 10775646
