Max revenue's round: 20
This round's info:
round bids     cpc                  cpm                  ctr                     winrate               revenue  imps     clks     auc                  rmse                 roi                  cost    
20    311776   111.12772727272728   50.08009340816912    0.0004506534474988734   0.391450913476342     2302975  122045   55       0.5725701009002779   0.023484386220265857 0.37679410669949814  6112025 
20    255379   62.78119672131148    81.39928051819693    0.0012965550956209383   0.7369086729919061    12985388 188191   244      0.8432875557993149   0.031730403719072264 0.8476869836509991   15318612
round 20, total revenue = 15288363


Here are train dataset's quality scores:
id    score1               score2               score3              
3476  0.8068979531438757   0.5601577909270217   4.839362198671133   
3358  0.9389105606087352   0.8325358851674641   9.429650306272777   


all rounds' info:
round bids     cpc                  cpm                  ctr                     winrate               revenue  imps     clks     auc                  rmse                 roi                  cost    
1     311776   127.39467741935484   53.76327325201481    0.0004220213461119582   0.4712100995586575    1587530  146912   62       0.53938669697944     0.02348758465365876  0.20099209087329573  7898470 
1     255379   66.85472199170124    81.47243122977346    0.001218648867313916    0.7743784727796725    11844012 197760   241      0.8204332187986939   0.031771358376253875 0.7351055623924249   16111988
round 1, total revenue = 13431542
2     311776   123.2778870967742    53.25920841753188    0.00043202564281234757  0.46029841937801497   1842771  143510   62       0.540999861780441    0.02348717961752476  0.2410984938433743   7643229 
2     255379   66.24960165975104    81.30979517421905    0.0012273250425235025   0.7689042560273163    11989846 196362   241      0.8218291097171624   0.03176962296411373  0.7509539241573143   15966154
round 2, total revenue = 13832617
3     311776   121.88236065573771   52.83379168709716    0.00043348185416533427  0.4513528943857128    1898176  140721   61       0.5426468164871155   0.02348684282939237  0.25530880085392743  7434824 
3     255379   65.73829460580913    81.18666919474025    0.0012349981039448197   0.7641270425524417    12113071 195142   241      0.8232130447205706   0.03176786327031713  0.7645726999092151   15842929
round 3, total revenue = 14011247
4     311776   123.07583050847458   52.48625948680882    0.00042645464401879293  0.4437480755414143    1765526  138350   59       0.5443203963707066   0.023486557527354728 0.24313603546607754  7261474 
4     255379   65.55318333333334    81.08418285832087    0.0012369221254445188   0.759772729942556     12107236 194030   240      0.8245783950863913   0.03176606653378429  0.7695555593410033   15732764
round 4, total revenue = 13872762
5     311776   124.61033333333333   52.15888996592645    0.00041857596052167784  0.4367751205994047    1618211  136176   57       0.5460201722938147   0.02348631176531821  0.22782754774216157  7102789 
5     255379   65.1877125           80.99822938292442    0.0012425382986544346   0.7563386182888961    12194949 193153   240      0.825895013747789    0.03176422513850711  0.7794764619175738   15645051
round 5, total revenue = 13813160
6     311776   122.22836842105262   51.869184553190536   0.00042436289728184395  0.43081892127681415   1753983  134319   57       0.5477372256617896   0.023486096841732272 0.251755234700877    6967017 
6     255379   64.910275            80.96621224799513    0.0012473558654310913   0.7534174697214728    12261534 192407   240      0.8272226197437863   0.03176233463600937  0.7870822454534355   15578466
round 6, total revenue = 14015517
7     311776   122.20289285714286   51.59622416743947    0.0004222176984611673   0.42541119265113414   1724638  132633   56       0.5494722468260997   0.023485906296720448 0.2520161873652161   6843362 
7     255379   64.4051908713693     80.9384682772682     0.0012567072185054049   0.7509270535165382    12434349 191771   241      0.8285228330736327   0.031760392550784465 0.8010970611309325   15521651
round 7, total revenue = 14158987
8     311776   120.36785714285715   51.396503213901745   0.00042699524967784735  0.4206513650826234    1827400  131149   56       0.551212510929943    0.023485735253785688 0.2711034625997686   6740600 
8     255379   64.23909128630706    80.9445734123872     0.0012600516568895023   0.7489339374028405    12474379 191262   241      0.8298047644472856   0.031758397642658344 0.8057540615417468   15481621
round 8, total revenue = 14301779
9     311776   118.72739285714286   51.21738795507418    0.0004313864452216248   0.4163694447295494    1919266  129814   56       0.5529723847471283   0.02348557997689316  0.2886663837055295   6648734 
9     255379   64.09213278008299    80.94603843392498    0.001262963719926004    0.7472070922041358    12509796 190821   241      0.8310755874137812   0.031756349443087244 0.8098945216572305   15446204
round 9, total revenue = 14429062
10    311776   117.349125           51.053465300383      0.00043505620770826375  0.41285730781073593   1996449  128719   56       0.5547364379894218   0.0234854375658582   0.3038017965621814   6571551 
10    255379   63.982439834024895   80.978946207534      0.001265643298655057    0.7456251297091774    12536232 190417   241      0.8323297175014014   0.03175424795953873  0.8129974458759691   15419768
round 10, total revenue = 14532681
11    311776   116.02201785714286   50.88684993734336    0.0004385964912280702   0.4095247870265832    2070767  127680   56       0.5565127682929706   0.023485305742704486 0.31871521307608947  6497233 
11    255379   63.90334024896266    81.01412947990258    0.0012677604826958585   0.7443799216067101    12555295 190099   241      0.8335854366663398   0.03175209348508341  0.8152415749798467   15400705
round 11, total revenue = 14626062
12    311776   114.84717857142857   50.73875792861876    0.0004417936823503424   0.40656112080468026   2136558  126756   56       0.558286822302487    0.02348518269915804  0.3322051260044015   6431442 
12    255379   63.8311286307054     81.05476081332426    0.0012698312336331399   0.7431660394942419    12572698 189789   241      0.8347943007514973   0.0317498864749745   0.8172951424863141   15383302
round 12, total revenue = 14709256
13    311776   113.89191071428571   50.633093582293355   0.0004445714648629767   0.40402083547162065   2190053  125964   56       0.5600705972070097   0.023485066986030655 0.34337899013585405  6377947 
13    255379   63.76744398340249    81.08369035308021    0.0012715530886604901   0.7421596920655184    12588046 189532   241      0.83599643017564     0.03174762746649715  0.8191100780233985   15367954
round 13, total revenue = 14778099
14    311776   113.00933928571429   50.52188595195708    0.0004470593870496475   0.4017724263573848    2239477  125263   56       0.5618566297474165   0.023484957431814557 0.35387040546427656  6328523 
14    255379   63.708659751037345   81.1150810422434     0.0012732190782105196   0.7411885863755437    12602213 189284   241      0.8371429267595777   0.03174531702710115  0.8207885780882592   15353787
round 14, total revenue = 14841690
15    311776   112.21325            50.433326110161396   0.0004494418093243124   0.39964269218926407   2284058  124599   56       0.5636485209462339   0.023484853081975808 0.36347534716265684  6283942 
15    255379   63.411500000000004   81.16350029089755    0.0012799492251547046   0.7403506161430657    12726417 189070   242      0.8382306577508835   0.03174295572119738  0.829321179912161    15345583
round 15, total revenue = 15010475
16    311776   111.51464285714286   50.3606393445267     0.0004516056192642054   0.3977278558965411    2323180  124002   56       0.5654267170645628   0.023484753153131796 0.37201712779551693  6244820 
16    255379   63.36609917355372    81.20245281819915    0.0012814810107813857   0.7394656569255891    12737404 188844   242      0.8392959449168291   0.03174054408935623  0.830631860141604    15334596
round 16, total revenue = 15060584
17    311776   110.836875           50.27918637807012    0.0004536322986196617   0.39595093913578977   2361135  123448   56       0.567212339125718    0.0234846569980767   0.38040701706900343  6206865 
17    255379   63.32479752066116    81.24417359402833    0.0012829756552718637   0.7386041922006117    12747399 188624   242      0.8403446754105267   0.03173808263578383  0.8318258335078349   15324601
round 17, total revenue = 15108534
18    311776   110.20328571428571   50.19915729880102    0.0004555141616099172   0.3943151493379862    2396616  122938   56       0.5690034839986231   0.023484564078812796 0.38834336025760186  6171384 
18    255379   63.04669547325103    81.30049723786225    0.0012895282873684603   0.7378876101793804    12867653 188441   243      0.8413514391289556   0.031735571821331396 0.8399061065653408   15320347
round 18, total revenue = 15264269
19    311776   111.62374545454546   50.13233492838595    0.0004491189103558655   0.3927884121933696    2275694  122462   55       0.5707889008201524   0.0234844739455584   0.37067609922033534  6139306 
19    255379   63.02510288065844    81.34042191582928    0.0012906035563297997   0.7372728376256465    12872900 188284   243      0.8423176435405975   0.03173301206019653  0.8405364640126411   15315100
round 19, total revenue = 15148594
20    311776   111.12772727272728   50.08009340816912    0.0004506534474988734   0.391450913476342     2302975  122045   55       0.5725701009002779   0.023484386220265857 0.37679410669949814  6112025 
20    255379   62.78119672131148    81.39928051819693    0.0012965550956209383   0.7369086729919061    12985388 188191   244      0.8432875557993149   0.031730403719072264 0.8476869836509991   15318612
round 20, total revenue = 15288363
