Max revenue's round: 16
This round's info:
round bids     cpc                  cpm                  ctr                     winrate               revenue  imps     clks     auc                  rmse                 roi                  cost    
16    311776   104.20597727272728   47.41827827993464    0.00045504374625106005  0.31013933080160117   2146937  96694    44       0.5490344780642382   0.02272082189096219  0.46824591068868626  4585063 
16    255379   53.78352272727273    78.32379029588932    0.0014562785463692327   0.47324173091757743   12358100 120856   176      0.8651214435888122   0.02868635357313451  1.3055388288488152   9465900 
round 16, total revenue = 14505037


all rounds' info:
round bids     cpc                  cpm                  ctr                     winrate               revenue  imps     clks     auc                  rmse                 roi                  cost    
1     311776   113.98017073170732   47.88395803020678    0.00042010779351189624  0.313026018680078     1599813  97594    41       0.5364458033349203   0.022721183856951883 0.3423387508353507   4673187 
1     255379   48.75036942675159    69.69411764705882    0.0014296120925150245   0.4300275277137118    11814192 109820   157      0.835656796277924    0.02873582574499708  1.5435704684517824   7653808 
round 1, total revenue = 13414005
2     311776   113.59080487804877   47.822796118498744   0.00042100939569748934  0.31235566560607614   1615777  97385    41       0.537321724938691    0.02272115580115195  0.3469400112470457   4657223 
2     255379   49.10729746835443    70.26573268250274    0.0014308613241806507   0.4323887242098998    11833047 110423   158      0.8383546594827168   0.02873292411888802  1.5250829590023294   7758953 
round 2, total revenue = 13448824
3     311776   113.26085365853658   47.76677707373272    0.0004217412771560237   0.3118136097711177    1629305  97216    41       0.5381760400111502   0.022721128955830425 0.35086391332764105  4643695 
3     255379   48.86264596273292    70.83392009796418    0.0014496537938610313   0.4348869719123342    12097114 111061   161      0.840886963336109    0.028729962073505692 1.537725854931672    7866886 
round 3, total revenue = 13726419
4     311776   113.01658536585367   47.71922597654037    0.00042223206286108567  0.31145117007082007   1639320  97103    41       0.539045084997483    0.022721103063319856 0.35378360180245505  4633680 
4     255379   49.047674846625775   71.49231402076421    0.001457608627612294    0.4378864354547555    12217229 111827   163      0.8432927130001654   0.028726939370492175 1.528152463654056    7994771 
round 4, total revenue = 13856549
5     311776   110.2125             47.691867832967574   0.00043272648595184374  0.3113100431078723    1797075  97059    42       0.5399051206183614   0.022721077921603144 0.388227288193263    4628925 
5     255379   49.441506097560975   72.07472888888888    0.0014577777777777777   0.4405217343634363    12227593 112500   164      0.8455475256271309   0.02872385653556794  1.5080142129027316   8108407 
round 5, total revenue = 14024668
6     311776   110.0705             47.6505493825888     0.00043290935702653115  0.3111785384378528    1803039  97018    42       0.540755967483765    0.022721053371021482 0.3900182155981848   4622961 
6     255379   49.61235542168675    72.69273747947817    0.0014652143979381079   0.4436308388708547    12348349 113294   166      0.8476944362962887   0.028720714578847253 1.4993774019807298   8235651 
round 6, total revenue = 14151388
7     311776   110.02078571428571   47.63246435971178    0.0004329405943655874   0.3111560864210202    1805127  97011    42       0.5416004958340156   0.02272102928466543  0.390646312936971    4620873 
7     255379   49.798363095238095   73.29961624728394    0.0014719282259760286   0.44692789931826815   12465875 114136   168      0.8497390462228547   0.028717514802875627 1.4900416859657248   8366125 
round 7, total revenue = 14271002
8     311776   109.86280952380953   47.59105161104006    0.0004331861875489913   0.31097967771733553   1811762  96956    42       0.5424431106907184   0.02272100556129795  0.3926459796828859   4614238 
8     255379   49.942               73.85042274103198    0.0014787237743989423   0.45017013928318306   12589860 114964   170      0.8516789152734676   0.028714258668691886 1.4828801409635177   8490140 
round 8, total revenue = 14401622
9     311776   109.80478571428571   47.57082293235409    0.0004332308707940503   0.31094760340757466   1814199  96946    42       0.5432786894721877   0.022720982120046383 0.39338189136955387  4611801 
9     255379   50.36122222222222    74.41580470944048    0.0014776409591704472   0.4531500240818548    12592231 115725   171      0.8535313646978216   0.028710947701259724 1.4622118870118324   8611769 
round 9, total revenue = 14406430
10    311776   109.69607142857144   47.54579416105097    0.0004334320595246695   0.31080326901365085   1818765  96901    42       0.5441067936694857   0.02272095889634999  0.39476280241837025  4607235 
10    255379   51.067994152046786   74.9781229339996     0.001468201839115988    0.4560633411517783    12471373 116469   171      0.8553179120355585   0.028707583422277902 1.4281353136919739   8732627 
round 10, total revenue = 14290138
11    311776   109.62464285714286   47.526605902329756   0.0004335394366051798   0.3107262906702248    1821765  96877    42       0.5449375289204119   0.022720935838813114 0.3956715936523657   4604235 
11    255379   51.18001734104046    75.51121477792181    0.001475404243706079    0.45914503541794743   12597857 117256   173      0.8570817587386905   0.028704167302482615 1.4228205937039868   8854143 
round 11, total revenue = 14419622
12    311776   109.48738095238095   47.49357074248887    0.00043378122966650483  0.3105530893975162    1827530  96823    42       0.5457674070856866   0.022720912906722124 0.39742131622039506  4598470 
12    255379   51.64227586206896    76.11564199434157    0.0014739017737645484   0.4622698029203654    12590244 118054   174      0.8587883547371233   0.0287007007281325   1.4011335273292531   8985756 
round 12, total revenue = 14417774
13    311776   109.39797619047619   47.47391097702099    0.0004339560257893867   0.31042799958944883   1831285  96784    42       0.5465833924905146   0.022720890068057525 0.39856334941340216  4594715 
13    255379   52.367528735632185   76.70701832661274    0.0014647820926180033   0.46514787825153986   12464050 118789   174      0.860440602310688    0.02869718497801169  1.3678795427981936   9111950 
round 13, total revenue = 14295335
14    311776   106.77920930232558   47.44369588129533    0.00044431585690962825  0.31040875500359233   1987494  96778    43       0.5474096230587135   0.022720867297881978 0.4328632043603994   4591506 
14    255379   52.71142857142858    77.22348725848039    0.0014650236078089943   0.4677440196727217    12475500 119452   175      0.8620253949854964   0.028693621208358295 1.3524310260718737   9224500 
round 14, total revenue = 14462994
15    311776   106.74088372093023   47.44186383040301    0.000444458226094866    0.31030932464333366   1989142  96747    43       0.5482277611437828   0.02272084457701921  0.43337767747934686  4589858 
15    255379   53.42024571428572    77.80467566622833    0.0014564642042711852   0.47049287529514955   12351457 120154   175      0.8635839747125282   0.02869001044383432  1.321217327662717    9348543 
round 15, total revenue = 14340599
16    311776   104.20597727272728   47.41827827993464    0.00045504374625106005  0.31013933080160117   2146937  96694    44       0.5490344780642382   0.02272082189096219  0.46824591068868626  4585063 
16    255379   53.78352272727273    78.32379029588932    0.0014562785463692327   0.47324173091757743   12358100 120856   176      0.8651214435888122   0.02868635357313451  1.3055388288488152   9465900 
round 16, total revenue = 14505037
17    311776   104.11727272727272   47.39604994982257    0.00045521793558666213  0.310020655855486     2150840  96657    44       0.5498387831855343   0.02272079922896533  0.4694968086685468   4581160 
17    255379   54.45732386363636    78.84704420934862    0.001447868507214663    0.47599058654000526   12239511 121558   176      0.8666312206486155   0.028682651348163956 1.27701236863019     9584489 
round 17, total revenue = 14390351
18    311776   103.99172727272727   47.37026492602984    0.0004555195511061878   0.3098153802730165    2156364  96593    44       0.5506580374751732   0.022720776583286896 0.47127087906468085  4575636 
18    255379   54.7996384180791     79.37427168576104    0.001448445171849427    0.47850449723743926   12248464 122200   177      0.8681146368737722   0.028678904385951092 1.2627886529829881   9699536 
round 18, total revenue = 14404828
19    311776   101.54582222222223   47.35052069840941    0.0004662970830526916   0.309533126347121     2315438  96505    45       0.5514633591399165   0.022720753948555886 0.5067089581014548   4569562 
19    255379   55.370706214689264   79.82126858985845    0.0014415793846003487   0.48078346300987945   12147385 122782   177      0.8695783102017316   0.02867511317263613  1.2394512997398632   9800615 
round 19, total revenue = 14462823
20    311776   101.42139999999999   47.32634078559874    0.0004666307188186984   0.3093118136097711    2321037  96436    45       0.5522718300961242   0.022720731321243293 0.5085573656052864   4563963 
20    255379   55.932661016949154   80.25292434399852    0.001434813271617448    0.4830506815360699    12047919 123361   177      0.8710246253082795   0.028671278069005244 1.2169515582751294   9900081 
round 20, total revenue = 14368956
