Max revenue's round: 19
This round's info:
round bids     cpc                  cpm                  ctr                     winrate               revenue  imps     clks     auc                  rmse                 roi                  cost    
19    311776   79.02241379310345    47.59842560571601    0.0006023408210528502   0.30884673611823876   4290700  96291    58       0.5874796330038968   0.022719691076045843 0.9361595357057142   4583300 
19    255379   56.50477083333334    86.49034161119305    0.0015306732570654123   0.4911719444433567    11423084 125435   192      0.9075501127600415   0.02852160947676871  1.0529239971993516   10848916
round 19, total revenue = 15713784


Here are train dataset's quality scores:
id    score1               score2               score3              
3476  0.8162716080168062   0.4240631163708087   21.572407811201195  
3358  0.991548192022253    0.8644338118022329   -18.904059724265707 


all rounds' info:
round bids     cpc                  cpm                  ctr                     winrate               revenue  imps     clks     auc                  rmse                 roi                  cost    
1     311776   95.03782926829268    45.82021401693321    0.0004821260583254939   0.27275993020630196   2376449  85040    41       0.5690751736869124   0.022720231627456195 0.6098852549344279   3896551 
1     255379   41.20275287356321    75.34158285780342    0.001828557016299379    0.37261090379396894   13014721 95157    174      0.8812087437224796   0.02865741295454772  1.8153458667182572   7169279 
round 1, total revenue = 15391170
2     311776   88.96857777777778    46.12107458009815    0.0005183973458055894   0.27842425331006876   2881414  86806    45       0.5702712068154654   0.022720200170674828 0.7197082815256123   4003586 
2     255379   43.2781091954023     76.53225265511459    0.0017683825397631994   0.38529009824613614   12653609 98395    174      0.8827983796922934   0.02864915626807524  1.680338909360749    7530391 
round 2, total revenue = 15535023
3     311776   87.19206382978724    46.39555973190834    0.0005321075989493705   0.28330596325567076   3092973  88328    47       0.5714416270355909   0.022720170188547783 0.7547468574511588   4098027 
3     255379   45.07296571428572    77.72809152632564    0.0017244947230461475   0.39736626739081915   12412231 101479   175      0.8843751864761007   0.02864095788275173  1.5736047797545796   7887769 
round 3, total revenue = 15505204
4     311776   89.05978723404256    46.629719161830074   0.0005235777067296445   0.2879214564302576    3005190  89767    47       0.5725800560354626   0.022720141159373475 0.7179470640091166   4185810 
4     255379   46.64366477272727    78.70914390358489    0.0016874562555729202   0.4084086788655293    12206715 104299   176      0.8859432309628373   0.028632834706373272 1.486940092833907    8209285 
round 4, total revenue = 15211905
5     311776   90.76521276595744    46.86328682851807    0.0005163133033066022   0.2919724417530535    2925035  91030    47       0.5736978153185722   0.022720112659500438 0.6856678383437276   4265965 
5     255379   48.16003389830508    79.68149186763881    0.0016545148625911384   0.4189068012640037    12007674 106980   177      0.8875009788262234   0.028624799224165453 1.4086361783911128   8524326 
round 5, total revenue = 14932709
6     311776   90.2573125           47.047304121192376   0.0005212575338002933   0.29535628143282355   3011649  92085    48       0.5747972369551813   0.02272008435870206  0.6951535090300855   4332351 
6     255379   49.29833519553073    80.61980503759467    0.0016353453867728879   0.4286061109174991    11939598 109457   179      0.889034158983266    0.02861685984880901  1.3530206352793084   8824402 
round 6, total revenue = 14951247
7     311776   89.56855102040817    47.18492915045047    0.0005268024168404756   0.2983359848096069    3108141  93014    49       0.575869829817671    0.02272005601162678  0.7081888481721559   4388859 
7     255379   50.52248888888889    81.40108665491098    0.0016111852057393997   0.43746353458976656   11785952 111719   180      0.8905538629492443   0.0286090213575293   1.2960072346220297   9094048 
round 7, total revenue = 14894093
8     311776   90.54848979591837    47.293382791847876   0.0005222989681930587   0.30090834445242737   3060124  93816    49       0.5769153547193477   0.0227200274468675   0.6897023942070952   4436876 
8     255379   51.64303314917127    82.18929921744483    0.0015914886133825727   0.44533810532580986   11648611 113730   181      0.8920543785937897   0.028601285375480123 1.2461887485371583   9347389 
round 8, total revenue = 14708735
9     311776   91.3635306122449     47.397757591157415   0.0005187820268496168   0.3029482705532177    3020187  94452    49       0.577935167051475    0.022719998554975904 0.6746288040175008   4476813 
9     255379   52.549329670329676   82.84014863448563    0.001576426362699327    0.45207710892438296   11548022 115451   182      0.893532766665353    0.02859365087181447  1.207449661636612    9563978 
round 9, total revenue = 14568209
10    311776   90.18948             47.46714806004084    0.0005263047093745395   0.30471235759006465   3140526  95002    50       0.5789545010102151   0.022719969276463577 0.6964284526310608   4509474 
10    255379   53.62202747252747    83.4184595396227     0.0015556752228803926   0.4581073619992247    11352791 116991   182      0.8949837956658943   0.028586114642723565 1.1632900781200608   9759209 
round 10, total revenue = 14493317
11    311776   87.26134615384616    47.53742679643385    0.0005447707248593549   0.3061589089602792    3418410  95453    52       0.579950554130789    0.022719939590534827 0.7533536524895375   4537590 
11    255379   54.25740983606558    83.90321108669934    0.0015463917525773195   0.463389707062836     11298894 118340   183      0.8964118837156666   0.028578671763325382 1.1379568311588173   9929106 
round 11, total revenue = 14717304
12    311776   87.61323076923077    47.57312616168578    0.000542990205292066    0.3071628348557939    3400112  95766    52       0.580941544466351    0.02271990950502264  0.7463115862374141   4555888 
12    255379   54.88690760869566    84.40681493368102    0.0015378314904428787   0.4685154221764515    11244809 119649   184      0.8978508044786947   0.0285713159969603   1.1134366109126959   10099191
round 12, total revenue = 14644921
13    311776   86.27332075471699    47.61022490628905    0.0005518533944189921   0.3080416709432413    3536514  96040    53       0.5819025567363294   0.02271987904777048  0.7734335326559775   4572486 
13    255379   54.78190374331551    84.82839256732139    0.0015484747110065913   0.47288148203258684   11447784 120764   187      0.899270167203114    0.028564040155904795 1.1174875656663232   10244216
round 13, total revenue = 14984298
14    311776   84.87887037037036    47.63421047161772    0.0005612022198665586   0.30862542338088883   3678541  96222    54       0.5828503140770438   0.022719848259527185 0.8025687586602172   4583459 
14    255379   55.196026595744684   85.18744458674023    0.001543361901947263    0.47698518672247914   11431147 121812   188      0.9006872931386186   0.028556836411683818 1.1016005526916495   10376853
round 14, total revenue = 15109688
15    311776   83.44274545454546    47.63554176224531    0.000570876970822997    0.30901352252899517   3825649  96343    55       0.5838041507462177   0.022719817188298762 0.8335925929396117   4589351 
15    255379   55.22768947368421    85.51686171599948    0.001548441778589125    0.48047803460738747   11546739 122704   190      0.9020751559596449   0.028549696556146476 1.1003956729943152   10493261
round 15, total revenue = 15372388
16    311776   80.57254385964913    47.641441908713695   0.000591286307053942    0.30919634609463204   4128365  96400    57       0.5847367994607935   0.022719785885022863 0.8989098850659807   4592635 
16    255379   55.47328272251309    85.79268825910931    0.0015465587044534413   0.4835949706123056    11560603 123500   191      0.9034688603120516   0.02854261221644316  1.0910967281358122   10595397
round 16, total revenue = 15688968
17    311776   80.53929824561403    47.62623066468861    0.0005913415152866969   0.30916747921584725   4130260  96391    57       0.5856618739300755   0.02271975440039087  0.8996937312938654   4590740 
17    255379   55.97473821989529    86.05883394643848    0.001537458444349639    0.4864573829484805    11464825 124231   191      0.9048482196380305   0.02853557502821042  1.0723634212329327   10691175
round 17, total revenue = 15595085
18    311776   79.11524137931035    47.613298192458544   0.000601822068192666    0.30911295288925383   4285316  96374    58       0.5865758660825595   0.022719722782627915 0.9338877987675769   4588684 
18    255379   56.40465445026179    86.28640422890552    0.001529774538464619    0.48890081016841636   11382711 124855   191      0.9062027709415017   0.028528576771831658 1.0565678689209952   10773289
round 18, total revenue = 15668027
19    311776   79.02241379310345    47.59842560571601    0.0006023408210528502   0.30884673611823876   4290700  96291    58       0.5874796330038968   0.022719691076045843 0.9361595357057142   4583300 
19    255379   56.50477083333334    86.49034161119305    0.0015306732570654123   0.4911719444433567    11423084 125435   192      0.9075501127600415   0.02852160947676871  1.0529239971993516   10848916
round 19, total revenue = 15713784
20    311776   78.91544827586208    47.575004157658405   0.0006028604689838683   0.30858051934722364   4296904  96208    58       0.5883821441950934   0.022719659320199648 0.9387838926690635   4577096 
20    255379   56.864041666666665   86.70157633512011    0.0015247170935080406   0.49309066133080637   11354104 125925   192      0.9088862151764316   0.028514665498797814 1.0399534855433685   10917896
round 20, total revenue = 15651008
