Max revenue's round: 20
This round's info:
round bids     cpc                  cpm                  ctr                     winrate               revenue  imps     clks     auc                  rmse                 roi                  cost    
20    311776   72.02025925925926    45.29365042392621    0.0006289015186807044   0.27540285333059633   4372906  85864    54       0.6051557062937023   0.023413051743385985 1.1244022386704975   3889094 
20    255379   40.82170833333333    67.9769105640915     0.0016652147433179403   0.507923517595417     16238511 129713   216      0.9105594525618587   0.030862251595611626 1.8416253198614707   8817489 
round 20, total revenue = 20611417


Here are train dataset's quality scores:
id    score1               score2               score3              
3476  0.8424451167101518   0.5226824457593688   13.286836853484118  
3358  0.9643880898075684   0.9170653907496013   11.47355171729204   


all rounds' info:
round bids     cpc                  cpm                  ctr                     winrate               revenue  imps     clks     auc                  rmse                 roi                  cost    
1     311776   81.53867441860466    44.133211655862546   0.0005412549562590471   0.25481435389510415   3072837  79445    43       0.5797379554693766   0.02341409178398892  0.8764101954187526   3506163 
1     255379   44.443468899521534   69.79408206661807    0.0015704013164321083   0.5211352538775702    14955315 133087   209      0.8814798798126313   0.030921556125885916 1.6100572901331027   9288685 
round 1, total revenue = 18028152
2     311776   80.19761363636363    44.205940569252355   0.0005512126678693125   0.25602997023504054   3203305  79824    44       0.5811334656608573   0.023414038126137827 0.9077874398325727   3528695 
2     255379   44.24282296650718    69.65484252472675    0.0015743760875624288   0.5198195622976047    14997250 132751   209      0.8833651466660015   0.03091909460468113  1.6218941790358774   9246750 
round 2, total revenue = 18200555
3     311776   77.20756521739132    44.26377187297472    0.0005733087392193031   0.2573514317971877    3486452  80236    46       0.5825315281914772   0.023413984189138586 0.9816710910284755   3551548 
3     255379   44.074535885167464   69.54601254784716    0.0015779182049481704   0.5186526691701354    15032422 132453   209      0.8852211518546469   0.030916533713516874 1.6319051958307251   9211578 
round 3, total revenue = 18518874
4     311776   77.79019565217392    44.344672466354375   0.000570054774828364    0.2588204351842348    3459651  80694    46       0.5839135072320811   0.023413930021747888 0.9668288364270785   3578349 
4     255379   43.936047846889956   69.45753942740441    0.0015808781816118906   0.5176815634801608    15061366 132205   209      0.8870408021225308   0.0309138811249951   1.640201057779282    9182634 
round 4, total revenue = 18521017
5     311776   76.68989361702128    44.42722263992802    0.0005793100048070405   0.26022208252078416   3586575  81131    47       0.5853035374012927   0.023413875665034164 0.9950477538026176   3604425 
5     255379   43.79246411483254    69.35383041600363    0.00158369326362052     0.516761362523935     15091375 131970   209      0.8888292071529726   0.03091114334531441  1.648857568183991    9152625 
round 5, total revenue = 18677950
6     311776   77.15546808510639    44.496202314195614   0.0005767083450924574   0.2613960022580314    3564693  81497    47       0.5866884816594258   0.02341382115350054  0.9830091605592135   3626307 
6     255379   43.247781990521325   69.25789705368933    0.0016014207865936035   0.5159312237889568    15350718 131758   211      0.8905579145789166   0.03090832590364702  1.6822184782892189   9125282 
round 6, total revenue = 18915411
7     311776   76.02727083333333    44.56572552084605    0.0005861807879246758   0.2626436929077286    3694691  81886    48       0.5880613398410475   0.02341376651606331  1.0124357789378757   3649309 
7     255379   43.11648815165877    69.15313514294185    0.0016038675251031872   0.5151441582902274    15378421 131557   211      0.8922515683078017   0.03090543350788287  1.6903860906291663   9097579 
round 7, total revenue = 19073112
8     311776   73.38172             44.61817032091739    0.0006080284070871791   0.2637566714564303    3980914  82233    50       0.5894264471692541   0.023413711776896405 1.0849879234228905   3669086 
8     255379   42.978364928909954   69.03445467071657    0.0016062606100745276   0.5143766715352476    15407565 131361   211      0.8938940934663273   0.03090247017354001  1.6990324129797478   9068435 
round 8, total revenue = 19388479
9     311776   72.37576470588235    44.67261306836748    0.0006172316555121207   0.2650203992610079    4111836  82627    51       0.590787444480759    0.023413656956155198 1.1139673013715998   3691164 
9     255379   42.66406603773585    68.94571870688407    0.001616013781853385    0.5136953312527655    15547218 131187   212      0.8954939162713962   0.0308994393310846   1.7189157240052884   9044782 
round 9, total revenue = 19659054
10    311776   71.38301923076924    44.731053348276156   0.0006266343708952436   0.2661622446884943    4244083  82983    52       0.5921463586331135   0.023413602070593287 1.1433668910161514   3711917 
10    255379   42.149967289719626   68.84989046721267    0.0016334506262832892   0.5130061594727836    15803907 131011   214      0.8970440545470438   0.03089634391573913  1.7520780550710509   9020093 
round 10, total revenue = 20047990
11    311776   71.7611346153846     44.78557626528726    0.0006240923656701192   0.26724635635841115   4224421  83321    52       0.5934977471384477   0.023413547134085735 1.1320733126646922   3731579 
11    255379   42.05799532710281    68.76579439966383    0.001635023111892119    0.5125127751302966    15823589 130885   214      0.8985573142387324   0.030893186442980017 1.7580962691592639   9000411 
round 11, total revenue = 20048010
12    311776   72.12523076923077    44.8416647736104     0.0006217195327538589   0.2682663194088063    4205488  83639    52       0.5948338591433467   0.02341349215807128  1.1213103704240914   3750512 
12    255379   41.77586976744186    68.69192000305915    0.0016442965852166264   0.5120037277928099    15958188 130755   215      0.8999985464379128   0.03088996907225862  1.7767225588778746   8981812 
round 12, total revenue = 20163676
13    311776   72.5125576923077     44.91278661187541    0.0006193794294562563   0.2692798675972493    4185347  83955    52       0.5961526302558599   0.023413437151925082 1.109979359012882    3770653 
13    255379   41.44946759259259    68.5687097441239     0.001654272388202587    0.5112832300228288    16102915 130571   216      0.9014149919124186   0.03088669366096812  1.7985884195224329   8953085 
round 13, total revenue = 20288262
14    311776   72.90426923076923    44.98020929735887    0.0006169763413302959   0.27032869752642924   4164978  84282    52       0.5974638006525542   0.023413382123272177 1.0986425296397646   3791022 
14    255379   41.54095348837209    68.47374917582839    0.0016483432233926737   0.510746772444093     16008695 130434   215      0.9027999065150114   0.03088336181028458  1.7924250711402197   8931305 
round 14, total revenue = 20173673
15    311776   73.26253846153847    45.0377358490566     0.000614744408190287    0.2713101714051114    4146348  84588    52       0.5987705419901546   0.02341332707825061  1.0883797260222194   3809652 
15    255379   41.45624186046512    68.39494160438312    0.001649810463635108    0.5102925455891049    16026908 130318   215      0.9041686192956496   0.030879974904202228 1.7981311087106473   8913092 
round 15, total revenue = 20173256
16    311776   73.59780769230768    45.09935304446199    0.0006127812017582107   0.27217938519963053   4128914  84859    52       0.6000695887759384   0.02341327202173226  1.0788662705776666   3827086 
16    255379   41.16447222222222    68.30597978059798    0.0016593430230771595   0.5097208462716198    16164474 130172   216      0.9055095461896647   0.03087653414284189  1.8179639805360746   8891526 
round 16, total revenue = 20293388
17    311776   73.95255769230769    45.1565641146078     0.0006106153123532175   0.2731448219234322    4110467  85160    52       0.6013571500355968   0.023413216957507997 1.0688939608631625   3845533 
17    255379   41.0760462962963     68.2174210562736     0.0016607591822298767   0.5092861981603812    16183574 130061   216      0.9068172601421026   0.03087304057091995  1.8240303159474083   8872426 
round 17, total revenue = 20294041
18    311776   71.49537037037037    45.200435525792024   0.0006322148593907322   0.2739595093913579    4401250  85414    54       0.602631217678777    0.023413161888443036 1.1399987049148481   3860750 
18    255379   40.987717592592595   68.13778639760491    0.0016623952344669945   0.5087849823203944    16202653 129933   216      0.9081028691601795   0.03086949510211338  1.8301161131490724   8853347 
round 18, total revenue = 20603903
19    311776   71.7735925925926     45.25235849056604    0.0006304875770595927   0.27471004823976186   4386226  85648    54       0.6039008937972622   0.02341310681660746  1.1317032417266848   3875774 
19    255379   40.900337962962965   68.0469925825509     0.0016637269023099615   0.5083777444504051    16221527 129829   216      0.909346727939704    0.030865898539932043 1.8361623834268326   8834473 
round 19, total revenue = 20607753
20    311776   72.02025925925926    45.29365042392621    0.0006289015186807044   0.27540285333059633   4372906  85864    54       0.6051557062937023   0.023413051743385985 1.1244022386704975   3889094 
20    255379   40.82170833333333    67.9769105640915     0.0016652147433179403   0.507923517595417     16238511 129713   216      0.9105594525618587   0.030862251595611626 1.8416253198614707   8817489 
round 20, total revenue = 20611417
