Max revenue's round: 18
This round's info:
round bids     cpc                  cpm                  ctr                     winrate               revenue  imps     clks     auc                  rmse                 roi                  cost    
18    311776   66.50960869565218    42.08156509619088    0.0006327140682597612   0.34978317766601663   5967837  109054   69       0.6585812960191462   0.022715112786331218 1.3004194882596238   4589163 
18    255379   71.05409027777779    71.387728760108      0.0010046955563152791   0.5612325210765177    7624211  143327   144      0.9223823771487597   0.0241944255933124   0.745149357556142    10231789
round 18, total revenue = 13592048


all rounds' info:
round bids     cpc                  cpm                  ctr                     winrate               revenue  imps     clks     auc                  rmse                 roi                  cost    
1     311776   66.521359375         40.88393688840233    0.0006145986382798921   0.3339994098327004    5534633  104133   64       0.642124215031628    0.022716042261757108 1.300013130181166    4257367 
1     255379   72.6878115942029     70.83731506655839    0.0009745418593976201   0.5544896017291947    7081082  141605   138      0.9051922736877189   0.02429628848632606  0.7059256191706482   10030918
round 1, total revenue = 12615715
2     311776   67.026953125         40.9833285564154     0.0006114454953663896   0.3357218002668583    5502275  104670   64       0.6431752611594794   0.02271598417731085  1.282663807120503    4289725 
2     255379   72.42534532374101    70.92769929897489    0.0009793215204142742   0.5557817988166607    7168877  141935   139      0.906358878656851    0.024290424928557815 0.7121078186886164   10067123
round 2, total revenue = 12671152
3     311776   67.488609375         41.08543789059156    0.0006087758848652608   0.33719401108488145   5472729  105129   64       0.6442150057160636   0.02271592689721259  1.2670492312244357   4319271 
3     255379   72.11985714285714    71.00058365621946    0.0009844803701646193   0.5568468824766327    7263220  142207   140      0.9075132967727737   0.02428457943761923  0.7193600335948689   10096780
round 3, total revenue = 12735949
4     311776   67.948796875         41.18967019644244    0.0006061868949970638   0.3386341475931438    5443277  105578   64       0.6452377879496348   0.022715870298962618 1.2516954977357722   4348723 
4     255379   72.27775714285714    71.05160936973374    0.0009830356139759577   0.5576652739653613    7241114  142416   140      0.9086721418458121   0.024278741931086114 0.7156038718096044   10118886
round 4, total revenue = 12684391
5     311776   68.39265625          41.28861554714988    0.0006036995462820597   0.3400293800677409    5414870  106013   64       0.6462539128202374   0.0227158142801704   1.2370822890798308   4377130 
5     255379   72.44636428571428    71.11598735091397    0.0009816363878585603   0.5584601709615904    7217509  142619   140      0.9098131518789763   0.02427290346680616  0.7116110825240072   10142491
round 5, total revenue = 12632379
6     311776   67.74035384615384    41.38545768988561    0.0006109424492212834   0.3412482038386534    5541877  106393   65       0.6472544706235388   0.02271575875495093  1.2586241628952906   4403123 
6     255379   72.06048226950354    71.16212354671522    0.0009875332679647008   0.5590906065103238    7323472  142780   141      0.9109168380840436   0.024267056161282684 0.7207767155407672   10160528
round 6, total revenue = 12865349
7     311776   68.1209076923077     41.47916139729646    0.0006089050014520043   0.3423900492661398    5517141  106749   65       0.6482529554754966   0.02271570365098234  1.2460064785260778   4427859 
7     255379   72.16256737588654    71.19561977399154    0.000986600426827135    0.55961923259156      7309078  142915   141      0.9120043429975844   0.024261193104976868 0.7183424108803979   10174922
round 7, total revenue = 12826219
8     311776   68.42556923076924    41.551013163180464   0.0006072439532515578   0.34332661911115675   5497338  107041   65       0.6492338601054833   0.0227156489071094   1.2360062432801773   4447662 
8     255379   72.26074468085106    71.22918443534067    0.000985724472532543    0.5601165326827969    7295235  143042   141      0.9130622330945575   0.02425530827797616  0.7160077791567476   10188765
round 8, total revenue = 12792573
9     311776   67.68834848484848    41.61634124529567    0.0006148228192420912   0.3443113004208149    5630569  107348   66       0.6502055759799953   0.022715594471393482 1.2603594772924305   4467431 
9     255379   72.34456737588653    71.26099592019226    0.0009850220756720506   0.5605159390552864    7283416  143144   141      0.9140962074461928   0.024249396468373315 0.71401951103976     10200584
round 9, total revenue = 12913985
10    311776   67.9484393939394     41.67802343844388    0.0006133771990966627   0.34512278045776457   5613403  107601   66       0.6511734847996358   0.022715540299525407 1.2517073440489748   4484597 
10    255379   72.38679432624113    71.27868875356165    0.0009846918822280575   0.5607038949952815    7277462  143192   141      0.9151176387526667   0.02424345319487148  0.7130196350613695   10206538
round 10, total revenue = 12890865
11    311776   67.21111940298508    41.74526290418274    0.0006211064965885494   0.34599199425228366   5747855  107872   67       0.6521342977473696   0.022715486353532044 1.2764090430132717   4503145 
11    255379   72.44460992907801    71.30325219710032    0.0009842450979707798   0.5609584186640248    7269310  143257   141      0.9161085138781291   0.024237474634516885 0.7116525317948954   10214690
round 11, total revenue = 13017165
12    311776   67.40379104477613    41.79403081763917    0.0006200546018231457   0.34657895412090733   5734946  108055   67       0.6530796233567002   0.022715432600720054 1.2699019985146325   4516054 
12    255379   72.4889219858156     71.33043478260869    0.0009840184241747506   0.5610876383727714    7263062  143290   141      0.9170803072918853   0.024231457556015065 0.710606208549548    10220938
round 12, total revenue = 12998008
13    311776   66.61998529411765    41.849817086689825   0.0006281871258591383   0.3471979882992918    5873841  108248   68       0.6540202848255078   0.022715379012811236 1.2966081322973433   4530159 
13    255379   72.52732624113476    71.35726945405828    0.0009838673663056826   0.5611737848452691    7257647  143312   141      0.918034240223485    0.024225399258770763 0.7097004181256016   10226353
round 13, total revenue = 13131488
14    311776   66.81913235294118    41.900213019061056   0.0006270690974815798   0.34781702247767626   5860299  108441   68       0.6549518970644118   0.02271532556523222  1.2897633449031967   4543701 
14    255379   72.04107746478873    71.3730856979397     0.0009907276266491777   0.5612403525740174    7378167  143329   142      0.9189496280974389   0.024219297517572413 0.7212402196594998   10229833
round 14, total revenue = 13238466
15    311776   66.97625000000001    41.94419885432208    0.0006262548120314601   0.3482692702453043    5849615  108582   68       0.6558820343187062   0.022715272236529298 1.2843918553218492   4554385 
15    255379   72.05851408450704    71.38289011050341    0.0009906239535662463   0.5612990888052659    7375691  143344   142      0.9198536432712159   0.02421315053269737  0.7208237163283477   10232309
round 15, total revenue = 13225306
16    311776   67.15589705882353    41.9913472060027     0.0006252816066059163   0.3488113260802628    5837399  108751   68       0.6567908042283822   0.022715219007884393 1.2782809358645522   4566601 
16    255379   72.07353521126761    71.3907978626934     0.000990527211596144    0.5613539092877644    7373558  143358   142      0.9207290358774344   0.024206956885122248 0.7204650727416306   10234442
round 16, total revenue = 13210957
17    311776   66.35804347826087    42.03577723917594    0.0006334692078880687   0.3493662116391255    5978295  108924   69       0.6576932556229054   0.022715165862713334 1.3056737658355364   4578705 
17    255379   71.56167832167833    71.38595903789275    0.0009975445058317987   0.5613304147952651    7498680  143352   143      0.9215680714622825   0.024200715496471365 0.732770987323762    10233320
round 17, total revenue = 13476975
18    311776   66.50960869565218    42.08156509619088    0.0006327140682597612   0.34978317766601663   5967837  109054   69       0.6585812960191462   0.022715112786331218 1.3004194882596238   4589163 
18    255379   71.05409027777779    71.387728760108      0.0010046955563152791   0.5612325210765177    7624211  143327   144      0.9223823771487597   0.0241944255933124   0.745149357556142    10231789
round 18, total revenue = 13592048
19    311776   66.67194202898551    42.12710389919599    0.000631856559403674    0.35025787745047726   5956636  109202   69       0.6594680607530216   0.022715059765672643 1.294818410021468    4600364 
19    255379   71.02527083333332    71.37022693016245    0.0010048568079048736   0.56114245885527      7628361  143304   144      0.923185182923649    0.024188086675404365 0.7458574750242944   10227639
round 19, total revenue = 13584997
20    311776   66.80126086956521    42.16441175663437    0.0006311918548807596   0.3506267320127271    5947713  109317   69       0.6603485269039684   0.02271500678905709  1.290375930160131    4609287 
20    255379   70.95848611111111    71.33597229785393    0.0010053198173668998   0.5608840194377768    7637978  143238   144      0.9239672532384846   0.02418169848751191  0.7475006415135924   10218022
round 20, total revenue = 13585691
