Max revenue's round: 19
This round's info:
round bids     cpc                  cpm                  ctr                     winrate               revenue  imps     clks     auc                  rmse                 roi                  cost    
19    250551   266.1141636363636    71.78552545747931    0.00026975462138712733  0.8137624675215824    1313721  203889   55       0.5180531878698192   0.01696290954313811  0.08975785443827629  14636279
19    206296   283.08549019607847   78.93667508666033    0.000278843945805859    0.8865804475123124    403640   182898   51       0.5944239195149419   0.016648516202373245 0.027958020025821897 14437360
round 19, total revenue = 1717361


Here are train dataset's quality scores:
id    score1               score2               score3              
2259  0.7744715210011004   1.0                  12.752748941333302  
2261  0.7305211470739404   1.0                  13.213712335673014  


all rounds' info:
round bids     cpc                  cpm                  ctr                     winrate               revenue  imps     clks     auc                  rmse                 roi                  cost    
1     250551   315.5793888888889    90.74820074925513    0.0002875606073919052   0.999325486627473     -1841716 250382   72       0.4967738479739485   0.01782577142637548  -0.08105532170193483 22721716
1     206296   331.7090526315789    91.65498887483093    0.00027631138839201316  0.9999660681738861    -2320416 206289   57       0.5791185630910416   0.01906335411417597  -0.12272517831098655 18907416
round 1, total revenue = -4162132
2     250551   316.1552571428571    89.37612018657997    0.0002826969286997961   0.9882818268536147    -1830868 247615   70       0.49857944400750387  0.017214516114289907 -0.08272915459077339 22130868
2     206296   335.45603571428575   91.28498955245638    0.00027212206618397396  0.9975472137123357    -2489538 205790   56       0.5812319347090323   0.017403676988332707 -0.13252417897214336 18785538
round 2, total revenue = -4320406
3     250551   307.02160869565216   87.27343173887787    0.000284258271297742    0.968812736728251     -1174491 242737   69       0.500082175884339    0.017083565703310315 -0.055441077154036886 21184491
3     206296   329.71025000000003   90.34439328476154    0.00027401147912375044  0.9906687478186683    -2167774 204371   56       0.5826056602869962   0.01702076416157721  -0.11740687467253444 18463774
round 3, total revenue = -3342265
4     250551   311.5262             85.24042112530203    0.00027362199752477333  0.9481263295696285    -1399203 237554   65       0.5014294278828432   0.01703365708207532  -0.06909916405104932 20249203
4     206296   327.8221454545455    89.11865043471384    0.00027185061067532635  0.9807121805560941    -2025218 202317   55       0.5837117692528928   0.01687067839638105  -0.11232354484011231 18030218
round 4, total revenue = -3424421
5     250551   308.66685714285717   83.49045351697845    0.0002704872634846488   0.9296031546471577    -1176012 232913   63       0.5026800317258799   0.017009055869174897 -0.060475741761344175 19446012
5     206296   319.5708181818182    87.84947069584254    0.0002748982876335756   0.9698394539884438    -1571395 200074   55       0.5846714801929256   0.016795517976099156 -0.08940371447045882 17576395
round 5, total revenue = -2747407
6     250551   307.76160655737704   82.01741402208863    0.00026649657486369356  0.9135704906386325    -1083458 228896   61       0.503893595426718    0.01699499952749203  -0.05771222328885813 18773458
6     206296   312.1907636363636    86.73542664322807    0.0002778282920126892   0.9596114321169582    -1165492 197964   55       0.5855356623804625   0.016752091466711187 -0.06787761235962254 17170492
round 6, total revenue = -2248950
7     250551   313.3133448275862    80.67844362951847    0.0002575008213388267   0.8989866334598545    -1352174 225242   58       0.5050772719469496   0.016986159014098532 -0.07440903878644349 18172174
7     206296   305.484              85.72167630942542    0.0002806093815369231   0.9501008259975957    -796620  196002   55       0.5863252419714378   0.016724523276417044 -0.047413285147503634 16801620
round 7, total revenue = -2148794
8     250551   304.17065517241383   79.46299782896574    0.00026124478636482384  0.886103028924251     -821898  222014   58       0.5062306731413723   0.016980212052858618 -0.04658784445981946 17641898
8     206296   299.901              84.88521274624838    0.0002830441137116861   0.9419281033078684    -489555  194316   55       0.5870985740185781   0.016705813475433894 -0.029679794332129604 16494555
round 8, total revenue = -1311453
9     250551   301.05743859649124   78.33237777879216    0.00026019080659150045  0.8743529261507638    -630274  219070   57       0.5073537990099858   0.016976008309679633 -0.03672866761917671 17160274
9     206296   294.6937454545455    84.09904164958724    0.00028537776232702216  0.9342255787800055    -203156  192727   55       0.587793305382454    0.016692465907076137 -0.012534183407415378 16208156
round 9, total revenue = -833430
10    250551   293.1991403508772    77.23504619124422    0.0002634218030067057   0.863628562647924     -182351  216383   57       0.5084751505005298   0.01697292220623674  -0.010911151878033199 16712351
10    206296   289.95183636363635   83.3748150549215     0.000287547118516466    0.9271774537557684    57649    191273   55       0.58850062646616     0.016682567692054773 0.0036149577443927833 15947351
round 10, total revenue = -124702
11    250551   286.07729824561403   76.21774755194092    0.0002664236135455374   0.8538980087886299    223594   213945   57       0.5095701081172916   0.016970588398017277 0.013712034399241624 16306406
11    206296   285.8918545454546    82.74684516855588    0.00028943407744203427  0.9211327413037577    280948   190026   55       0.5891566529481254   0.01667499657240649  0.01786740466134302  15724052
round 11, total revenue = 504542
12    250551   280.24770175438596   75.36881564172006    0.0002689364272031555   0.8459195932165507    555881   211946   57       0.5106224806603881   0.016968781151561814 0.03479885181774344  15974119
12    206296   287.5708333333333    82.1996284062758     0.00028584132630375404  0.9157521231628339    185175   188916   54       0.5898319893382086   0.01666905675618022  0.011924598287378472 15528825
round 12, total revenue = 741056
13    250551   280.17682142857143   74.63953493903686    0.0002664015337116869   0.8389868729320578    550098   210209   56       0.5116791228007138   0.016967354467067132 0.03506063963943178  15689902
13    206296   284.1005925925926    81.65982860488636    0.0002874327992760952   0.9106817388606663    372568   187870   54       0.5904880158201739   0.01666429708152806  0.024285086294421537 15341432
round 13, total revenue = 922666
14    250551   276.10344642857143   74.0489595555662     0.000268192811474821    0.83338322337568      778207   208805   56       0.5127395354944371   0.01696621026551147  0.05033096743695896  15461793
14    206296   280.96094444444446   81.17391094988925    0.0002889152836185034   0.9060088416644045    542109   186906   54       0.5911441273678137   0.016660413943015286 0.03573114254511847  15171891
round 14, total revenue = 1320316
15    250551   272.2361785714286    73.47592608657934    0.00026989772803948217  0.8281188261072596    994774   207486   56       0.5137907436019253   0.016965280518235298 0.06525150889858898  15245226
15    206296   294.2073921568628    80.67627496841143    0.00027421566255343173  0.901544382828557     -163577  185985   51       0.5917951349749818   0.016657196543981692 -0.010901806828676343 15004577
round 15, total revenue = 831197
16    250551   273.88692727272723   72.98626400248071    0.00026648319702314045  0.8237524496010792    886219   206392   55       0.5148658503640358   0.01696451673014086  0.05883111285274262  15063781
16    206296   291.2856666666667    80.23011741069982    0.00027543448439744654  0.8975549695583046    -14569   185162   51       0.5924346587160886   0.016654494568151972 -0.0009807096584452605 14855569
round 16, total revenue = 871650
17    250551   270.9454             72.54651360916787    0.00026775325807032663  0.8198450614844882    1048003  205413   55       0.5159550967013868   0.01696388350107081  0.07032634619373497  14901997
17    206296   288.4908235294117    79.79300395899995    0.00027658766744400454  0.8938127738783108    127968   184390   51       0.5930926417085679   0.016652198329471787 0.008697595437840412 14713032
round 17, total revenue = 1175971
18    250551   268.2855636363637    72.13281971813085    0.00026886582617579913  0.8164525386049147    1194294  204563   55       0.5169949931486827   0.016963354447706736 0.08093777417359765  14755706
18    206296   285.72896078431376   79.35921425965157    0.00027774298426667683  0.8900948152169698    268823   183623   51       0.5937506247010473   0.01665022616694563  0.018447689730916664 14572177
round 18, total revenue = 1463117
19    250551   266.1141636363636    71.78552545747931    0.00026975462138712733  0.8137624675215824    1313721  203889   55       0.5180531878698192   0.01696290954313811  0.08975785443827629  14636279
19    206296   283.08549019607847   78.93667508666033    0.000278843945805859    0.8865804475123124    403640   182898   51       0.5944239195149419   0.016648516202373245 0.027958020025821897 14437360
round 19, total revenue = 1717361
20    250551   279.4561538461539    71.47954490676294    0.0002557808941509796   0.8114076575228197    548280   203299   52       0.519119367292268    0.016962533335687487 0.037729876435824525 14531720
20    206296   280.8397843137255    78.57899414614342    0.0002798000800996308   0.8835508201807112    518171   182273   51       0.5950698231816383   0.016647020810440283 0.03617797852644893  14322829
round 20, total revenue = 1066451
