Max revenue's round: 12
This round's info:
round bids     cpc                  cpm                  ctr                     winrate               revenue  imps     clks     auc                  rmse                 roi                  cost    
12    250551   170.86160416666667   56.12946651610033    0.0003285083666974643   0.5831746829986709    5718643  146115   48       0.5415030227654747   0.018739264958888734 0.697280096452331    8201357 
12    206296   191.22253448275862   68.6084995824441     0.0003587887785716495   0.7836070500639857    5787093  161655   58       0.5537492845010706   0.020058862216500706 0.5217871721402045   11090907
round 12, total revenue = 11505736


Here are train dataset's quality scores:
id    score1               score2               score3              
2259  0.7299426875764253   0.8178807947019867   9.096837662752892   
2261  0.741707052210528    0.9258160237388724   2.9462125493079063  


all rounds' info:
round bids     cpc                  cpm                  ctr                     winrate               revenue  imps     clks     auc                  rmse                 roi                  cost    
1     250551   222.93395384615383   75.5290791009924     0.00033879576348928365  0.765736317156986     4359293  191856   65       0.5342993185710972   0.018746960757742178 0.3008336998325893   14490707
1     206296   217.092698630137     84.18155500193883    0.0003877677855272314   0.9125576841043936    5395233  188257   73       0.551368835557152    0.02008083885959096  0.34044121168616376  15847767
round 1, total revenue = 9754526
2     250551   214.96412903225806   72.26625313133724    0.0003361781961328663   0.7360816759861266    4652224  184426   62       0.5348393638617643   0.01874468198631616  0.3490622891621228   13327776
2     206296   211.17076388888887   82.24005690269748    0.0003894481195605727   0.8961734594950944    5747705  184877   72       0.5516260266390833   0.02007476339235303  0.3780316680253836   15204295
round 2, total revenue = 10399929
3     250551   203.33888524590165   69.61432732619811    0.0003423561963665344   0.7111406460161803    5286328  178177   61       0.5354283185721862   0.018743166098336633 0.4261905667934463   12403672
3     206296   205.7948309859155    80.41161093622735    0.0003907367864926145   0.8808120370729438    6049567  181708   71       0.5518683191008664   0.020070591708742015 0.4140296848365249   14611433
round 3, total revenue = 11335895
4     250551   203.48091228070174   67.22275222126268    0.0003303639219413807   0.6886302589093638    4931588  172537   57       0.5360333344464234   0.018742112826625783 0.42519510429531215  11598412
4     206296   206.6095735294118    78.61064110741823    0.00038047917995546153  0.8663376895334859    5738549  178722   68       0.552122822588575    0.020067606925511693 0.4084536114614016   14049451
round 4, total revenue = 10670137
5     250551   198.42194545454547   65.12625768335622    0.0003282210419526168   0.6688059516824918    5036793  167570   55       0.5366716976523116   0.01874135505726403  0.4615318851736249   10913207
5     206296   207.51066153846153   76.72639309199299    0.0003697467519169947   0.8521541862178618    5426807  175796   65       0.5523606162513331   0.020065400082736523 0.40233758517541973  13488193
round 5, total revenue = 10463600
6     250551   194.83309433962265   63.28541135516768    0.0003248185918807609   0.6512366743696892    5043846  163168   53       0.5373269840618811   0.01874079406998579  0.4884534939145785   10326154
6     206296   199.91132307692308   75.06519704689612    0.00037549247282012176  0.8391146701826502    5920764  173106   65       0.5525811742554882   0.02006372405557959  0.45564541078059534  12994236
round 6, total revenue = 10964610
7     250551   189.04294230769233   61.67138026437135    0.0003262294773427354   0.6361858463945465    5249767  159397   52       0.5380013260895367   0.01874036867262482  0.5340429875873746   9830233 
7     206296   199.6356507936508    73.670606841612      0.0003690253045923149   0.8275487648815295    5755954  170720   63       0.5528023165192569   0.02006242239108474  0.4576554780828503   12577046
round 7, total revenue = 11005721
8     250551   184.41670588235294   60.26612500160193    0.0003267931975753226   0.6228751830964554    5384748  156062   51       0.5387009848669355   0.018740039400001088 0.5725256484355762   9405252 
8     206296   196.78962903225806   72.40881063020397    0.00036795033857365834  0.8167923760034126    5841043  168501   62       0.5529839044071813   0.02006139215203448  0.47873646304957884  12200957
round 8, total revenue = 11225791
9     250551   180.88562            59.05967819874884    0.00032650289281563034  0.6112049043907228    5455719  153138   50       0.5393890741619248   0.018739779938227723 0.6032230754440292   9044281 
9     206296   201.40157627118643   71.32768483669783    0.00035415653718943774  0.8075435296855005    5286307  166593   59       0.553172269706624    0.020060563383024182 0.44487449099290877  11882693
round 9, total revenue = 10742026
10    250551   178.05467346938775   57.96320114801257    0.0003255359717248756   0.6007599251250244    5485321  150521   49       0.5400969450033084   0.018739572238246807 0.6287132168415595   8724679 
10    206296   199.7108103448276    70.29894216822134    0.00035200368996971557  0.7987115600884166    5294773  164771   58       0.5533703337156534   0.020059887211690944 0.45710690121155356  11583227
round 10, total revenue = 10780094
11    250551   175.87645833333335   56.97672221209851    0.0003239587762457227   0.5913646323502999    5477930  148167   48       0.5408009139800362   0.018739403614288577 0.6488846929722213   8442070 
11    206296   195.1306379310345    69.38786433362354    0.0003555969737471338   0.790640632877031     5560423  163106   58       0.553561737165087    0.02005932867088639  0.4913086078407065   11317577
round 11, total revenue = 11038353
12    250551   170.86160416666667   56.12946651610033    0.0003285083666974643   0.5831746829986709    5718643  146115   48       0.5415030227654747   0.018739264958888734 0.697280096452331    8201357 
12    206296   191.22253448275862   68.6084995824441     0.0003587887785716495   0.7836070500639857    5787093  161655   58       0.5537492845010706   0.020058862216500706 0.5217871721402045   11090907
round 12, total revenue = 11505736
13    250551   177.62393333333333   55.37787954578521    0.00031177037072961194  0.5760783233752809    5056923  144337   45       0.5422149315830718   0.0187391496105347   0.6326628656273423   7993077 
13    206296   190.8019298245614    67.84512981746953    0.0003555788449301943   0.7770485128165354    5711290  160302   57       0.5539288859063085   0.020058468843269475 0.5251418068337608   10875710
round 13, total revenue = 10768213
14    250551   177.42995454545456   54.707455344316514   0.00030833269097356046  0.5695566970397244    4953082  142703   44       0.5429263413249571   0.01873905261572065  0.6344478064198958   7806918 
14    206296   187.28329824561405   67.13591768967599    0.0003584725296840411   0.7707759723891884    5911852  159008   57       0.5541150894451806   0.020058134179311078 0.5537957881239679   10675148
round 14, total revenue = 10864934
15    250551   173.41236363636364   54.058520964108084   0.00031173394924404515  0.5633423933650235    5129856  141146   44       0.5436211000862766   0.018738970236454735 0.6723144412477667   7630144 
15    206296   187.47432142857141   66.49920506730008    0.00035471100554235944  0.7652838639624617    5797438  157875   56       0.5542960346475299   0.020057847197586222 0.5522125792084668   10498562
round 15, total revenue = 10927294
16    250551   169.98245454545457   53.500633060795295   0.0003147420903166735   0.5579582599949711    5280772  139797   44       0.5443327820512773   0.01873889961454075  0.7060584327687296   7479228 
16    206296   184.73657142857144   65.94328185057464    0.0003569584589593386   0.7604655446542832    5950752  156881   56       0.5544685665114425   0.020057599326254668 0.5752159832224418   10345248
round 16, total revenue = 11231524
17    250551   170.68534883720932   52.973821536063056   0.00031035951179727027  0.5529772381670798    5130530  138549   43       0.5450307167489445   0.01873883853834436  0.6990327639461705   7339470 
17    206296   182.05660714285713   65.38508898508898    0.0003591470258136925   0.755831426687866     6100830  155925   56       0.554635664760948    0.02005738382289151  0.5984039501057854   10195170
round 17, total revenue = 11231360
18    250551   167.9507441860465    52.5361510202597     0.00031280689630087656  0.5486507736947767    5248118  137465   43       0.5457275625541497   0.018738785277964173 0.7266967253134293   7221882 
18    206296   182.78783636363636   64.84681227101501    0.00035476546777439495  0.7515026951564742    5951669  155032   55       0.5548133965354222   0.0200571953268448   0.5920096533178903   10053331
round 18, total revenue = 11199787
19    250551   169.3137380952381    52.11066003238973    0.00030777573408176574  0.5446515879002678    5068823  136463   42       0.5464135648052534   0.01873873846692778  0.7127966298687264   7111177 
19    206296   183.81485185185187   64.36678555216912    0.0003501718435899099   0.7475181292899523    5787998  154210   54       0.5549756454301346   0.020057029534105975 0.5831147323967898   9926002 
round 19, total revenue = 10856821
20    250551   167.07069047619046   51.74488780077725    0.0003097185248549116   0.541235117800368     5163031  135607   42       0.5471153559970571   0.018738697016076125 0.7357921917568683   7016969 
20    206296   185.25594339622643   63.965009544036114   0.0003452791223395592   0.7440716252375228    5604435  153499   53       0.5551406987709925   0.020056882957861993 0.570799806285338    9818565 
round 20, total revenue = 10767466
