Max revenue's round: 3
round bids     cpc                  cpm                  ctr                     revenue  imps     clks     auc                  rmse                 roi                  cost    
1     250550   271.00625806451615   58.20016626255629    0.00021475580187045376  588806   144350   31       0.5191891486761593   0.017530314886214846 0.07008599015806563  8401194 
1     206296   222.99084782608696   61.5508904783621     0.0002760242901375321   3128421  166652   46       0.5276826555593119   0.016773169253734538 0.30498629354938434  10257579
round 1, total revenue = 3717227
2     250550   261.4776129032258    57.149144081897404   0.00021856228320031584  884194   141836   31       0.5196261919202116   0.017530125353163593 0.10908156449833613  8105806 
2     206296   217.96452173913045   60.738994263144185   0.00027866459081739596  3359632  165073   46       0.5281083438585016   0.016772433919662395 0.33507966194737715  10026368
round 2, total revenue = 4243826
3     250550   253.30354838709678   56.23163186388244    0.0002219930680874223   1137590  139644   31       0.5200511022755336   0.01752996785963199  0.14487144710986818  7852410 
3     206296   217.9777111111111    59.9722240903894     0.00027513007538564066  3286003  163559   45       0.5285491636545793   0.01677181515945752  0.33499887909028825  9808997 
round 3, total revenue = 4423593
4     250550   254.3691             55.41689723535435    0.00021786017733818434  1068927  137703   30       0.5204874714702121   0.017529835682690138 0.1400755830798631   7631073 
4     206296   228.46311904761905   59.19573465270795    0.00025910411667088223  2626549  162097   42       0.5289785303287029   0.016771289595012905 0.2737285615861099   9595451 
round 4, total revenue = 3695476
5     250550   247.4105             54.622435312472405   0.0002207765446998911   1277685  135884   30       0.5209240999146498   0.017529723751120743 0.17214103685979373  7422315 
5     206296   234.99385            58.47218144268332    0.00024882430515812785  2240246  160756   40       0.5294042186278927   0.016770839438196603 0.23833027970732     9399754 
round 5, total revenue = 3517931
6     250550   241.47473333333335   53.9588246247812     0.00022345536479088303  1455758  134255   30       0.521341854976618    0.017529628185077827 0.20095380579500244  7244242 
6     206296   236.74153846153848   57.85001347109354    0.0002443593711818848   2116080  159601   39       0.5298177850096859   0.016770450958389905 0.22918859905641986  9232920 
round 6, total revenue = 3571838
7     250550   244.28117241379312   53.33248513137092    0.00021832417375592864  1325846  132830   29       0.5217684763803507   0.017529545978148903 0.18715657508292452  7084154 
7     206296   232.5357435897436    57.249865853581554   0.0002461981326818552   2280106  158409   39       0.5302382065447654   0.016770113419055443 0.25142051500436546  9068894 
round 7, total revenue = 3605952
8     250550   239.42886206896551   52.795378509078745   0.00022050548982633291  1466563  131516   29       0.5221936978353837   0.017529474773724848 0.21121571348598683  6943437 
8     206296   228.7305128205128    56.687700969738565   0.00024783619933656156  2428510  157362   39       0.5306475093556122   0.016769818326070524 0.27223952944288937  8920490 
round 8, total revenue = 3895073
9     250550   243.19135714285713   52.25827692591058    0.00021488542002425136  1310642  130302   28       0.5226225487870456   0.017529412705090553 0.19247658883554072  6809358 
9     206296   225.4262564102564    56.19769753453379    0.00024929526147237616  2557376  156441   39       0.5310406774764074   0.016769558887518812 0.2908877813700859   8791624 
round 9, total revenue = 3868018
10    250550   239.15189285714288   51.80933554097549    0.0002166377816291161   1423747  129248   28       0.5230526959875033   0.017529358279357407 0.21261845990586078  6696253 
10    206296   222.27138461538462   55.72716870025843    0.00025071679288221453  2680416  155554   39       0.5314286624325227   0.016769329619550112 0.30921036238444477  8668584 
round 10, total revenue = 4104163
11    250550   235.66692857142857   51.42758943184475    0.0002182214948172395   1521326  128310   28       0.5234768285935477   0.01752931029206179  0.23055025903689136  6598674 
11    206296   230.99035135135136   55.2583485811453     0.00023922362236288285  2220357  154667   37       0.5318313608883745   0.016769126054828408 0.2597928800816882   8546643 
round 11, total revenue = 3741683
12    250550   232.56064285714288   51.0841609790539     0.00021965952773201537  1608302  127470   28       0.5239155310360589   0.017529267763538785 0.24698657708020244  6511698 
12    206296   228.12624324324327   54.84338390565609    0.00024040804392319937  2326329  153905   37       0.5322260337989153   0.01676894452413218  0.27560948649698586  8440671 
round 12, total revenue = 3934631
13    250550   238.1001851851852    50.7592123236295     0.00021318426226401687  1401295  126651   27       0.5243447449373837   0.017529229890972782 0.21797469319248589  6428705 
13    206296   225.57821621621622   54.478244977350755   0.00024150490189679254  2420606  153206   37       0.5326118451698423   0.01676878199084727  0.29001818030636944  8346394 
round 13, total revenue = 3821901
14    250550   244.61692307692306   50.493739927117986   0.00020641965115078957  1179960  125957   26       0.5247704330419833   0.0175291960118788   0.1855271350494651   6360040 
14    206296   223.15683783783786   54.11883881285722    0.00024251481306696032  2510197  152568   37       0.5329952321572899   0.016768635924196224 0.3040156099158476   8256803 
round 14, total revenue = 3690157
15    250550   242.15023076923077   50.233025356248106   0.00020744570507603684  1244094  125334   26       0.5251807735608385   0.017529165576016765 0.19760364910149547  6295906 
15    206296   220.9088108108108    53.784824536583116   0.0002434707078417309   2593374  151969   37       0.533375024369234    0.016768504201173706 0.3172856208493024   8173626 
round 15, total revenue = 3837468
16    250550   249.3454             49.983041334242074   0.00020045704205588741  1016365  124715   25       0.5256055283663049   0.017529138123594926 0.16304531786028537  6233635 
16    206296   218.9027837837838    53.48435302274903    0.0002443292501733417   2667597  151435   37       0.5337651829105375   0.016768385029989154 0.3293572378112313   8099403 
round 16, total revenue = 3683962
17    250550   257.453625           49.76071094932835    0.0001932802886318977   781113   124172   24       0.5260130689877609   0.017529113268211275 0.1264164565560108   6178887 
17    206296   216.9371081081081    53.193058841461394   0.0002452003684632564   2740327  150897   37       0.5341499074888704   0.016768276889787468 0.34140259606938017  8026673 
round 17, total revenue = 3521440
18    250550   255.51279166666666   49.57362511216562    0.00019401621652209765  827693   123701   24       0.5264157357137439   0.01752909068339799  0.13497253154481667  6132307 
18    206296   215.2398918918919    52.94320682342461    0.0002459730227425327   2803124  150423   37       0.534543995203399    0.016768178482807424 0.3519798650807722   7963876 
round 18, total revenue = 3630817
19    250550   264.8198695652174    49.41470874574071    0.0001865974363134837   579143   123260   23       0.5268117137959397   0.01752907009192981  0.09508399228548627  6090857 
19    206296   219.54405555555556   52.70111355604454    0.0002400480096019204   2572414  149970   36       0.5349268805942649   0.016768088696127555 0.32547428471076295  7903586 
round 19, total revenue = 3151557
20    250550   263.13339130434787   49.263882783882785   0.00018722018722018723  617932   122850   23       0.5272139138723562   0.01752905125727031  0.1021026201291856   6052068 
20    206296   217.92177777777778   52.46035641445719    0.00024073021498545588  2630816  149545   36       0.5353027436329838   0.016768006570864063 0.33534152927452054  7845184 
round 20, total revenue = 3248748
