Max revenue's round: 19
This round's info:
round bids     cpc                  cpm                  ctr                     winrate               revenue  imps     clks     auc                  rmse                 roi                  cost    
19    250550   242.91155555555557   43.680835972387335   0.00017982197624351892  0.39951706246258234   847592   100099   18       0.5850469876487588   0.018198095773693645 0.19385016219895307  4372408 
19    206295   177.4540294117647    44.45568752855185    0.0002505194594674251   0.6578831285295329    3860563  135718   34       0.5125964863039628   0.016028489220094113 0.6398613261396447   6033437 
round 19, total revenue = 4708155


all rounds' info:
round bids     cpc                  cpm                  ctr                     winrate               revenue  imps     clks     auc                  rmse                 roi                  cost    
1     250550   252.53206451612903   58.2676660166426     0.00023073373327180433  0.536236280183596     1161506  134354   31       0.5832542401156087   0.018198703438212803 0.148369022189964    7828494 
1     206295   240.11363157894738   56.867048924898725   0.00023683390464319102  0.7777696987323978    1933682  160450   38       0.5158618388033988   0.01603368919946949  0.21192619547017102  9124318 
round 1, total revenue = 3095188
2     250550   255.67806896551724   56.722593674933826   0.00022185161951682246  0.5217242067451606    995336   130718   29       0.5833441925663583   0.018198565536043744 0.13423885424882367  7414664 
2     206295   243.9025             55.56850112649672    0.00022783079766093713  0.7659516711505369    1695510  158012   36       0.5155421008439801   0.016032888889836755 0.19309970172507457  8780490 
round 2, total revenue = 2690846
3     250550   243.19510344827586   55.31843566655163    0.00022746525272173941  0.5088485332269008    1357342  127492   29       0.583428757490646    0.018198458991197666 0.19245821929831278  7052658 
3     206295   235.31844444444445   54.39072371462325    0.00023113667882274384  0.7549964856152597    2004536  155752   36       0.5152384641380258   0.01603222528705151  0.23662214701024523  8471464 
round 3, total revenue = 3361878
4     250550   239.8065             53.95838958534233    0.00022500803600128576  0.49666733186988626   1405418  124440   28       0.5835214037046267   0.018198376193773402 0.20930833818099176  6714582 
4     206295   233.90154285714286   53.27255926545327    0.00022775633976040034  0.7449186844082504    1998446  153673   35       0.5149671214233947   0.016031669356610257 0.24411321295871255  8186554 
round 4, total revenue = 3403864
5     250550   229.60107142857143   52.79399205071773    0.00022993791676247414  0.48601875873079226   1691170  121772   28       0.5836062091434886   0.018198311578413857 0.26306030801872193  6428830 
5     206295   226.81937142857143   52.29110046964438    0.00023054071678402287  0.7359218594730846    2246322  151817   35       0.514723406995958    0.01603119933391508  0.2829592030310336   7938678 
round 5, total revenue = 3937492
6     250550   237.09715384615384   51.70497798280562    0.0002180750681484588   0.47585312312911593   1375474  119225   26       0.5837090050725005   0.0181982610158884   0.22312729316090157  6164526 
6     206295   220.31894285714287   51.377611801076704   0.0002331965247055061   0.7275406577958748    2473837  150088   35       0.5144854560853864   0.01603079865180353  0.3208124377606854   7711163 
round 6, total revenue = 3849311
7     250550   237.28112            50.73882288539341    0.00021383421860699837  0.4666254240670525    1317972  116913   25       0.5838182948950156   0.018198221403055412 0.22217899173773287  5932028 
7     206295   214.41177142857143   50.54667430034015    0.00023574579867308794  0.7196732834048328    2680588  148465   35       0.5142700103359069   0.016030454524623497 0.35720160353669284  7504412 
round 7, total revenue = 3998560
8     250550   238.71966666666665   49.8678898763154     0.0002088972834649096   0.4585471961684295    1230728  114889   24       0.5839171463850106   0.018198190381160537 0.21481402872825728  5729272 
8     206295   208.9507142857143    49.76642032772606    0.00023817300887364582  0.7123391260088708    2871725  146952   35       0.5140712147462598   0.016030156961775035 0.3926729132980778   7313275 
round 8, total revenue = 4102453
9     250550   251.622              49.016115321952256   0.00019480059502727208  0.450752344841349     844316   112936   22       0.5840089267465243   0.018198166138931306 0.15252243444531877  5535684 
9     206295   204.4504             49.135256876828215   0.00024032849471963965  0.7059502169223685    3029236  145634   35       0.5138729680629808   0.016029898068249244 0.4233281030509111   7155764 
round 9, total revenue = 3873552
10    250550   255.70685714285713   48.28735859575922    0.00018883873172310847  0.44384753542207145   720156   111206   21       0.5841053249878625   0.01819814727277796  0.13411115853644912  5369844 
10    206295   200.13160000000002   48.51372728280142    0.00024240913120567376  0.69989093288737      3180394  144384   35       0.5136996966194504   0.01602967154069277  0.45404323954837716  7004606 
round 10, total revenue = 3900550
11    250550   274.19794736842107   47.5681689523566     0.00017348112707949088  0.4371263220913989    300239   109522   19       0.5842139894724847   0.018198132686122314 0.057630090900523075 5209761 
11    206295   196.16420000000002   47.94549542943736    0.0002444151146306888   0.6941467316221915    3319253  143199   35       0.5135428008825682   0.01602947229903286  0.4834511088159817   6865747 
round 11, total revenue = 3619492
12    250550   266.5893157894737    46.89606421687082    0.0001759112666537048   0.4310876072640192    444803   108009   19       0.5843091851409519   0.0181981215159611   0.08781553807285285  5065197 
12    206295   192.22565714285716   47.372557579512886   0.0002464424275283233   0.688436462347609     3457102  142021   35       0.5133902049122363   0.016029296213600004 0.5138457806583869   6727898 
round 12, total revenue = 3901905
13    250550   259.84152631578945   46.313217636022515   0.00017823639774859287  0.42546397924565954   573011   106600   19       0.5844115481437302   0.018198113078659615 0.11606487273923438  4936989 
13    206295   188.81497142857143   46.87661107840286    0.00024826744788156933  0.6833757483215783    3576476  140977   35       0.5132426405836119   0.01602913990051532  0.5411913462068081   6608524 
round 13, total revenue = 4149487
14    250550   253.66005263157896   45.78396838515394    0.00018049341199046236  0.42014368389543005   690459   105267   19       0.5845121313386593   0.018198106829503975 0.14326239780925196  4819541 
14    206295   191.06823529411764   46.40957864807327    0.00024289531212047608  0.6785331685208076    3397680  139978   34       0.5131066947731122   0.016029000566535032 0.5230161075809073   6496320 
round 14, total revenue = 4088139
15    250550   261.97305555555556   45.31055721574694    0.00017295884540361869  0.41537018559169825   504485   104071   18       0.5846194008387513   0.018198102332217327 0.10698407278950443  4715515 
15    206295   187.9363235294118    45.96375315604342    0.0002445708859940008   0.6738844858091568    3504165  139019   34       0.512992613732942    0.016028875890172475 0.5483967895884636   6389835 
round 15, total revenue = 4008650
16    250550   256.3138333333333    44.81968757893101    0.00017486253861547727  0.41084813410496906   606351   102938   18       0.5847338857760691   0.018198099235773015 0.13142547254895204  4613649 
16    206295   184.85064705882354   45.5241096069015     0.00024627508927471984  0.669221260815822     3609078  138057   34       0.5128774348800356   0.016028763929736633 0.5742438808309793   6284922 
round 16, total revenue = 4215429
17    250550   251.61311111111112   44.4332427474026     0.0001765935111695396   0.40682099381361003   690964   101929   18       0.5848419249227984   0.01819809725660731  0.1525631503039499   4529036 
17    206295   182.2969411764706    45.15818233481235    0.00024771771837409746  0.665323929324511     3695904  137253   34       0.5127752468111741   0.016028663051554908 0.5962966691706615   6198096 
round 17, total revenue = 4386868
18    250550   246.93216666666666   44.03387160689518    0.00017832375668714088  0.40287367790860107   775221   100940   18       0.5849422676031534   0.018198096164866284 0.17441159616709853  4444779 
18    206295   179.77105882352942   44.78601365807908    0.00024912805181863477  0.661557478368356     3781784  136476   34       0.5126825731193598   0.016028571873482216 0.6187255162448447   6112216 
round 18, total revenue = 4557005
19    250550   242.91155555555557   43.680835972387335   0.00017982197624351892  0.39951706246258234   847592   100099   18       0.5850469876487588   0.018198095773693645 0.19385016219895307  4372408 
19    206295   177.4540294117647    44.45568752855185    0.0002505194594674251   0.6578831285295329    3860563  135718   34       0.5125964863039628   0.016028489220094113 0.6398613261396447   6033437 
round 19, total revenue = 4708155
20    250550   239.00872222222222   43.335317700149076   0.00018131270397679197  0.3962322889642786    917843   99276    18       0.5851503608127487   0.018198095930830317 0.213344840739192    4302157 
20    206295   185.98684375         44.1050459089528     0.0002371406762955662   0.6541166775733779    3360421  134941   32       0.5125054593312527   0.016028414086887963 0.564626799039381    5951579 
round 20, total revenue = 4278264
