Max revenue's round: 20
round bids     cpc                  cpm                  ctr                     revenue  imps     clks     auc                  rmse                 roi                  cost    
1     250550   274.3210588235294    89.1137842408492     0.00032485214450187746  1066168  209326   68       0.5666178951213109   0.018217557235911397 0.05715544130557196  18653832
1     206295   308.47808000000003   78.14477950713359    0.0002533236057068742   -873904  197376   50       0.5045622352784684   0.016123225123895468 -0.056659066342736576 15423904
round 1, total revenue = 192264
2     250550   264.6681632653061    74.87379335827444    0.00028289686388619466  1241260  173208   49       0.570500088966341    0.018202511863566147 0.09571168825961504  12968740
2     206295   282.74260869565217   70.70909377565388    0.0002500829079205606   379840   183939   46       0.5035893902254047   0.016056219509942432 0.029204623040159434 13006160
round 2, total revenue = 1621100
3     250550   269.1874736842105    66.51142104749829    0.00024708215481647646  790876   153795   38       0.5741416720313443   0.018199996434049032 0.07731610253233806  10229124
3     206295   254.3176590909091    64.46804820998537    0.00025349418691739546  1614023  173574   44       0.5028518430354668   0.016042666678664472 0.14423827680789691  11189977
round 3, total revenue = 2404899
4     250550   248.08266666666665   62.12377487635729    0.00025041562036991953  1509024  143761   36       0.5776046008706339   0.018199179256947074 0.16896518364846128  8930976 
4     206295   242.21635714285713   60.82599597008054    0.00025112257771346913  2048913  167249   42       0.502156744604662    0.01603761868190102  0.20140523717137188  10173087
round 4, total revenue = 3557937
5     250550   236.1020285714286    59.71219741310788    0.00025290844714213456  1886429  138390   35       0.580874492712673    0.018198815582486906 0.22828254274090462  8263571 
5     206295   244.69771794871795   58.43903320228779    0.0002388213249072271   1805789  163302   39       0.5014675926595117   0.01603515791153235  0.18922236970344677  9543211 
round 5, total revenue = 3692218
6     250550   233.18829411764705   58.473353492145435   0.000250755955453942    1931598  135590   34       0.583941871283238    0.018198618292558002 0.24363017919626173  7928402 
6     206295   258.7532             56.493512488459714   0.00021832971529805125  1128638  160308   35       0.5008524515896603   0.01603375566504456  0.12462377276880054  9056362 
round 6, total revenue = 3060236
7     250550   227.99829411764705   57.7856280283265     0.000253447633246366    2108058  134150   34       0.5868489228386434   0.01819849519822914  0.2719393411354213   7751942 
7     206295   247.96865714285715   54.91308336707836    0.0002214517108726463   1506097  158048   35       0.5003410538233798   0.01603286807977879  0.17353541109976686  8678903 
round 7, total revenue = 3614155
8     250550   232.96578787878786   57.53748456385885    0.0002469782584290686   1882129  133615   33       0.5895831887239457   0.018198409973754343 0.2448179736626694   7687871 
8     206295   240.46048571428574   53.78122923163438    0.000223659322120546    1768883  156488   35       0.4999672485867034   0.016032260775815012 0.210178042914565    8416117 
round 8, total revenue = 3651012
9     250550   232.769              57.51427865464674    0.00024708736410194976  1888623  133556   33       0.5920880518083785   0.0181983460680099   0.24587036933612294  7681377 
9     206295   235.52991428571428   53.01214124486344    0.00022507604354899907  1941453  155503   35       0.49964751062728474  0.016031819047299712 0.23551184945024273  8243547 
round 9, total revenue = 3830076
10    250550   233.62972727272728   57.62512706290361    0.00024665151877541257  1860219  133792   33       0.5943979537789673   0.018198295062593108 0.24128039434583162  7709781 
10    206295   231.6081142857143    52.380725912236606   0.0002261610137182809   2078716  154757   35       0.49940663221608317  0.016031481512739133 0.256432663844494    8106284 
round 10, total revenue = 3938935
11    250550   235.19278787878787   57.80112751997736    0.0002457606291472106   1808638  134277   33       0.5966757711053583   0.018198252300271608 0.23303100667125176  7761362 
11    206295   222.16566666666665   51.86780718422298    0.00023346454905673837  2478036  154199   36       0.4993006932870398   0.016031213099988468 0.3098333525882337   7997964 
round 11, total revenue = 4286674
12    250550   229.83373529411764   57.99617779558999    0.0002523397086218541   2045653  134739   34       0.5987876333755533   0.018198215039032642 0.261781694618885    7814347 
12    206295   219.69016666666667   51.44701030391341    0.00023417985012489593  2567154  153728   36       0.49932136876023825  0.016030992729363692 0.32459274083728523  7908846 
round 12, total revenue = 4612807
13    250550   231.54758823529414   58.21133967258692    0.0002514011919374159   1987382  135242   34       0.6007025142094808   0.018198181591547933 0.2524423260470659   7872618 
13    206295   217.63430555555556   51.091529778479156   0.00023475862248857182  2641165  153349   36       0.4993643664257395   0.01603080719268493  0.3371053761821404   7834835 
round 13, total revenue = 4628547
14    250550   233.57414705882354   58.48125865268491    0.0002503755633450175   1918479  135796   34       0.6024465334898986   0.018198150887488107 0.2415757636352029   7941521 
14    206295   209.9451891891892    50.76044226044226    0.00024177949709864604  2999028  153032   37       0.49946152285289325  0.01603064790385204  0.386076056916786    7767972 
round 14, total revenue = 4917507
15    250550   235.2489705882353    58.70562287610002    0.00024954677901164795  1861535  136247   34       0.6040043463869732   0.018198122233443487 0.2327365313219474   7998465 
15    206295   208.2311891891892    50.447565543071164   0.00024226709619968047  3062446  152724   37       0.49961448476080395  0.016030509084652228 0.39748517565066066  7704554 
round 15, total revenue = 4923981
16    250550   230.14277142857145   58.92635483115819    0.00025604260548955346  2095003  136696   35       0.6054749968023587   0.0181980951729097   0.26008737185128683  8054997 
16    206295   212.28827777777778   50.141902043762094   0.00023619722468260998  2833622  152415   36       0.499756102603774    0.01603038671215419  0.3707775250059602   7642378 
round 16, total revenue = 4928625
17    250550   225.26819444444445   59.14966011203174    0.00026257439607888904  2330345  137104   36       0.6068523756658706   0.0181980694008395   0.28735439423748604  8109655 
17    206295   210.84827777777778   49.8849113767654     0.00023659150505057143  2885462  152161   36       0.4999665167115459   0.016030277889541675 0.3801393260925642   7590538 
round 17, total revenue = 5215807
18    250550   226.55366666666666   59.32708730378108    0.0002618676986193753   2284068  137474   36       0.6081018969817393   0.018198044709894813 0.28004990723316475  8155932 
18    206295   209.5472777777778    49.642355604398496   0.00023690288955718902  2932298  151961   36       0.5002464589592771   0.016030180460981536 0.3887080905369804   7543702 
round 18, total revenue = 5216366
19    250550   227.83883333333335   59.51859457655161    0.00026123112423716884  2237802  137809   36       0.60931187770161     0.018198020956034927 0.2728295512983227   8202198 
19    206295   208.3599722222222    49.42385087765537    0.0002372041537082916   2975041  151768   36       0.5004971262007099   0.016030092771048995 0.3966214186745988   7500959 
round 19, total revenue = 5212843
20    250550   222.7437027027027    59.69172436770287    0.0002679838919952487   2488483  138068   37       0.6104715908754735   0.018197998036299234 0.3019447754582075   8241517 
20    206295   207.28944444444446   49.22960206881993    0.00023749208359721342  3013580  151584   36       0.5008520856520816   0.016030013511627646 0.40383414495565784  7462420 
round 20, total revenue = 5502063
