Max revenue's round: 20
round bids     cpc                  cpm                  ctr                     revenue  imps     clks     auc                  rmse                 roi                  cost    
1     250550   314.029265060241     104.1090482790575    0.0003315265800436976   -1994429 250357   83       0.5505690310259471   0.019140669091484944 -0.07651919019595634 26064429
1     206295   324.8104528301887    83.45147294788329    0.0002569236064318159   -1791954 206287   53       0.5193922215942326   0.019087842751482658 -0.1040928718136569  17214954
round 1, total revenue = -3786383
2     250550   308.4366829268293    102.47231946065085   0.0003322312978088941   -1511808 246816   82       0.5528902371815232   0.01848398926822715  -0.059774611605465294 25291808
2     206295   323.3632641509434    83.2095404559027     0.0002573252737115529   -1715253 205965   53       0.5189844756471286   0.017070447223284685 -0.10008330487360644 17138253
round 2, total revenue = -3227061
3     250550   305.2892151898734    100.115599833956     0.000327936903279369    -1207848 240900   79       0.5546323323453476   0.018342322745317576 -0.05008108517808057 24117848
3     206295   319.8369811320755    82.63594838470651    0.0002583689606255454   -1528360 205133   53       0.5187940966217923   0.016581819027127038 -0.09016149736658298 16951360
round 3, total revenue = -2736208
4     250550   303.00025            97.99157021276596    0.0003234042553191489   -988019  235000   76       0.5561552225262487   0.018288193053848014 -0.04290508011132004 23028019
4     206295   315.19192452830185   81.8913094631162     0.0002598141103572689   -1282172 203992   53       0.5186568700297671   0.016384855575273867 -0.07675299601823914 16705172
round 4, total revenue = -2270191
5     250550   294.54837333333336   96.15331513956535    0.00032644320541112256  -341128  229749   75       0.5575462626175749   0.01826149039886621  -0.015441855209928619 22091128
5     206295   316.38134615384615   81.14302765461083    0.00025647222455129693  -1319830 202751   52       0.5185619092280858   0.016284207989969476 -0.08022390214340896 16451830
round 5, total revenue = -1660958
6     250550   288.0002837837838    94.62462759793453    0.0003285574109676016   147979   225227   74       0.5588552872391      0.018246235184005016 0.006943452242281481 21312021
6     206295   317.7493333333333    80.41692181723445    0.00025308289705480984  -1364216 201515   51       0.5185204667972941   0.016225122579037354 -0.08418375910571016 16205216
round 6, total revenue = -1216237
7     250550   279.5145540540541    93.40081280621345    0.0003341536655302432   775923   221455   74       0.5601088010969004   0.01823664679231313  0.03751305895834753  20684077
7     206295   319.72720000000004   79.77265355615548    0.0002495022430251648   -1436360 200399   50       0.5185122332017726   0.016187119332019405 -0.08984909635464233 15986360
round 7, total revenue = -660437
8     250550   279.58840277777773   92.29201434099286    0.0003300995800399787   749635   218116   72       0.5613278732676757   0.018230202981760518 0.03723901677888106  20130365
8     206295   315.75329999999997   79.19730017156101    0.00025082018199512406  -1237665 199346   50       0.5185410507860979   0.016161041845384166 -0.0783944300819659  15787665
round 8, total revenue = -488030
9     250550   280.93827142857145   91.30307954445213    0.00032499338406325297  634321   215389   70       0.5625134177068081   0.018225653479437547 0.032255230038078016 19665679
9     206295   318.70648979591834   78.69454662729407    0.0002469185571893613   -1357618 198446   49       0.5186048154091923   0.016142263111497003 -0.08693418767110779 15616618
round 9, total revenue = -723297
10    250550   278.63084057971014   90.33618704833147    0.0003242146018738664   784472   212822   69       0.5636753436147541   0.01822231813806364  0.04080366479401762  19225528
10    206295   315.4221632653061    78.22099296523103    0.00024798825851510704  -1196686 197590   49       0.5186894384742744   0.016128225564243776 -0.07742690942349631 15455686
round 10, total revenue = -412214
11    250550   281.48246268656715   89.53174550426311    0.0003180721976415184   570675   210644   67       0.5648425127404177   0.01821979972830198  0.030259566553946123 18859325
11    206295   312.6201836734694    77.82073439611464    0.0002489306144013981   -1059389 196842   49       0.5187729637266205   0.01611741497965667  -0.06915799043881181 15318389
round 11, total revenue = -488714
12    250550   281.2991060606061    88.87169287475169    0.00031593307962949664  574259   208905   66       0.56598760262817     0.018217852859116583 0.03093111123331948  18565741
12    206295   310.0019591836735    77.44240798992593    0.0002498126405196103   -931096  196147   49       0.5189058905520956   0.016108884740148734 -0.0612962551388747  15190096
round 12, total revenue = -356837
13    250550   281.53604615384614   88.26986209524544    0.0003135295224221844   550157   207317   65       0.5671232643446139   0.018216318870820997 0.030063481965391724 18299843
13    206295   314.1742916666667    77.10508124469531    0.000245421357793662    -1112366 195582   48       0.519034334642231    0.01610201634510555  -0.07376253334965478 15080366
round 13, total revenue = -562209
14    250550   278.30358461538464   87.79335497867012    0.0003154589442317119   760267   206049   65       0.5682309301646212   0.018215091230131496 0.04202754125779524  18089733
14    206295   318.58493617021276   76.78280712370072    0.00024101204547435787  -1296492 195011   47       0.5191988235838718   0.016096390617045694 -0.08658581445129833 14973492
round 14, total revenue = -536225
15    250550   275.3586307692308    87.34931309631293    0.0003172201752031429   951689   204905   65       0.5693476393326182   0.01821409608681612  0.05317200041948092  17898311
15    206295   316.5107446808511    76.48764197461038    0.0002416589113008962   -1199005 194489   47       0.5193340375192139   0.01609171457483142  -0.08059993257598394 14876005
round 15, total revenue = -247316
16    250550   272.8929076923077    86.98016495694644    0.000318733695545574    1111961  203932   65       0.5704267320212109   0.01821328083004841  0.06268793297838617  17738039
16    206295   314.6033617021277    76.21126905751012    0.00024224556484449896  -1109358 194018   47       0.5194706237204765   0.01608777798328126  -0.07502577713863008 14786358
round 16, total revenue = 2603
17    250550   270.78084615384614   86.6541368190434     0.000320015754621766    1249245  203115   65       0.5714159203619686   0.018212607082391793 0.07097678480269738  17600755
17    206295   312.91625531914895   75.96427778208208    0.00024276232535316752  -1030064 193605   47       0.5196275194573585   0.016084426518890634 -0.07003872424842919 14707064
round 17, total revenue = 219181
18    250550   268.87073846153845   86.35962840341948    0.00032119385284380095  1373402  202370   65       0.5724008756462207   0.018212046262753103 0.07858520290962806  17476598
18    206295   311.2766595744681    75.71799065299638    0.00024324981756263683  -953003  193217   47       0.5198022546512039   0.016081544636714563 -0.06514031473541051 14630003
round 18, total revenue = 420399
19    250550   267.4023384615385    86.13399936568348    0.00032211385981604823  1468848  201792   65       0.5733305606813219   0.018211576692295936 0.08450809244404514  17381152
19    206295   309.65191489361706   75.46924425177087    0.00024372284046006576  -876640  192842   47       0.5199624438262946   0.016079044309690687 -0.06023510269595785 14553640
round 19, total revenue = 592208
20    250550   266.14458461538464   85.93497526178791    0.0003228883104496592   1550602  201308   65       0.5742587545260633   0.018211181657307285 0.08963329244173698  17299398
20    206295   308.12289361702125   75.23352260625173    0.0002441672597679892   -804776  192491   47       0.5201250115956471   0.01607685743671453  -0.05557163706992844 14481776
round 20, total revenue = 745826
