Max revenue's round: 20
This round's info:
round bids     cpc                  cpm                  ctr                     winrate               revenue  imps     clks     auc                  rmse                 roi                  cost    
20    311776   68.97602083333334    57.5666338240408     0.0008345890807928597   0.553410140613774     12099453 172540   144      0.8338178481155122   0.02346093109556787  1.2181621692804474   9932547 
20    255379   37.486087378640775   57.15399930427574    0.0015246723064739362   0.5290607293473621    17821866 135111   206      0.916087168003913    0.03145325939036666  2.307893906010955    7722134 
round 20, total revenue = 29921319


all rounds' info:
round bids     cpc                  cpm                  ctr                     winrate               revenue  imps     clks     auc                  rmse                 roi                  cost    
1     311776   123.34673267326733   61.95954582303411    0.0005023201221483386   0.644908524068562     2994980  201067   101      0.526406466107997    0.023501716589737175 0.24040577876741248  12458020
1     255379   66.84163783783785    66.37628625259666    0.000993037998464817    0.7294922448596008    10574297 186297   185      0.7445510690101471   0.03181115337057208  0.8551310831256419   12365703
round 1, total revenue = 13569277
2     311776   109.51648484848485   58.90446205918626    0.000537859319906771    0.590369367751206     4304868  184063   99       0.560005573561912    0.023492302876951494 0.39704995290594136  10842132
2     255379   56.769843575418996   60.860046714978736   0.0010720488710546806   0.6538125687703374    12034198 166970   179      0.7793929815449101   0.03180202762316059  1.1842582644298718   10161802
round 2, total revenue = 16339066
3     311776   99.98583177570094    58.396563393812364   0.0005840483832230737   0.5876141845427486    5672516  183204   107      0.5919101480322521   0.023488822751776134 0.5302168045491306   10698484
3     255379   53.06062841530055    59.99070184109724    0.0011306066971456814   0.6338030926583627    12981905 161860   183      0.8036510337780329   0.03179360979909135  1.3369493295379706   9710095 
round 3, total revenue = 18654421
4     311776   94.64069911504426    58.185927953122196   0.0006148087291957975   0.5895161911115673    6594601  183797   113      0.6211472977180638   0.023486070743075932 0.6166406359067022   10694399
4     255379   50.361121693121696   59.794024525077894   0.0011873052568097296   0.6233245490036378    13917748 159184   189      0.8219182493876755   0.03178432601979933  1.4622168019926347   9518252 
round 4, total revenue = 20512349
5     311776   91.1498888888889     58.014617163062695   0.0006364749082007344   0.5896059991788977    7236463  183825   117      0.6479229712548098   0.02348356700337038  0.6785538837738572   10664537
5     255379   49.73321693121693    59.76447923091107    0.0012017014566656282   0.6158572161375837    14036422 157277   189      0.8362896981782213   0.03177416168100542  1.4933034227706818   9399578 
round 5, total revenue = 21272885
6     311776   89.08959663865546    57.82293683561771    0.000649042525920795    0.5880728471723289    7605338  183347   119      0.6718749207028719   0.02348127917017582  0.7173722384282766   10601662
6     255379   48.279281250000004   59.68118517373921    0.001236165568925888    0.608190180085285     14538378 155319   192      0.8478335276547883   0.03176302547916266  1.5683895200904632   9269622 
round 6, total revenue = 22143716
7     311776   85.57406504065041    57.67141526491699    0.0006739356747575475   0.5853882274453454    8293390  182510   123      0.6934879593747938   0.023479197486984425 0.7879248803632284   10525610
7     255379   47.031072164948455   59.516692541519355   0.0012654759885715777   0.6002921148567424    14931972 153302   194      0.8579271197686061   0.0317507922335318   1.6365548198668396   9124028 
round 7, total revenue = 23225362
8     311776   83.63501600000001    57.57386194666872    0.0006883942240971021   0.5824117314995382    8670623  181582   125      0.7127916231185496   0.023477296601600046 0.8293773029229766   10454377
8     255379   45.84131632653062    59.36189695952642    0.0012949431149988767   0.5926798992869422    15319102 151358   196      0.867022241634189    0.031737336782777924 1.7049834066007206   8984898 
round 8, total revenue = 23989725
9     311776   81.74585826771654    57.47858198749854    0.0007031375436692707   0.5793229754695679    9049276  180619   127      0.7299943234451121   0.023475545308571107 0.8716544573906992   10381724
9     255379   44.259184999999995   59.18704574175732    0.001337282775129215    0.5856276357883773    15948163 149557   200      0.874857921353688    0.031722543372914594 1.8016783408912749   8851837 
round 9, total revenue = 24997439
10    311776   81.24422047244094    57.429193220716336   0.0007068711212534439   0.5762630863183824    9112984  179665   127      0.7452765779344863   0.023473914569970347 0.8832108808515126   10318016
10    255379   43.610905            58.98945624239145    0.0013526308670363857   0.5789826101598017    16077819 147860   200      0.882141964232745    0.03170630777407693  1.8433255397933155   8722181 
round 10, total revenue = 25190803
11    311776   76.63853731343283    57.432506948677656   0.0007493946121882881   0.5735239402648055    10232436 178811   134      0.7589236510084505   0.023472380469723175 0.9963846566417036   10269564
11    255379   43.26309547738694    58.84204411091291    0.001360097872369509    0.5729249468437108    16066644 146313   199      0.8884353460435305   0.0316885383496106   1.8661841838111932   8609356 
round 11, total revenue = 26299080
12    311776   75.15326470588235    57.4207944988455     0.0007640492362316643   0.5709195063122242    10587156 177999   136      0.7711340653596409   0.023470924417274715 1.0358397016919543   10220844
12    255379   42.10526732673268    58.68896847247811    0.001393862863215131    0.5674742245838538    16542736 144921   202      0.89373528211722     0.03166915757788501  1.9449997084158706   8505264 
round 12, total revenue = 27129892
13    311776   73.20721582733813    57.418072146391836   0.0007843225766407295   0.5684305398747819    11091197 177223   139      0.7820897752454442   0.023469532319691604 1.0899579129037777   10175803
13    255379   41.365546798029555   58.51507612975158    0.0014145848576704644   0.5619295243539993    16774794 143505   203      0.8983489940686553   0.031648104175488787 1.9976637467271852   8397206 
round 13, total revenue = 27865991
14    311776   72.96087769784174    57.43649544090162    0.0007872231975986861   0.5663360874473982    11125438 176570   139      0.7919217608634453   0.023468193549820503 1.0970142469177826   10141562
14    255379   40.85553694581281    58.33754668804997    0.0014278981760886844   0.5566902525266368    16878326 142167   203      0.902484635892444    0.031625335616755346 2.0350843305391555   8293674 
round 14, total revenue = 28003764
15    311776   72.71830935251799    57.479272342651775   0.0007904374132793485   0.5640331520065688    11159155 175852   139      0.800759920238657    0.023466900029201865 1.1040093115792733   10107845
15    255379   40.19975             58.1654656358607     0.0014469111284488262   0.5520814162480079    17095251 140990   204      0.9059872195808226   0.03160083074478011  2.0845962972406546   8200749 
round 15, total revenue = 28254406
16    311776   72.50799280575539    57.51548509698516    0.0007932295857515422   0.5620477522323719    11188389 175233   139      0.8087092427687735   0.023465645510222545 1.1101121970080996   10078611
16    255379   39.51917073170732    57.97170621404242    0.0014669261814122564   0.5472180563006356    17318570 139748   205      0.9087810445171686   0.031574592143236366 2.1377176621905023   8101430 
round 16, total revenue = 28506959
17    311776   71.71910000000001    57.523196791750216   0.0008020624462904612   0.5598570768757056    11379326 174550   140      0.8159050186835228   0.02346442504936438  1.1333229223456514   10040674
17    255379   38.866995145631066   57.786028753716906   0.0014867634746961516   0.5425504837907581    17537399 138556   206      0.9110411967538026   0.031546647948754135 2.1903675479769755   8006601 
round 17, total revenue = 28916725
18    311776   70.98229078014185    57.55320874065555    0.0008108108108108108   0.5577722467412501    11564497 173900   141      0.8224231679863201   0.023463234634863887 1.1554672062345388   10008503
18    255379   38.40387378640777    57.587080900872046   0.0014995122945449782   0.5379377317633791    17632802 137378   206      0.9128850561352914   0.03151705282331795  2.2288409416626913   7911198 
round 18, total revenue = 29197299
19    311776   70.2188661971831     57.5624285598827     0.0008197573056540163   0.5555976085394643    11754921 173222   142      0.8283696316403976   0.023462070929517135 1.178901601321181    9971079 
19    255379   37.95097572815534    57.38119564020698    0.0015119820910859114   0.5335011884297456    17726099 136245   206      0.9145213366168211   0.031485887873040706 2.2673731734387528   7817901 
round 19, total revenue = 29481020
20    311776   68.97602083333334    57.5666338240408     0.0008345890807928597   0.553410140613774     12099453 172540   144      0.8338178481155122   0.02346093109556787  1.2181621692804474   9932547 
20    255379   37.486087378640775   57.15399930427574    0.0015246723064739362   0.5290607293473621    17821866 135111   206      0.916087168003913    0.03145325939036666  2.307893906010955    7722134 
round 20, total revenue = 29921319
