Max revenue's round: 18
This round's info:
round bids     cpc                  cpm                  ctr                     winrate               revenue  imps     clks     auc                  rmse                 roi                  cost    
18    311776   131.14303252032522   67.06967838506476    0.0005114238789214362   0.7714031869034178    2688407  240505   123      0.4985953400007105   0.023539378557489537 0.16666510648430594  16130593
18    255379   84.41659143968872    89.10518858044087    0.0010555411804811132   0.9533947583787233    10172936 243477   257      0.7573887101050789   0.03187354728979052  0.46890555381629667  21695064
round 18, total revenue = 12861343


all rounds' info:
round bids     cpc                  cpm                  ctr                     winrate               revenue  imps     clks     auc                  rmse                 roi                  cost    
1     311776   144.82358083832338   79.30568653554822    0.0005476020277670298   0.9781573950528585    1365462  304966   167      0.46071295618798214  0.024268638085735632 0.05645778894808956  24185538
1     255379   91.90377220077221    93.20942389925285    0.0010142067258744106   0.9999725897587507    8312923  255372   259      0.729608838780993    0.034288572099200734 0.34923732759424336  23803077
round 1, total revenue = 9678385
2     311776   138.3119182389937    75.92603014034421    0.0005489478499542544   0.9290163450682541    2335405  289645   159      0.4640303562094167   0.023778404409120765 0.10619534417580899  21991595
2     255379   91.65019305019305    93.06083724723021    0.001015391611845974    0.9988056966312814    8378600  255074   259      0.7324125916670601   0.0326898552663065   0.35297041799017587  23737400
round 2, total revenue = 10714005
3     311776   139.7106827586207    73.36762676691403    0.0005251397052698675   0.8856262188237709    1926951  276117   145      0.4667394259798438   0.02365984929692705  0.0951202655300123   20258049
3     255379   90.90911969111968    92.64614549231932    0.0010191072777637874   0.9951640502938769    8570538  254144   259      0.7346095288945711   0.03229499328514487  0.3639995681545769   23545462
round 3, total revenue = 10497489
4     311776   136.733654676259     71.54410624345954    0.0005232369924789387   0.8520668685209895    2261022  265654   139      0.4692312775935348   0.02361108793029688  0.11896372814911182  19005978
4     255379   90.00077992277993    92.15886294897899    0.0010239784924980725   0.9904299100552512    8805798  252935   259      0.7366125532870594   0.03213290093259337  0.3777658383226366   23310202
round 4, total revenue = 11066820
5     311776   133.1951323529412    70.23725015024912    0.0005273259533549175   0.8272124858873037    2693462  257905   136      0.47156658734714874  0.023585818953141668 0.14869062628039423  18114538
5     255379   89.07465250965252    91.67263371215131    0.0010291663355320672   0.9854373303991323    9045665  251660   259      0.7386235987364869   0.03204896987735129  0.39209075204152866  23070335
round 5, total revenue = 11739127
6     311776   135.4044573643411    69.27954673456922    0.0005116489374360439   0.8086767422765062    2269825  252126   129      0.47382366348701976  0.023570931996197482 0.12994803109260655  17467175
6     255379   88.22059845559846    91.23705762327451    0.0010341922319785015   0.980648369678008     9266865  250437   259      0.7404871324085812   0.03199920714209843  0.4055674317649224   22849135
round 6, total revenue = 11536690
7     311776   133.80307086614172   68.57099622300416    0.0005124769990638216   0.7948527147695782    2438010  247816   127      0.476012208250006    0.02356143463567567  0.14347151384188422  16992990
7     255379   87.45886872586873    90.85560551426497    0.0010388381057047855   0.9762627310781231    9464153  249317   259      0.7422293438109524   0.03196694069705309  0.41780932919068364  22651847
round 7, total revenue = 11902163
8     311776   134.39004838709678   68.06782942570051    0.0005064945674373008   0.7852432515652263    2307634  244820   124      0.4781934390190531   0.023555049357491063 0.13847715538652955  16664366
8     255379   86.790555984556      90.52807210429026    0.0010430636268812397   0.9723078248407269    9637246  248307   259      0.7439758986913269   0.031944636450652    0.42872687694344624  22478754
round 8, total revenue = 11944880
9     311776   135.79044628099174   67.70609372167004    0.0004986071964265111   0.7783665195524992    2082356  242676   121      0.48034485406790906  0.02355060071709655  0.12673611576028304  16430644
9     255379   86.54574031007753    90.24253630305014    0.001042714938710186    0.968877628935817     9663199  247431   258      0.7456123305135534   0.03192845400232158  0.43276837838269955  22328801
round 9, total revenue = 11745555
10    311776   135.59445000000002   67.45461178431218    0.0004974732504487623   0.7736932926203428    2088666  241219   120      0.4824456309036245   0.02354742469874019  0.12836476714201797  16271334
10    255379   86.07837984496123    90.02335687126562    0.0010458300566693962   0.9659917221071427    9783778  246694   258      0.7471158549357044   0.03191625564151876  0.4405475593678774   22208222
round 10, total revenue = 11872444
11    311776   134.6709             67.26594186007792    0.0004994838666711065   0.7705788771425639    2199492  240248   120      0.48454084761129435  0.02354511930130247  0.13610289973557763  16160508
11    255379   85.67053100775195    89.83205309533099    0.0010485758876316816   0.9634621484147091    9889003  246048   258      0.7485358090249907   0.03190676866220026  0.44740552604698813  22102997
round 11, total revenue = 12088495
12    311776   134.13233333333335   67.14814335834998    0.0005006111627945784   0.7688436569845017    2264120  239707   120      0.48661485000491084  0.02354342746526153  0.14066456757878415  16095880
12    255379   85.32106589147287    89.66860292230672    0.001050955024827794    0.9612810763610163    9979165  245491   258      0.7498995400453539   0.03189919408167956  0.4533339299549558   22012835
round 12, total revenue = 12243285
13    311776   133.84913333333333   67.07520640104234    0.0005011254442268261   0.7680546289643847    2298104  239461   120      0.4886708846021919   0.023542177419332684 0.14307800274637564  16061896
13    255379   85.34584435797666    89.53262688687332    0.0010490566653876612   0.9592879602473187    9934118  244982   257      0.7512983669733435   0.03189300838348672  0.4529119833871633   21933882
round 13, total revenue = 12232222
14    311776   132.6164214876033    67.03058999465313    0.0005054471327362652   0.7678333162270348    2466413  239392   121      0.49069540558783165  0.023541250215273566 0.1537032765908414   16046587
14    255379   85.08699610894942    89.4107174983236     0.0010508153018334069   0.9576825032598608    10000642 244572   257      0.752630702366121    0.031887856279144755 0.45733197398606634  21867358
round 14, total revenue = 12467055
15    311776   132.66606611570248   67.0206874668604     0.0005051833481548283   0.7682342450990455    2460406  239517   121      0.4927058396718793   0.023540561071547436 0.1532715522488141   16052594
15    255379   84.85844357976654    89.30455969369997    0.0010523945046170225   0.9562454234686486    10059380 244205   257      0.7539463600140929   0.03188348949633093  0.46125706257433985  21808620
round 15, total revenue = 12519786
16    311776   131.75683606557376   67.03113375923671    0.0005087488115294157   0.769154777789182     2591666  239804   122      0.49469386532041415  0.02354004814634074  0.16123007024738942  16074334
16    255379   84.6774785992218     89.22372235091531    0.0010536889362661693   0.9550706988436793    10105888 243905   257      0.7551413915595476   0.03187973022453802  0.4643799278305341   21762112
round 16, total revenue = 12697554
17    311776   131.97075409836066   67.04546476667971    0.000508032747291186    0.7702388894590988    2565568  240142   122      0.4966578219582816   0.023539665505315988 0.159347774022461    16100432
17    255379   84.5384046692607     89.15979628938071    0.0010546661796872114   0.9541857396262027    10141630 243679   257      0.7563150840667304   0.031876448428154285 0.466788975793011    21726370
round 17, total revenue = 12707198
18    311776   131.14303252032522   67.06967838506476    0.0005114238789214362   0.7714031869034178    2688407  240505   123      0.4985953400007105   0.023539378557489537 0.16666510648430594  16130593
18    255379   84.41659143968872    89.10518858044087    0.0010555411804811132   0.9533947583787233    10172936 243477   257      0.7573887101050789   0.03187354728979052  0.46890555381629667  21695064
round 18, total revenue = 12861343
19    311776   131.485837398374     67.1121706690569     0.0005104136840663787   0.7729299240480345    2646242  240981   123      0.5005126512690674   0.023539160996522656 0.1636234215586482   16172758
19    255379   84.30867315175098    89.06004381620212    0.0010563568430960709   0.9526585976137427    10200671 243289   257      0.7584256814266221   0.03187095359544387  0.4707858084399789   21667329
round 19, total revenue = 12846913
20    311776   131.86537398373986   67.16235879683308    0.0005093252062145957   0.7745817510007185    2599559  241496   123      0.502410949884812    0.023538992690198796 0.16027426592568758  16219441
20    255379   84.20561089494164    89.01739967421886    0.001057143327245504    0.9519498470900113    10227158 243108   257      0.759446307952893    0.03186861122024394  0.4725859557590227   21640842
round 20, total revenue = 12826717
