Max revenue's round: 18
This round's info:
round bids     cpc                  cpm                  ctr                     winrate               revenue  imps     clks     auc                  rmse                 roi                  cost    
18    311776   131.62533333333334   67.04731850747505    0.0005093800472108337   0.7744983577953403    2629084  241470   123      0.4971501171880947   0.023540331797218848 0.16239021870156709  16189916
18    255379   83.959046692607      88.92317424470335    0.0010591255826220983   0.9501681814088081    10290525 242653   257      0.7581979893480364   0.03187566987261395  0.4769105282244563   21577475
round 18, total revenue = 12919609


Here are train dataset's quality scores:
id    score1               score2               score3              
3476  0.8204727620874716   1.0                  5.362356307092272   
3358  0.8398971380861835   1.0                  7.7503201124603045  


all rounds' info:
round bids     cpc                  cpm                  ctr                     winrate               revenue  imps     clks     auc                  rmse                 roi                  cost    
1     311776   145.02839520958085   79.34031526809581    0.0005470674563656376   0.9791132094837319    1331258  305264   167      0.45944116085920617  0.02427633757161995  0.05496582085804217  24219742
1     255379   91.90162934362935    93.20798057720171    0.001014214668911775    0.999964758261251     8313478  255370   259      0.7270012764074383   0.03434345754212972  0.34926878756797286  23802522
round 1, total revenue = 9644736
2     311776   138.582213836478     75.92394708823336    0.0005478621317005434   0.9308574104485271    2292428  290219   159      0.4627774429262185   0.0237816604937553   0.1040377820817214   22034572
2     255379   91.60416216216217    93.03525269002729    0.0010156225491733852   0.9985785832037873    8390522  255016   259      0.7308631958796586   0.032708485500632274 0.3536502826202279   23725478
round 2, total revenue = 10682950
3     311776   137.27345270270268   73.35207530003032    0.0005343500426035845   0.8883685723083239    2327529  276972   148      0.4655019056685841   0.02366197344559798  0.11456364641280467  20316471
3     255379   90.7884247104247     92.58471109361157    0.001019785411949995    0.9945022887551443    8601798  253975   259      0.7337044585574689   0.032305351425287475 0.3658128819340754   23514202
round 3, total revenue = 10929327
4     311776   137.0943165467626    71.4873989931199     0.0005214468461844347   0.8549920455711794    2210890  266566   139      0.4679577843733086   0.023612731157016148 0.11602000618174434  19056110
4     255379   89.8036833976834     92.06077181872155    0.0010251335840094993   0.9893139216615305    8856846  252650   259      0.7361656139407786   0.03214001968810042  0.380789688223398    23259154
round 4, total revenue = 11067736
5     311776   135.6691791044776    70.19313114152783    0.000517384505492384    0.8307085856512367    2322330  258995   134      0.4703198872271694   0.023587208863926696 0.1277432428641444   18179670
5     255379   88.85467953667954    91.56595087752804    0.0010305135458817257   0.9841490490604161    9102638  251331   259      0.7384242073682337   0.0320544570802202   0.3955370797191649   23013362
round 5, total revenue = 11424968
6     311776   134.75872307692308   69.22172435593488    0.0005136715663031453   0.8117366314276917    2371366  253080   130      0.47256813806312903  0.023572172344708715 0.13536249458719213  17518634
6     255379   88.25159302325582    91.0891251905282     0.001032152758608274    0.9787923047705567    9223089  249963   258      0.7404830159416236   0.03200374208675392  0.40507378679639094  22768911
round 6, total revenue = 11594455
7     311776   137.4836935483871    68.50319049762119    0.0004982641121254982   0.7982141024325157    1924022  248864   124      0.47474836129219466  0.023562580607130918 0.1128592493491017   17047978
7     255379   87.4438488372093     90.69261290089163    0.0010371525739875703   0.9740738275269306    9431487  248758   258      0.7423974606241776   0.031970863011160325 0.418052860766065    22560513
round 7, total revenue = 11355509
8     311776   134.85201612903228   68.01372342459234    0.0005043582244963536   0.7885693574874268    2250350  245857   124      0.476905840239087    0.023556133362246812 0.13457703037678698  16721650
8     255379   86.74336821705427    90.35512158490353    0.001041637227630033    0.9698800606157907    9612211  247687   258      0.7441944800599551   0.031948136264350974 0.42950409407345175  22379789
round 8, total revenue = 11862561
9     311776   134.0271056910569    67.65378869956335    0.0005047769132276174   0.7815611208046803    2333666  243672   123      0.47902284966339215  0.023551643093264737 0.14156012853606728  16485334
9     255379   86.15392635658915    90.07972653147239    0.001045567281038759    0.9662344985296364    9764287  246756   258      0.745861482702969    0.03193164676005349  0.43928437442034635  22227713
round 9, total revenue = 12097953
10    311776   133.8316967213115    67.39256791896779    0.0005035620826006917   0.7770771323001129    2338533  242274   122      0.48112079046064127  0.02354843878206422  0.14322693164836897  16327467
10    255379   85.6729496124031     89.85138738709442    0.0010487719612035675   0.9632820239722139    9888379  246002   258      0.747439739161282    0.03191921586348425  0.44736466482120735  22103621
round 10, total revenue = 12226912
11    311776   132.97221311475408   67.22391659276816    0.0005055486031111958   0.7740236580108796    2443390  241322   122      0.4832051667844369   0.02354611407572487  0.15061633115756343  16222610
11    255379   85.26158527131783    89.65904885345594    0.0010515761414492187   0.9607132927922812    9994511  245346   258      0.7489041117451277   0.031909546809951915 0.45434781215255976  21997489
round 11, total revenue = 12437901
12    311776   133.4920082644628    67.10147558553993    0.0005026628669231217   0.772086369701324     2360467  240718   121      0.48526789965677963  0.023544409060591156 0.14613602708627804  16152533
12    255379   84.8728992248062     89.47496424631227    0.0010542230212887672   0.9583011915623446    10094792 244730   258      0.75035669488868     0.031901825670587844 0.46100817967295193  21897208
round 12, total revenue = 12455259
13    311776   133.20862809917355   67.03449824701494    0.0005032294019056174   0.7712171559068048    2394756  240447   121      0.487317329269738    0.023543150013398947 0.14857424915518092  16118244
13    255379   84.59398449612404    89.34923383646718    0.001056212618056323    0.956496031388642     10166752 244269   258      0.7518058123302714   0.03189551922274181  0.46582526805651875  21825248
round 13, total revenue = 12561508
14    311776   131.97479508196722   66.98559268442861    0.0005075635286482168   0.7709509391357898    2565075  240364   122      0.4893142175384798   0.023542216607786798 0.1593122755369645   16100925
14    255379   84.6518093385214     89.22923434065032    0.001054073563670965    0.9547221972049386    10112485 243816   257      0.7531797437136102   0.03189026564125     0.46482397681691284  21755515
round 14, total revenue = 12677560
15    311776   132.01561475409835   66.97204006869394    0.0005073039291105132   0.7713454531458483    2560095  240487   122      0.49129520906529245  0.02354152306678039  0.15895381228189287  16105905
15    255379   84.43011284046693    89.1322738064919     0.0010556929371267078   0.9532577071724769    10169461 243442   257      0.7545314280144949   0.031885812115813636 0.46867031001488163  21698539
round 15, total revenue = 12729556
16    311776   132.1808524590164    66.98734282379233    0.0005067855258730627   0.7721344811659653    2539936  240733   122      0.493268588067801    0.02354100681898232  0.15750501796346586  16126064
16    255379   84.26358754863813    89.06000600430171    0.0010569216027373036   0.952149550276256     10212258 243159   257      0.7558060950346933   0.03188197760292938  0.47157275885536504  21655742
round 16, total revenue = 12752194
17    311776   132.4334262295082    67.0165167905495     0.0005060392885585346   0.7732731191624757    2509122  241088   122      0.49522002508849183  0.023540621391713222 0.15529745288662822  16156878
17    255379   84.11320622568093    88.99292736344624    0.001058013733594612    0.9511666973400319    10250906 242908   257      0.7570101010834784   0.031878629711322444 0.4742037019406956   21617094
round 17, total revenue = 12760028
18    311776   131.62533333333334   67.04731850747505    0.0005093800472108337   0.7744983577953403    2629084  241470   123      0.4971501171880947   0.023540331797218848 0.16239021870156709  16189916
18    255379   83.959046692607      88.92317424470335    0.0010591255826220983   0.9501681814088081    10290525 242653   257      0.7581979893480364   0.03187566987261395  0.4769105282244563   21577475
round 18, total revenue = 12919609
19    311776   131.92550406504066   67.08298331486779    0.0005084913928530088   0.7758518936672483    2592163  241892   123      0.4990484158038393   0.023540111439564925 0.15974542666571434  16226837
19    255379   83.85498832684826    88.88072652886154    0.0010599336819704043   0.9494437678900771    10317268 242468   257      0.7593479062317257   0.031873023547549444 0.4787432742423784   21550732
round 19, total revenue = 12909431
20    311776   132.27700000000002   67.13100184434093    0.0005075032079979205   0.7773625936569845    2548929  242363   123      0.5009113385713471   0.023539939979401254 0.15666366790900912  16270071
20    255379   83.76054085603114    88.84510838162217    0.0010607036138213395   0.9487545961100952    10341541 242292   257      0.7604360912451223   0.031870633591369685 0.4804106890037047   21526459
round 20, total revenue = 12890470
