Max revenue's round: 20
This round's info:
round bids     cpc                  cpm                  ctr                     winrate               revenue  imps     clks     auc                  rmse                 roi                  cost    
20    311776   96.26219999999999    48.40117857645663    0.0005028056555580137   0.47843002668582574   4255335  149163   75       0.5902682608326906   0.022720488707817312 0.5894089268684904   7219665 
20    255379   89.9702075471698     64.42288647954875    0.000716046880805215    0.5796678661910337    3607158  148035   106      0.777989372758694    0.02451855203039852  0.3782340107972849   9536842 
round 20, total revenue = 7862493


Here are train dataset's quality scores:
id    score1               score2               score3              
3476  0.8198331128947641   0.7835420393559929   8.629951766565028   
3358  0.9166845801412875   0.9926253687315634   20.502224588513034  


all rounds' info:
round bids     cpc                  cpm                  ctr                     winrate               revenue  imps     clks     auc                  rmse                 roi                  cost    
1     311776   125.28832038834952   59.85619796377467    0.0004777476286555811   0.6915060812891306    2854303  215595   103      0.5419547412931809   0.022745148981763698 0.22118326373722685  12904697
1     255379   120.61666666666667   76.86553576305647    0.0006372712651351926   0.7742140113321769    426300   197718   126      0.6913092725669864   0.02455987677319882  0.028050297084427248 15197700
round 1, total revenue = 3280603
2     311776   119.1493052631579    56.97394210587247    0.00047817267570329135  0.6372299343118136    3215816  198673   95       0.5443469271436335   0.022735682835990978 0.28410316503380456  11319184
2     255379   112.5605             72.57920132020415    0.0006448016961563261   0.7165898527286895    1349861  183002   118      0.6978093686116019   0.0245491722234182   0.10162979020171374  13282139
round 2, total revenue = 4565677
3     311776   116.59442045454546   54.99589419237263    0.00047168547155146997  0.5983943600533717    3203691  186565   88       0.5467298046452647   0.022731008346419914 0.31224118104045406  10260309
3     255379   112.24514018691589   69.50445028298938    0.0006192201298626141   0.6766335524847383    1257770  172798   107      0.7036001083841226   0.024544238193576588 0.10472488869905072  12010230
round 3, total revenue = 4461461
4     311776   113.53672619047619   53.58725761772853    0.0004719817050900979   0.5708361131068459    3314915  177973   84       0.5491513705945673   0.02272831352890077  0.34758157235675263  9537085 
4     255379   108.39548039215687   66.8824572016212     0.0006170225636682596   0.6473124258455081    1591661  165310   102      0.7092340473709853   0.02454132558447688  0.14395913511696773  11056339
round 4, total revenue = 4906576
5     311776   116.84803896103895   52.482276081313614   0.0004491498235482836   0.5498659293851996    2783701  171435   77       0.551604549051859    0.02272659234642572  0.3093929633771202   8997299 
5     255379   104.98020202020203   64.98899449724863    0.0006190595297648824   0.626206540083562     1882960  159920   99       0.7145577177255108   0.024539270264244947 0.18117509410143712  10393040
round 5, total revenue = 4666661
6     311776   114.56581333333334   51.63909756361407    0.00045073740639686526  0.5336972698347532    2882564  166394   75       0.5540925092408284   0.0227254078630898   0.33547692412256547  8592436 
6     255379   104.2035425531915    63.062179301464674   0.000605182681474328    0.6082136745777844    1860867  155325   94       0.7196659937183005   0.024537620608716035 0.18997873739948196  9795133 
round 6, total revenue = 4743431
7     311776   111.9674054054054    50.96627914129298    0.00045518853416989607  0.5214320537822026    3036412  162570   74       0.5566019165033138   0.022724544066715948 0.36646910273597966  8285588 
7     255379   104.21765555555555   61.68509628031778    0.0005918871994528332   0.5954130919143704    1780411  152056   90       0.7245775245422615   0.024536174220832166 0.18981759222072522  9379589 
round 7, total revenue = 4816823
8     311776   110.3057808219178    50.45472602525142    0.00045740781352799275  0.5118899466283485    3116678  159595   73       0.5591542777095044   0.022723883726842902 0.387053324494475    8052322 
8     255379   103.77673863636363   60.925000833917075   0.0005870776210013676   0.5869511588658425    1779647  149895   88       0.7293741071349065   0.024534830756203354 0.19487277813286455  9132353 
round 8, total revenue = 4896325
9     311776   109.30870833333333   50.034819924345975   0.0004577386439492673   0.5045128553833521    3145773  157295   72       0.561712219938543    0.022723358576565825 0.3997054976940309   7870227 
9     255379   100.87098876404495   60.51171474791049    0.0005998921542194662   0.5809404845347503    2058482  148360   89       0.7340530700565964   0.02453353662334145  0.22929299612654633  8977518 
round 9, total revenue = 5204255
10    311776   107.21248611111112   49.66926403026754    0.00046327872649825627  0.49847967771733553   3296701  155414   72       0.564291629173322    0.022722926610765713 0.4270725878088153   7719299 
10    255379   99.93916853932583    60.365713122264076   0.0006040245681903017   0.5769659995536046    2141414  147345   89       0.7386339020955536   0.024532261516873117 0.24075476924951875  8894586 
round 10, total revenue = 5438115
11    311776   105.5808611111111    49.37915400005197    0.00046769038896250683  0.4937775839063943    3414178  153948   72       0.5668855689997303   0.022722560817372568 0.4491262752534853   7601822 
11    255379   99.53042696629213    60.39591188322004    0.0006068085280461447   0.5743189533986741    2177792  146669   89       0.7431473375287656   0.024530987493399097 0.24585017646910076  8858208 
round 11, total revenue = 5591970
12    311776   104.21991666666668   49.137160144585884   0.0004714757190004715   0.4898131992199528    3512166  152712   72       0.569500457594043    0.022722243188507362 0.4680495330786902   7503834 
12    255379   96.33798913043479    60.577092631449446   0.0006287975613590229   0.5729171153462109    2544905  146311   92       0.7475675524397241   0.024529703502458092 0.2871350245032915   8863095 
round 12, total revenue = 6057071
13    311776   103.25854166666667   48.978964635817434   0.00047433329819753347  0.4868623627219542    3581385  151792   72       0.5721129742536453   0.022721961354575246 0.48171761416024905  7434615 
13    255379   95.7358817204301     60.89985499117635    0.0006361236131821229   0.5724746357374726    2628563  146198   93       0.7517896482986111   0.024528402484066278 0.2952301453921671   8903437 
round 13, total revenue = 6209948
14    311776   101.0838904109589    48.84120092134177    0.0004831749225596357   0.48459150159088576   3789876  151084   73       0.5747254709810232   0.0227217066020887   0.5135942965587785   7379124 
14    255379   95.42920212765958    61.34827656955273    0.0006428669128710163   0.5725607822099703    2685655  146220   94       0.7558456823810923   0.024527079753825693 0.2993926097602712   8970345 
round 14, total revenue = 6475531
15    311776   100.4672602739726    48.7193266816352     0.00048492739374775805  0.48284024427794314   3834890  150538   73       0.5773348981458347   0.02272147265927996  0.5228841672677393   7334110 
15    255379   94.4018125           61.88380620710847    0.000655536208132746    0.5734418256786972    2841426  146445   96       0.759737588300621    0.024525732069355256 0.3135341019008507   9062574 
round 15, total revenue = 6676316
16    311776   99.976698630137      48.62517905565216    0.0004863651202920856   0.48141293749358516   3870701  150093   73       0.5799405979846728   0.022721254926517616 0.5303565940502026   7298299 
16    255379   94.46916494845361    62.445970165527484   0.0006610196057052125   0.5746087188061665    2864491  146743   97       0.7635497835497835   0.02452435707378908  0.31259760862350877  9163509 
round 16, total revenue = 6735192
17    311776   99.52667123287672    48.53435272583953    0.00048765172314742445  0.4801427948270553    3903553  149697   73       0.582529176042702    0.022721049974212888 0.5372763712955307   7265447 
17    255379   91.64512871287128    62.96277804231005    0.0006870280933269846   0.5756542237223891    3267842  147010   101      0.7672848632413722   0.02452295295601984  0.3530451835415947   9256158 
round 17, total revenue = 7171395
18    311776   97.87556756756757    48.47108582901121    0.0004952317215994646   0.4792703736015601    4079208  149425   74       0.5850993765897817   0.022720855206911427 0.5632093259063632   7242792 
18    255379   90.85488349514564    63.50168626626042    0.000698935311161929    0.5770521460261023    3413947  147367   103      0.7709335155000744   0.02452151823957465  0.36481381330069407  9358053 
round 18, total revenue = 7493155
19    311776   96.42030666666668    48.43748660379381    0.0005023577322902154   0.4788566150056451    4243477  149296   75       0.5876796030457635   0.022720668633626265 0.5868026693685411   7231523 
19    255379   90.04060000000001    63.990842267706306   0.0007106887589343729   0.5785283833048136    3565737  147744   105      0.7745105731764562   0.024520051649887947 0.3771565271666337   9454263 
round 19, total revenue = 7809214
20    311776   96.26219999999999    48.40117857645663    0.0005028056555580137   0.47843002668582574   4255335  149163   75       0.5902682608326906   0.022720488707817312 0.5894089268684904   7219665 
20    255379   89.9702075471698     64.42288647954875    0.000716046880805215    0.5796678661910337    3607158  148035   106      0.777989372758694    0.02451855203039852  0.3782340107972849   9536842 
round 20, total revenue = 7862493
