Max revenue's round: 20
This round's info:
round bids     cpc                  cpm                  ctr                     winrate               revenue  imps     clks     auc                  rmse                 roi                  cost    
20    311776   91.887525            45.080471471324145   0.0004906049158612569   0.2615082623421944    2444499  81532    40       0.544540035175362    0.02341561561388351  0.6650791279882661   3675501 
20    255379   48.836374301675974   63.45194492229747    0.0012992763248626323   0.539468789524589     13454289 137769   179      0.763177405158089    0.03104703523579224  1.5390910314925763   8741711 
round 20, total revenue = 15898788


Here are train dataset's quality scores:
id    score1               score2               score3              
3476  0.8186120822855956   0.6130198915009042   1.7404383124501384  
3358  0.865047441159221    0.7619047619047619   8.290309724051745   


all rounds' info:
round bids     cpc                  cpm                  ctr                     winrate               revenue  imps     clks     auc                  rmse                 roi                  cost    
1     311776   111.18602127659574   49.0606387772729     0.00044124826317173006  0.3416427178487119    1965257  106516   47       0.5245832954470493   0.023417356825776656 0.3760722637910054   5225743 
1     255379   59.12093048128342    68.33564505760768    0.0011558621371705485   0.6335054957533705    12132386 161784   187      0.7311805999479128   0.031057682110833616 1.097395947434489    11055614
round 1, total revenue = 14097643
2     311776   111.35097777777779   48.58669071375241    0.0004363382494109434   0.33078556399466286   1874206  103131   45       0.5254707400122607   0.023417103257350982 0.37403373597078626  5010794 
2     255379   58.747353260869566   67.86143965647129    0.0011551403746672692   0.6237317868736271    12006487 159288   184      0.7329058480230382   0.031057129784036304 1.1107333882664279   10809513
round 2, total revenue = 13880693
3     311776   109.63797727272728   48.129050602601964   0.0004389815627743635   0.32148722159499127   1907929  100232   44       0.5263880994935577   0.023416900385385436 0.39550184895703233  4824071 
3     255379   57.74314207650273    67.38166595461125    0.0011669206685243874   0.6140794662051304    12125005 156823   183      0.7346279382503975   0.031056614930115092 1.147441159951339    10566995
round 3, total revenue = 14032934
4     311776   105.96600000000001   47.70264269856048    0.00045016932505294603  0.31349751103356255   2069496  97741    44       0.5273478728458422   0.02341673450568957  0.44385935111262104  4662504 
4     255379   56.94154945054945    66.97836835200062    0.0011762652930645589   0.6058720568253458    12204638 154727   182      0.7363690390386788   0.03105611868510191  1.1776716860802507   10363362
round 4, total revenue = 14274134
5     311776   102.57452272727272   47.30404569751598    0.00046116759249554553  0.3060209894283075    2218721  95410    44       0.5283352902830666   0.02341659611710081  0.4915984586815927   4513279 
5     255379   55.87663736263736    66.58034188593763    0.001191559568157862    0.5980953798080499    12398452 152741   182      0.7381248500022312   0.03105562890735284  1.219174342851816    10169548
round 5, total revenue = 14617173
6     311776   99.82613636363637    46.9765029251024     0.00047058320231869175  0.2998980036949605    2339650  93501    44       0.5293523974299822   0.02341647848555752  0.5326647466618097   4392350 
6     255379   55.302950276243095   66.25957503144238    0.0011981200767855961   0.5915521636469717    12434166 151070   181      0.7398807879144373   0.03105513774106287  1.2421950254120098   10009834
round 6, total revenue = 14773816
7     311776   97.47181818181818    46.69054488051821    0.00047901584018289695  0.29461857230832394   2443240  91855    44       0.5303860197125034   0.023416376745527323 0.5696844775646107   4288760 
7     255379   54.47225414364641    65.94439242335064    0.001210605168815881    0.5854514270946319    12584522 149512   181      0.7416261573512062   0.03105464011558562  1.276388263151457    9859478 
round 7, total revenue = 15027762
8     311776   95.45879545454545    46.475612454909594   0.00048686569145993316  0.28986836703274144   2531813  90374    44       0.5314412430417089   0.023416287321606673 0.6027857807283342   4200187 
8     255379   53.46476373626374    65.67177566308969    0.0012283188229736113   0.5801964922722699    12837413 148170   182      0.7433592127685463   0.031054132798207592 1.3192845405934914   9730587 
round 8, total revenue = 15369226
9     311776   95.75672093023256    46.26240393690171    0.0004831243539616197   0.28547418659550444   2461461  89004    43       0.532515871655251    0.023416207546845515 0.5977990736699762   4117539 
9     255379   52.8023021978022     65.39073780475358    0.0012384069459659914   0.5754701835311439    12957981 146963   182      0.7450819060020117   0.03105361378350156  1.3483824537703828   9610019 
round 9, total revenue = 15419442
10    311776   94.0643023255814     46.06688913692171    0.0004897382747545614   0.28161885456224983   2534235  87802    43       0.5335868031304815   0.023416135405274464 0.6265469069278438   4044765 
10    255379   52.20037912087913    65.16141400146778    0.0012482938840458438   0.5709122519862636    13067531 145799   182      0.7467915393927069   0.031053081892424676 1.3754616745762762   9500469 
round 10, total revenue = 15601766
11    311776   94.83311904761905    45.89439540939783    0.00048394902403613486  0.27836010469054706   2443009  86786    42       0.5346724480901606   0.0234160693547646   0.6133604118111239   3982991 
11    255379   51.89254696132597    64.93474413395462    0.001251330835280616    0.5663973936776321    13051449 144646   181      0.7484794169578393   0.031052536504959618 1.3895531682500313   9392551 
round 11, total revenue = 15494458
12    311776   95.90448780487806    45.75276349165716    0.00047706592818412417  0.275653032946731     2340916  85942    41       0.5357585246954294   0.023416008202981488 0.5953372308424744   3932084 
12    255379   51.927346368715085   64.7139564999443     0.001246240392113178    0.5624268244452363    12901005 143632   179      0.75017211857182     0.03105197737941121  1.387951795563096    9294995 
round 12, total revenue = 15241921
13    311776   97.1792              45.64010801925561    0.0004696489374192791   0.2731768962331931    2232832  85170    40       0.5368531403764945   0.0234159510191213   0.5744109850667632   3887168 
13    255379   51.416553072625696   64.513970278985      0.0012547315295107248   0.5586207166603362    12992437 142660   179      0.7518584251473605   0.03105140452888724  1.4116746959845876   9203563 
round 13, total revenue = 15225269
14    311776   96.13917500000001    45.5382310798489     0.00047366987578007506  0.27085792363748334   2274433  84447    40       0.5379534800534227   0.023415897070190504 0.5914428223458336   3845567 
14    255379   50.981430167597765   64.34280718329819    0.0012620832128831198   0.5553667294491716    13070324 141829   179      0.7535439382938138   0.031050818136083576 1.4322581691482363   9125676 
round 14, total revenue = 15344757
15    311776   95.12989999999999    45.42487077558524    0.0004775036111210591   0.2686832854356974    2314804  83769    40       0.5390516427352029   0.023415845774393027 0.6083271400474509   3805196 
15    255379   50.55005027932961    64.16664184661207    0.0012693685068964294   0.5521793099667552    13147541 141015   179      0.7552049979558093   0.03105021849406954  1.4530143751549296   9048459 
round 15, total revenue = 15462345
16    311776   94.2764              45.32464754029399    0.0004807634523623514   0.2668614646412809    2348944  83201    40       0.5401519261105326   0.023415796666617514 0.6228875943502298   3771056 
16    255379   50.17333519553073    64.01484718024747    0.0012758738666818726   0.5493638866155792    13214973 140296   179      0.7568370657189697   0.031049605964930792 1.4714322760637508   8981027 
round 16, total revenue = 15563917
17    311776   93.58405             45.25942763181758    0.0004836233058071068   0.26528340860104693   2376638  82709    40       0.5412433513676738   0.02341574937259882  0.63489398033105     3743362 
17    255379   49.50957777777778    63.84762641677055    0.0012896015131324422   0.546552379013153     13408276 139578   180      0.7584696095395821   0.031048980950805136 1.504565895442902    8911724 
round 17, total revenue = 15784914
18    311776   95.35607692307693    45.197396725854084   0.00047398548875195976  0.26391062814328237   2248113  82281    39       0.5423461683149429   0.023415703589375114 0.604512317798309    3718887 
18    255379   49.171994444444444   63.701169527510885   0.0012954766274425131   0.544073710054468     13469041 138945   180      0.7600526433851722   0.031048343873597433 1.5217606363333058   8850959 
round 18, total revenue = 15717154
19    311776   94.78302564102565    45.14193950199665    0.0004762660739799968   0.2626469003387047    2270462  81887    39       0.5434424167423688   0.023415659070366662 0.6142130826194672   3696538 
19    255379   49.11309497206704    63.55269283597195    0.0012940070845080605   0.5416655245732813    13404756 138330   179      0.7616393111359804   0.031047695160821    1.5247848882365227   8791244 
round 19, total revenue = 15675218
20    311776   91.887525            45.080471471324145   0.0004906049158612569   0.2615082623421944    2444499  81532    40       0.544540035175362    0.02341561561388351  0.6650791279882661   3675501 
20    255379   48.836374301675974   63.45194492229747    0.0012992763248626323   0.539468789524589     13454289 137769   179      0.763177405158089    0.03104703523579224  1.5390910314925763   8741711 
round 20, total revenue = 15898788
