Max revenue's round: 13
This round's info:
round bids     cpc                  cpm                  ctr                     winrate               revenue  imps     clks     auc                  rmse                 roi                  cost    
13    311776   93.40514545454546    48.80194361059391    0.0005224759661055592   0.3376398439905573    3277717  105268   55       0.5630794210446219   0.02272042573629812  0.6380253920214246   5137283 
13    255379   51.554742857142855   76.66621346023113    0.0014870836165873555   0.4608053128879039    12677920 117680   175      0.8628913465550604   0.028696226983825537 1.405210328438675    9022080 
round 13, total revenue = 15955637


Here are train dataset's quality scores:
id    score1               score2               score3              
3476  0.8153867794447444   0.41651376146788993  10.812981406073689  
3358  0.9433527290496347   0.815068493150685    5.161741756128011   


all rounds' info:
round bids     cpc                  cpm                  ctr                     winrate               revenue  imps     clks     auc                  rmse                 roi                  cost    
1     311776   100.71948            48.78732453038567    0.00048438816930335295  0.3310806476444627    2614026  103223   50       0.5513687608026427   0.022720767720229858 0.5190705909125027   5035974 
1     255379   46.83385064935065    68.71451572950211    0.001467197652483756    0.41100482028671115   11883587 104962   154      0.8378807190348371   0.02873704292120405  1.6476575869961967   7212413 
round 1, total revenue = 14497613
2     311776   100.90252000000001   48.797984292180914   0.0004836151197431036   0.33160987375551676   2604874  103388   50       0.5523560636766802   0.02272073840890004  0.5163149542746801   5045126 
2     255379   47.10921794871795    69.35475590536319    0.001472211998527788    0.4149244847853582    11994962 105963   156      0.8405963841216528   0.02873396093326758  1.6321812460351954   7349038 
round 2, total revenue = 14599836
3     311776   101.15328            48.815381051656246   0.00048258821712609065  0.33231550857025555   2592336  103608   50       0.5533459178754481   0.02272070948566239  0.5125559942297472   5057664 
3     255379   46.858881249999996   70.0379362528959     0.0014946566026455422   0.4191730721789967    12342579 107048   160      0.8431435321196602   0.028730815970618866 1.646243288192033    7497421 
round 3, total revenue = 14934915
4     311776   101.37832            48.821728870695885   0.0004815795810257645   0.3330115210920661    2581084  103825   50       0.5543336991228724   0.022720680840263012 0.5091984163872513   5068916 
4     255379   47.574279503105586   70.80291181364393    0.0014882603068959142   0.42360569976388035   12304541 108180   161      0.8455558812353079   0.02872760919138298  1.6064504033509417   7659459 
round 4, total revenue = 14885625
5     311776   101.56092            48.81656941253377    0.0004806629303134884   0.333646592425331     2571954  104023   50       0.555319786131218    0.022720652384666255 0.506484974732407    5078046 
5     255379   48.26581481481482    71.51602901228357    0.0014817118344873004   0.4281205580725118    12268938 109333   162      0.847823486076562    0.028724342036021762 1.5691061152859511   7819062 
round 5, total revenue = 14840892
6     311776   101.80524000000001   48.837290965086495   0.00047971293977683754  0.3343073232064046    2559738  104229   50       0.5563070292085821   0.0227206240489083   0.5028695968891189   5090262 
6     255379   48.60605487804878    72.19222235303707    0.0014852516324183338   0.4323730612149002    12364607 110419   164      0.8500015639036544   0.028721016110893425 1.551122495152353    7971393 
round 6, total revenue = 14924345
7     311776   99.9726274509804     48.830187233635016   0.0004884355696020687   0.3349039053679565    2704396  104415   51       0.55728476461488     0.022720595777873845 0.5304189146676227   5098604 
7     255379   49.55550609756097    72.8901235896608     0.0014708784014063033   0.4365981541160393    12208897 111498   164      0.8521034245349198   0.02871763310111629  1.5022446497848003   8127103 
round 7, total revenue = 14913293
8     311776   100.13888235294118   48.82021795239461    0.00048752509320332667  0.3355293544082931    2695917  104610   51       0.558260885510997    0.022720567528731025 0.5278780470182294   5107083 
8     255379   48.7117705882353     73.56966062544421    0.0015103056147832267   0.44075667928843015   12798999 112560   170      0.8540912459032564   0.02871419470487434  1.5455859744492242   8281001 
round 8, total revenue = 15494916
9     311776   100.30988235294117   48.82330934702525    0.000486724819148327    0.3360810325361798    2687196  104782   51       0.5592369067459916   0.022720539268844653 0.5252734467544105   5115804 
9     255379   49.34284210526316    74.23566778110153    0.0015044870666901286   0.44506400291331705   12766374 113660   171      0.8559713871440908   0.028710702583838815 1.5130291387648611   8437626 
round 9, total revenue = 15453570
10    311776   98.49328846153847    48.81528607783147    0.0004956204309991517   0.33652045057990354   2834349  104919   52       0.5602031611910022   0.022720510974045545 0.5534053374585656   5121651 
10    255379   49.93606395348837    74.84578584126321    0.001498832305064659    0.4493556635432044    12738997 114756   172      0.8577727416547255   0.028707158326000966 1.4831752882144762   8589003 
round 10, total revenue = 15573346
11    311776   96.73845283018868    48.81686788285029    0.0005046273374719123   0.3368700605562968    2981862  105028   53       0.5611706713661536   0.02272048262717184  0.5815841118378323   5127138 
11    255379   50.518335260115606   75.50407339893391    0.0014945875197622483   0.4532518335493521    12712328 115751   173      0.8595208568920198   0.02870356341826167  1.45455435856174     8739672 
round 11, total revenue = 15694190
12    311776   95.01287037037036    48.80380294685577    0.0005136546528550637   0.33719401108488145   3131305  105129   54       0.5621218171850257   0.022720454216824684 0.6103081551329791   5130695 
12    255379   51.06264942528736    76.09346282640905    0.001490198093574163    0.45721457128424814   12691099 116763   174      0.8612366588481344   0.028699919226814977 1.4283894665793124   8884901 
round 12, total revenue = 15822404
13    311776   93.40514545454546    48.80194361059391    0.0005224759661055592   0.3376398439905573    3277717  105268   55       0.5630794210446219   0.02272042573629812  0.6380253920214246   5137283 
13    255379   51.554742857142855   76.66621346023113    0.0014870836165873555   0.4608053128879039    12677920 117680   175      0.8628913465550604   0.028696226983825537 1.405210328438675    9022080 
round 13, total revenue = 15955637
14    311776   93.45307272727273    48.79639052917386    0.0005221485939962405   0.33785153443497895   3275081  105334   55       0.5640200825134296   0.022720397182654728 0.6371853330762606   5139919 
14    255379   52.01706818181818    77.22483340362716    0.0014846056516237874   0.46421201430031445   12668996 118550   176      0.8645209119798791   0.028692487779218064 1.3838329289643128   9155004 
round 14, total revenue = 15944077
15    311776   93.47363636363637    48.787211630621485   0.0005219355267278438   0.3379894539669506    3273950  105377   55       0.5649708894844858   0.0227203685559266   0.636825162175042    5141050 
15    255379   52.77161363636364    77.79121228872472    0.0014741109268472453   0.4675169062452277    12536196 119394   176      0.8660723376795559   0.028688702556620885 1.3497481212997173   9287804 
round 15, total revenue = 15810146
16    311776   93.51480000000001    48.77490753911807    0.0005215742057847322   0.3382235964282049    3271686  105450   55       0.5659036179279595   0.022720339858426086 0.6361046593694261   5143314 
16    255379   53.610352272727276   78.42200538581734    0.0014628145882509393   0.4711272265926329    12388578 120316   176      0.8676005081688641   0.028684872112670838 1.3129861070336866   9435422 
round 16, total revenue = 15660264
17    311776   91.85873214285715    48.76884498336162    0.0005309113662435176   0.33831661192651136   3423911  105479   56       0.5668477077393738   0.022720311094154205 0.6656010422836774   5144089 
17    255379   54.08083615819209    79.00160110922207    0.0014608058366208342   0.4744556130300455    12375692 121166   177      0.8691210994560646   0.028680997099012444 1.292863957156414    9572308 
round 17, total revenue = 15799603
18    311776   90.26340350877193    48.75635157545605    0.0005401563610518835   0.33846415375141126   3575986  105525   57       0.5677886283270994   0.02272028226829676  0.6950391194270803   5145014 
18    255379   54.83193785310735    79.56494970445732    0.0014510694463801147   0.47763911676371196   12242747 121979   177      0.8706145535025489   0.02867707802642393  1.2614557291808879   9705253 
round 18, total revenue = 15818733
19    311776   90.28773684210528    48.74178150305441    0.0005398494104276176   0.3386565996099764    3574599  105585   57       0.5687284526424797   0.022720253386799182 0.6945822915859063   5146401 
19    255379   55.53122598870056    80.09768321204763    0.0014423899668331798   0.48051327634613655   12118973 122713   177      0.8720802233032587   0.028673115270586434 1.2329778929287711   9829027 
round 19, total revenue = 15693572
20    311776   90.29573684210527    48.733638222929216   0.0005397113964322236   0.3387432002463307    3574143  105612   57       0.5696504974136445   0.02272022445601242  0.6944321553911446   5146857 
20    255379   56.18324293785311    80.58110834704114    0.0014342552001879929   0.483238637476065     12003566 123409   177      0.873525577145149    0.028669109079083235 1.2070637705474239   9944434 
round 20, total revenue = 15577709
