Max revenue's round: 20
This round's info:
round bids     cpc                  cpm                  ctr                     winrate               revenue  imps     clks     auc                  rmse                 roi                  cost    
20    311776   78.14351470588235    49.34677104808603    0.000631489013948478    0.34538258236682745   5090241  107682   68       0.5924744291983968   0.022719477259386518 0.9579359922043886   5313759 
20    255379   56.374320855614975   83.58107968825567    0.0014826090748360804   0.49388947407578543   12646002 126129   187      0.8955150792477675   0.028606378851154794 1.1995830391923807   10541998
round 20, total revenue = 17736243


Here are train dataset's quality scores:
id    score1               score2               score3              
3476  0.827912962551923    0.5187376725838264   17.16210279134947   
3358  0.9563466957938409   0.8787878787878788   -0.25863591796384383


all rounds' info:
round bids     cpc                  cpm                  ctr                     winrate               revenue  imps     clks     auc                  rmse                 roi                  cost    
1     311776   94.30361818181818    48.9343541554631     0.0005189021916541659   0.3399652314482192    3228301  105993   55       0.5645882505715816   0.02272038821322641  0.6224191918597937   5186699 
1     255379   52.271244318181814   77.31197949493676    0.0014790537417538553   0.4659545224940187    12624261 118995   176      0.8647440362955788   0.02869181948518438  1.3722412124952674   9199739 
round 1, total revenue = 15852562
2     311776   93.3889642857143     49.038707499578045   0.000525101738461827    0.342059683875603     3338218  106646   56       0.5661950071172991   0.02272034765957821  0.6383092067699954   5229782 
2     255379   53.22452272727273    77.97361345796882    0.001464994131699643    0.4704263075664013    12456484 120137   176      0.866607226003895    0.028687399648012313 1.3297531597490733   9367516 
round 2, total revenue = 15794702
3     311776   93.99030357142857    49.124157691374386   0.0005226513355608235   0.3436633993636457    3304543  107146   56       0.5677934917898668   0.02272030555241065  0.6278274905637112   5263457 
3     255379   54.12973295454546    78.60423267326733    0.0014521452145214522   0.47458874848754207   12297167 121200   176      0.8684026280679963   0.028682991557090542 1.2907927534785169   9526833 
round 3, total revenue = 15601710
4     311776   92.85115789473684    49.20158411423472    0.0005298973672467649   0.3450169352355537    3428484  107568   57       0.5693599055132832   0.022720262040403512 0.6477985139770952   5292516 
4     255379   54.65229943502825    79.19844934584336    0.001449132976371764    0.4782773838099452    12274543 122142   177      0.8701976049573453   0.028678591973123356 1.2688889814675353   9673457 
round 4, total revenue = 15703027
5     311776   90.06183050847459    49.257912008454305   0.000546934386413779    0.34599840911423585   3713352  107874   59       0.5709088386758505   0.02272021728059388  0.6988328922051291   5313648 
5     255379   55.0144606741573     79.68633482248208    0.0014484616198357867   0.48120244812611845   12279426 122889   178      0.8719405071824586   0.02867419733574031  1.2539528422251391   9792574 
round 5, total revenue = 15992778
6     311776   88.82641666666667    49.298710548710545   0.000555000555000555    0.34674894796263983   3850415  108108   60       0.5724447959602963   0.022720171429817266 0.7224605668171161   5329585 
6     255379   55.31843016759776    80.14697931168453    0.0014488296046880564   0.4837829265523007    12294001 123548   179      0.8736722439488575   0.02866980388053742  1.2415675865045028   9901999 
round 6, total revenue = 16144416
7     311776   87.57408196721312    49.32794378370392    0.000563271034941272    0.3473519449861439    3990981  108296   61       0.5739639105150756   0.022720124638681928 0.7470922510758573   5342019 
7     255379   55.804145251396655   80.52091830976833    0.0014429200187015333   0.4857642954197487    12207058 124054   179      0.8753755309785652   0.0286654077356931   1.2220571507973517   9988942 
round 7, total revenue = 16198039
8     311776   87.70890163934426    49.35238771688697    0.0005626839100074717   0.34771438468644156   3982757  108409   61       0.5754719427530568   0.022720077047607954 0.7444067493756825   5350243 
8     255379   56.23737988826816    80.8546999622493     0.0014377394559079847   0.4875146351109527    12129509 124501   179      0.8770640478070928   0.028661005000171127 1.2049391391697464   10066491
round 8, total revenue = 16112266
9     311776   87.79367213114755    49.36957483683027    0.0005623363693351525   0.34792928256183925   3977586  108476   61       0.576956734017321    0.0227200287844865   0.7427224113765994   5355414 
9     255379   56.626385474860335   81.18315646149533    0.0014336630491369989   0.48890081016841636   12059877 124855   179      0.8787423419557047   0.02865659180571096  1.1897918957771132   10136123
round 9, total revenue = 16037463
10    311776   87.85147540983607    49.38250444622601    0.0005621135469364812   0.3480672020938109    3974060  108519   61       0.5784172278999717   0.022719979963564    0.7415757593852516   5358940 
10    255379   56.71037222222222    81.54029938971786    0.0014378374924114133   0.49020475450213213   12112133 125188   180      0.8803990446212399   0.028652164364822624 1.1865488647138525   10207867
round 10, total revenue = 16086193
11    311776   86.44533870967743    49.39414968619536    0.0005713917074474458   0.3480287129220979    4126389  108507   62       0.5798708451651848   0.02271993068521671  0.7699045695667093   5359611 
11    255379   56.72204419889503    81.8252026364658     0.0014425644172757052   0.49131291139835304   12177310 125471   181      0.8820135255852788   0.02864771900690717  1.1860989276972422   10266690
round 11, total revenue = 16303699
12    311776   85.05796825396826    49.403068186008774   0.0005808164619980086   0.3479036231140306    4280348  108468   63       0.5813213131389336   0.02271988103634333  0.7987732735770116   5358652 
12    255379   56.71482967032967    82.11889703015983    0.0014479263626021306   0.4921978706158298    12245901 125697   182      0.8836018860308356   0.0286432522044612   1.1863770149850337   10322099
round 12, total revenue = 16526249
13    311776   82.3778923076923     49.4045413445037     0.0005997305825690613   0.34762778405008726   4590437  108382   65       0.5827513705148384   0.022719831091161238 0.8572944234664902   5354563 
13    255379   56.9695054945055     82.38605663795569    0.0014461430887073707   0.49280481167206386   12199550 125852   182      0.8851524613810074   0.028638760591123903 1.1766030602452633   10368450
round 13, total revenue = 16789987
14    311776   82.28795384615385    49.38614455606441    0.0006001625055399616   0.3473776044339526    4596283  108304   65       0.58417309622092     0.02271978091224301  0.8593243949904248   5348717 
14    255379   56.86954644808743    82.61067011700456    0.0014526345869913795   0.49329819601455094   12284873 125978   183      0.8866786169117067   0.028634240973113248 1.1804288541880963   10407127
round 14, total revenue = 16881156
15    311776   82.2013076923077     49.38019278578228    0.0006007227156363502   0.34705365390536796   4601915  108203   65       0.585578098790682    0.02271973055167268  0.8612842580643953   5343085 
15    255379   57.03928415300547    82.80662409265797    0.0014517472531831344   0.493599708668293     12253811 126055   183      0.8881880612260518   0.02862969033538734  1.1739403262385841   10438189
round 15, total revenue = 16855726
16    311776   79.70265671641792    49.382980690981725   0.0006195901457423985   0.3468387560299702    4910922  108136   67       0.5869829817670973   0.02271968005223573  0.9196348817376825   5340078 
16    255379   57.19016393442623    82.97168951219706    0.001450803491441845    0.4939208000657846    12226200 126137   183      0.8896867467705758   0.028625105843667748 1.1682050106059738   10465800
round 16, total revenue = 17137122
17    311776   78.4475              49.377325656737696   0.0006294314752763019   0.34651159807040954   5069570  108034   68       0.5883612352916379   0.02271962944858406  0.9503489594952038   5334430 
17    255379   57.00149456521739    83.13932288570228    0.0014585463682988118   0.4939834520457829    12327725 126153   184      0.8911605318632985   0.028620484843279514 1.1753815570243915   10488275
round 17, total revenue = 17397295
18    311776   78.35283823529412    49.368923852411925   0.000630084690795204    0.34615236580108794   5076007  107922   68       0.5897412827163795   0.02271957876833791  0.9527052681938584   5327993 
18    255379   56.81215135135135    83.2989736477115     0.0014662175549831583   0.4940695985182807    12429752 126175   185      0.8926183636598776   0.02861582485559986  1.1826316562653898   10510248
round 18, total revenue = 17505759
19    311776   78.2450294117647     49.35679035250464    0.0006307977736549165   0.34576105922200556   5083338  107800   68       0.5911134369802362   0.02271952803310231  0.9553957759391595   5320662 
19    255379   56.584403225806454   83.43731122016189    0.0014745637748832638   0.49392863156328437   12539301 126139   186      0.8940646233088491   0.02861112357276403  1.191416590631238    10524699
round 19, total revenue = 17622639
20    311776   78.14351470588235    49.34677104808603    0.000631489013948478    0.34538258236682745   5090241  107682   68       0.5924744291983968   0.022719477259386518 0.9579359922043886   5313759 
20    255379   56.374320855614975   83.58107968825567    0.0014826090748360804   0.49388947407578543   12646002 126129   187      0.8955150792477675   0.028606378851154794 1.1995830391923807   10541998
round 20, total revenue = 17736243
