Max revenue's round: 19
This round's info:
round bids     cpc                  cpm                  ctr                     winrate               revenue  imps     clks     auc                  rmse                 roi                  cost    
19    311776   82.95018181818183    51.8022368389038     0.0006244981711124989   0.39547303192035305   5393836  123299   77       0.6258579751271751   0.022718152713312526 0.8444805863760505   6387164 
19    255379   56.383456410256414   84.63377723039027    0.0015010391809714418   0.5086949200991467    13185226 129910   195      0.9258723717083247   0.02849933561088816  1.1992266507706297   10994774
round 19, total revenue = 18579062


Here are train dataset's quality scores:
id    score1               score2               score3              
3476  0.8485390893422898   0.5621301775147929   2.8193662822012966  
3358  0.9607060478979005   0.9090909090909091   4.2751785870021966  


all rounds' info:
round bids     cpc                  cpm                  ctr                     winrate               revenue  imps     clks     auc                  rmse                 roi                  cost    
1     311776   78.59307246376811    49.6041308404376     0.0006311514397570524   0.3506491840295597    5134078  109324   69       0.594428345297485    0.022719414567769648 0.9467364642161551   5422922 
1     255379   56.64148936170213    83.834041883168      0.0014800818768697843   0.4973784062119438    12663400 127020   188      0.8973766976580857   0.028600584010600557 1.1892079710008827   10648600
round 1, total revenue = 17797478
2     311776   79.03381428571429    49.88203842790035    0.0006311480583180806   0.35573296212665506   5177633  110909   70       0.5963524029243363   0.022719351170054553 0.9358802480023469   5532367 
2     255379   56.18286387434555    84.02508006358106    0.0014955642035533352   0.5000841885981228    12953073 127711   191      0.89920359962558     0.028594872779973645 1.2070786615173135   10730927
round 2, total revenue = 18130706
3     311776   80.3249              50.09348300592454    0.0006236357966947302   0.3600180899107051    5087257  112245   70       0.5982571860901378   0.02271928692468738  0.9047642760837549   5622743 
3     255379   56.58611518324608    84.21996415491311    0.0014883503467622535   0.5025080370743091    12876052 128330   191      0.9009847675784064   0.02858922966793483  1.1913502914706844   10807948
round 3, total revenue = 17963309
4     311776   79.2683888888889     50.29010996757366    0.0006344283096010151   0.36400492661397926   5308676  113488   72       0.6001395056389758   0.022719221768742266 0.9301515035768076   5707324 
4     255379   56.920345549738215   84.37552192471867    0.0014823438106325185   0.5045442264242557    12812214 128850   191      0.9027217173569864   0.028583640075216427 1.178482909799733    10871786
round 4, total revenue = 18120890
5     311776   80.37919444444444    50.47755361924449    0.000627992778083052    0.36773516883916657   5228698  114651   72       0.6019972686872826   0.022719155679286833 0.9034776481337936   5787302 
5     255379   56.87190104166667    84.49197592002228    0.001485654152093844    0.5060557054417161    12888595 129236   192      0.9044325096453665   0.028578090420425868 1.1803385807193707   10919405
round 5, total revenue = 18117293
6     311776   81.36159722222222    50.62730643251605    0.0006222506460171638   0.3711286308118649    5157965  115709   72       0.6038369532080069   0.022719088662353358 0.880494056454084    5858035 
6     255379   57.066942708333336   84.582777520457      0.0014821676702176934   0.5072460930616848    12851147 129540   192      0.9061402147953271   0.028572568188689813 1.1728866856204059   10956853
round 6, total revenue = 18009112
7     311776   82.3031388888889     50.78220256917843    0.0006170141656168856   0.3742783280303808    5090174  116691   72       0.6056579014377412   0.02271902074413933  0.858981347072965    5925826 
7     255379   56.93142487046632    84.65085014753353    0.0014868914723307216   0.508268103485408     12944235 129801   193      0.9078266796935281   0.028567061938788108 1.1780589592150905   10987765
round 7, total revenue = 18034409
8     311776   83.134125            50.91402980504236    0.0006124323772583443   0.37707841527250335   5030343  117564   72       0.6074544725569646   0.022718951964157984 0.8403994749448557   5985657 
8     255379   57.0359585492228     84.68753606240816    0.0014848095520183409   0.5089807697578893    12924060 129983   193      0.9094851939732255   0.028561561280508314 1.1740670824877315   11007940
round 8, total revenue = 17954403
9     311776   82.72986301369863    51.038469339463184   0.0006169292137110405   0.3795288925382326    5129720  118328   73       0.6092277628380218   0.022718882370031692 0.8493926428315958   6039280 
9     255379   57.13495336787565    84.73543627771161    0.0014830752679909325   0.5095759635678736    12904954 130135   193      0.9111237435254204   0.028556056831539528 1.170300187375658    11027046
round 9, total revenue = 18034674
10    311776   82.32895945945945    51.150596947257064   0.0006212953167766528   0.382024273837627     5229657  119106   74       0.6109737659037973   0.022718812013628843 0.8583983206460962   6092343 
10    255379   56.90090721649484    84.75653596025829    0.0014895463026235979   0.5099910329353627    13017224 130241   194      0.9127298503954235   0.028550540161147737 1.1792271172093718   11038776
round 10, total revenue = 18246881
11    311776   82.92114864864865    51.24231719945218    0.0006179643918896349   0.38408344452427384   5185835  119748   74       0.6127120950631567   0.02271874094827248  0.8451263940914235   6136165 
11    255379   56.920036082474226   84.7563955942741     0.0014890432513336147   0.5101633258803582    13013513 130285   194      0.9143186360157325   0.028545003726142593 1.1784947539444692   11042487
round 11, total revenue = 18199348
12    311776   83.47932432432432    51.33133906684947    0.0006148988325231626   0.38599828081699683   5144530  120345   74       0.6144342591884815   0.022718669226785417 0.8327891515458594   6177470 
12    255379   56.93100515463918    84.75321336760925    0.0014887004565859647   0.5102807983428551    13011385 130315   194      0.9158774560589288   0.028539440803233455 1.1780750166483847   11044615
round 12, total revenue = 18155915
13    311776   81.76775             51.41221778230043    0.0006287591108022469   0.3876918043723699    5413651  120873   76       0.6161069913971522   0.02271859690017515  0.8711533581393642   6214349 
13    255379   56.937809278350514   84.76074095105088    0.0014886547625442184   0.5102964613378547    13010065 130319   194      0.9174022621219355   0.028533845420744535 1.177814734560723    11045935
round 13, total revenue = 18423716
14    311776   82.21076315789473    51.48673281033687    0.0006262772760234689   0.3892281638099148    5379982  121352   76       0.617792799145067    0.022718524016798705 0.8610701825762986   6248018 
14    255379   56.93714948453608    84.76756429048325    0.001488791853085406    0.510249472352856     13010193 130307   194      0.9188819072318972   0.02852821229177698  1.1778399713121912   11045807
round 14, total revenue = 18390175
15    311776   82.64092105263157    51.55602800784745    0.0006238559221165133   0.390738863799651     5347290  121823   76       0.6194465359438301   0.02271845062188013  0.851383044273657    6280710 
15    255379   56.92803608247422    84.77416408240965    0.0014891461205440756   0.5101280841416092    13011961 130276   194      0.9203307364152414   0.0285225367502241   1.1781886137852284   11044039
round 15, total revenue = 18359251
16    311776   83.05369736842106    51.627918960257155   0.0006216209584413672   0.39214371856717645   5315919  122261   76       0.6210729257306382   0.022718376757281493 0.842181683029733    6312081 
16    255379   56.583630769230766   84.75288044981104    0.001497833901742096    0.5097834982516182    13146192 130188   195      0.9217558482417472   0.028516814690530235 1.1914465069539002   11033808
round 16, total revenue = 18462111
17    311776   83.40957894736843    51.68891063274625    0.000619699934768428    0.3933593349071128    5288872  122640   76       0.6226884723873414   0.022718302461451362 0.8343216921948886   6339128 
17    255379   56.52773333333333    84.71600725506471    0.0014986627317163147   0.5095015643416256    13157092 130116   195      0.9231584812639536   0.02851104251170033  1.193613518320211    11022908
round 17, total revenue = 18445964
18    311776   83.73981578947368    51.74714400709018    0.0006179514908079716   0.3944723134558144    5263774  122987   76       0.624279801391329    0.022718227769493404 0.827087850117202    6364226 
18    255379   56.45740512820513    84.67829123465526    0.001499861551241424    0.5090943264716363    13170806 130012   195      0.9245208890574143   0.028505217065787868 1.1963460722011074   11009194
round 18, total revenue = 18434580
19    311776   82.95018181818183    51.8022368389038     0.0006244981711124989   0.39547303192035305   5393836  123299   77       0.6258579751271751   0.022718152713312526 0.8444805863760505   6387164 
19    255379   56.383456410256414   84.63377723039027    0.0015010391809714418   0.5086949200991467    13185226 129910   195      0.9258723717083247   0.02849933561088816  1.1992266507706297   10994774
round 19, total revenue = 18579062
20    311776   83.2287012987013     51.8617636824174     0.0006231235484053702   0.3963454531458483    5372390  123571   77       0.6274332586904747   0.022718077321807705 0.8383081510655197   6408610 
20    255379   56.31077435897436    84.60022034916868    0.0015023806955637394   0.5082406932441587    13199399 129794   195      0.9271755323243358   0.028493395768528232 1.2020652603623427   10980601
round 20, total revenue = 18571789
