Max revenue's round: 20
This round's info:
round bids     cpc                  cpm                  ctr                     winrate               revenue  imps     clks     auc                  rmse                 roi                  cost    
20    311776   67.75257608695652    51.079546013275426   0.000753912972219946    0.3914028020117007    7842763  122030   92       0.6894029444945478   0.023478439592415235 1.258216717894731    6233237 
20    255379   51.42590666666667    70.04345773177154    0.001362026695723236    0.6468621147392699    16329171 165195   225      0.905478306219134    0.03147724565546374  1.4112360488604576   11570829
round 20, total revenue = 24171934


Here are train dataset's quality scores:
id    score1               score2               score3              
3476  0.8467873883752337   0.6055226824457594   11.950676129512589  
3358  0.9624477734164547   0.9330143540669856   1.8334283557021125  


all rounds' info:
round bids     cpc                  cpm                  ctr                     winrate               revenue  imps     clks     auc                  rmse                 roi                  cost    
1     311776   72.12082926829268    50.11191892487332    0.0006948328164455065   0.37852175921174175   6632092  118014   82       0.6602173099548234   0.023480157086002512 1.121439833017355    5913908 
1     255379   57.19249790794979    78.33017392051804    0.0013695882639465917   0.6833177356008129    15966993 174505   239      0.8954603390515901   0.03157773481977892  1.168116528142827    13669007
round 1, total revenue = 22599085
2     311776   71.6649156626506     50.20796650657123    0.0007005933941639726   0.3799875551678128    6750812  118471   83       0.6618904793591628   0.023480069329158512 1.1349358829949558   5948188 
2     255379   57.128259414225944   78.23681360555132    0.0013694940894010325   0.6833647245858117    15982346 174517   239      0.8962558916933329   0.031572581789832674 1.1705544903950253   13653654
round 2, total revenue = 22733158
3     311776   72.02269879518073    50.28248910721195    0.0006981478054606935   0.3813186390228882    6721116  118886   83       0.663550606718187    0.023479981185613483 1.1243302814173042   5977884 
3     255379   57.26823109243698    78.11288390672192    0.0013639828298632006   0.6832550836208146    15882161 174489   238      0.897045587450103    0.03156745088643363  1.1652493474060845   13629839
round 3, total revenue = 22603277
4     311776   72.34512048192771    50.349617219664765   0.0006959642458850066   0.3825150107769681    6694355  119259   83       0.6651875046831951   0.02347989267549056  1.1148627437592065   6004645 
4     255379   56.889589958159      77.97027216111755    0.0013705543003291623   0.6828360985045756    16039388 174382   239      0.8978103271259432   0.03156233142841476  1.179660638988595    13596612
round 4, total revenue = 22733743
5     311776   72.66906024096386    50.42285924476881    0.0006938697029736079   0.3836696859283588    6667468  119619   83       0.6668063042448331   0.023479803820587525 1.105435236022954    6031532 
5     255379   56.65776150627615    77.745718337515      0.0013721989056857263   0.6820177070158471    16094795 174173   239      0.8985531526688629   0.031557214129003065 1.1885792291011028   13541205
round 5, total revenue = 22762263
6     311776   72.07904761904761    50.487729626510344   0.0007004494550670013   0.38464474494508877   6797360  119923   84       0.6684106624000707   0.0234797146424421   1.1226695559108386   6054640 
6     255379   56.40839748953975    77.5148025275553     0.0013741713286914323   0.6810387698283727    16154393 173923   239      0.8992478216020079   0.0315520909520273   1.1982542585613125   13481607
round 6, total revenue = 22951753
7     311776   71.45444705882353    50.54070381866143    0.0007073136228603763   0.38544660268911013   6931372  120173   85       0.6699927987012735   0.023479625161162216 1.1412243225959837   6073628 
7     255379   55.83187083333333    77.2015936209072     0.0013827513294577887   0.6796447632734093    16360351 173567   240      0.8999030511495234   0.03154695497554302  1.2209536981155253   13399649
round 7, total revenue = 23291723
8     311776   70.83722093023256    50.59801495016611    0.0007142857142857143   0.3861746895206815    7065999  120400   86       0.6715667254174426   0.023479535394786973 1.159881457668835    6092001 
8     255379   55.95664285714285    76.88526397829287    0.0013740149525156597   0.6782664197134455    16194319 173215   238      0.9005514854997452   0.03154180026501617  1.216001419466347    13317681
round 8, total revenue = 23260318
9     311776   71.04206976744186    50.64800338227126    0.0007129297266826385   0.3869091912142051    7048382  120629   86       0.673126975711271    0.023479445359004623 1.1536534690057545   6109618 
9     255379   55.56935294117647    76.53117839038956    0.0013772191745943568   0.6766883729672369    16286494 172812   238      0.9011926403624428   0.03153662175714192  1.2314458138690496   13225506
round 9, total revenue = 23334876
10    311776   71.20115116279071    50.69165942298936    0.0007119499979303779   0.3874416247562352    7034701  120795   86       0.6746687357806256   0.023479355067102557 1.1488416619864554   6123299 
10    255379   55.080915966386556   76.08656134282099    0.0013813597687673395   0.6746600151147901    16402742 172294   238      0.9018182222674225   0.03153141515463277  1.251233441282489    13109258
round 10, total revenue = 23437443
11    311776   71.37882558139535    50.73918649727648    0.0007108436722514733   0.3880446217797393    7019421  120983   86       0.6761875090118854   0.023479264530060127 1.1434928181261494   6138579 
11    255379   54.78292405063291    75.60577544591125    0.0013800974803030391   0.6724397855735984    16404447 171727   237      0.9024102368058153   0.03152617683180944  1.2634790338207116   12983553
round 11, total revenue = 23423868
12    311776   71.54201162790697    50.78843836159218    0.0007099106833303066   0.38855460330493685   7005387  121142   86       0.6777055732335286   0.02347917375672314  1.1386035494187592   6152613 
12    255379   54.22840084388186    75.10244378476929    0.0013849282408489553   0.67009425207241      16535869 171128   237      0.9029188626201796   0.03152090375050657  1.2866246850425038   12852131
round 12, total revenue = 23541256
13    311776   71.67993023255814    50.83557226854028    0.0007092023123293998   0.3889427024530432    6993526  121263   86       0.6792135620553577   0.023479082754018363 1.1344886846793416   6164474 
13    255379   53.87739406779661    74.56991296800226    0.0013840668105470583   0.6676821508424734    16548935 170512   236      0.9033490182831669   0.03151559338561103  1.3015218561603892   12715065
round 13, total revenue = 23542461
14    311776   71.82112790697676    50.87948631350034    0.0007084194831832747   0.3893724982038387    6981383  121397   86       0.680718285701321    0.023478991527181147 1.1302923590696978   6176617 
14    255379   53.69692735042735    73.99319844064682    0.0013779782585652538   0.6649489582150451    16450919 169814   234      0.9037244794182704   0.03151024365945024  1.3092569001345873   12565081
round 14, total revenue = 23432302
15    311776   71.94487209302325    50.91388532306376    0.0007076791415687436   0.3897798419378015    6970741  121524   86       0.6821975782918273   0.02347890007997912  1.1266282856431256   6187259 
15    255379   53.43899137931035    73.33486732364041    0.001372310094760378    0.6619886521601228    16370154 169058   232      0.9040667364044599   0.031504852884208824 1.3204030764698964   12397846
round 15, total revenue = 23340895
16    311776   71.23041379310345    50.95416872224963    0.0007153428712382832   0.3900877553115057    7113954  121620   87       0.6836595934374666   0.023478808414922142 1.1479588823449107   6197046 
16    255379   53.81866079295155    72.62631751032905    0.0013494634842314895   0.6586876759639595    15931164 168215   227      0.904372323539774    0.031499419711557515 1.3040335484572274   12216836
round 16, total revenue = 23045118
17    311776   71.35049425287357    50.99143227968719    0.0007146612341460209   0.3904598173047316    7103507  121736   87       0.6851061409785766   0.02347871653345311  1.1443439404603437   6207493 
17    255379   53.04801321585903    71.93273199725218    0.0013559929512260685   0.6555159194765428    16106101 167405   227      0.9046488229931315   0.03149394308870967  1.3375050729125033   12041899
round 17, total revenue = 23209608
18    311776   70.6257840909091     51.016367740611535   0.0007223476297968397   0.3907452786616032    7248931  121825   88       0.6865469604683107   0.02347862443611774  1.1663476302515707   6215069 
18    255379   52.3198281938326     71.27485881978744    0.0013622915303875029   0.6524851299441222    16271399 166631   227      0.9049311793314615   0.03148842222016988  1.370038363669875    11876601
round 18, total revenue = 23520330
19    311776   69.16247777777778    51.04827942527228    0.0007380921138958142   0.3911013034999487    7545377  121936   90       0.6879754655804938   0.023478532122712982 1.2121821674983368   6224623 
19    255379   51.83767256637168    70.62821556250867    0.0013624881686591548   0.6495169923917001    16308686 165873   226      0.9052036833904191   0.03148285653449674  1.3920827047401376   11715314
round 19, total revenue = 23854063
20    311776   67.75257608695652    51.079546013275426   0.000753912972219946    0.3914028020117007    7842763  122030   92       0.6894029444945478   0.023478439592415235 1.258216717894731    6233237 
20    255379   51.42590666666667    70.04345773177154    0.001362026695723236    0.6468621147392699    16329171 165195   225      0.905478306219134    0.03147724565546374  1.4112360488604576   11570829
round 20, total revenue = 24171934
