Max revenue's round: 20
This round's info:
round bids     cpc                  cpm                  ctr                     winrate               revenue  imps     clks     auc                  rmse                 roi                  cost    
20    311776   139.07644537815125   67.07178462585917    0.00048226559460510957  0.7914400082110233    704903   246752   119      0.4610849329026511   0.02276865699689856  0.042592076650668574 16550097
20    255379   98.87471875          93.78307908153184    0.0009485041299450659   0.7926415249491932    2520054  202424   192      0.7335381671241423   0.028834883538135344 0.13274658493023525  18983946
round 20, total revenue = 3224957


all rounds' info:
round bids     cpc                  cpm                  ctr                     winrate               revenue  imps     clks     auc                  rmse                 roi                  cost    
1     311776   152.6948012820513    77.94451370551067    0.000510459511725844    0.9802133583085292    -1200389 305607   156      0.42950904040989424  0.023439297532300583 -0.05039334160327944 23820389
1     255379   133.838              111.30284831105864   0.0008316236667542748   0.9982144185700469    -4629656 254923   212      0.7098121773894137   0.03111745275030243  -0.16316741134804763 28373656
round 1, total revenue = -5830045
2     311776   147.8156418918919    74.94361256418952    0.0005070073207746249   0.9362779687981114    -416715  291909   148      0.4313863569703935   0.022983282846808412 -0.019048335181950305 21876715
2     255379   129.86661320754718   109.72310696636379   0.000844890801849195    0.9825396763242084    -3787722 250920   212      0.7109546958924644   0.029620169532109608 -0.13757664704009434 27531722
round 2, total revenue = -4204437
3     311776   148.46149635036497   72.71540166601123    0.000489792999892746    0.8971505183208457    -474225  279710   137      0.4330929141639683   0.02287543125922812  -0.023315785139305947 20339225
3     255379   125.69346889952153   107.40000981197797   0.0008544597484045315   0.957788228476108     -2861935 244599   209      0.7123645753713199   0.029248188714599162 -0.10894336053743567 26269935
round 3, total revenue = -3336160
4     311776   151.12380314960632   71.09864231602734    0.0004704662060790161   0.8658299548393719    -777723  269945   127      0.43477439661917583  0.022831620212423548 -0.0405217644208172  19192723
4     255379   122.60174509803922   105.07793850122468   0.0008570672335634251   0.9320304331992842    -2162756 238021   204      0.713818654538563    0.029094448710082942 -0.08647303584105974 25010756
round 4, total revenue = -2940479
5     311776   146.770824           69.94895951685591    0.0004765862697402033   0.8412514112696294    -221353  262282   125      0.4364508561538202   0.02280910689784212  -0.012065231711174422 18346353
5     255379   118.82102475247525   103.26350819375907   0.0008690676452999359   0.9101492291848586    -1377847 232433   202      0.7152854334908008   0.029014273282837254 -0.05740587380629499 24001847
round 5, total revenue = -1599200
6     311776   147.90220833333333   69.12098718313206    0.00046734249584259906  0.8235752591604228    -348265  256771   120      0.43810712434508936  0.022795928624238564 -0.019622481408746152 17748265
6     255379   115.1098855721393    101.69298827790206   0.0008834427014886669   0.8909072398278637    -625087  227519   201      0.7167379413600461   0.028966377286375498 -0.027016668087905794 23137087
round 6, total revenue = -973352
7     311776   147.86637606837607   68.4867364187341     0.0004631663954965975   0.8102259314379554    -335366  252609   117      0.43974535387322483  0.022787567993134784 -0.019384907810620886 17300366
7     255379   113.37437878787878   100.42601631108268   0.0008857911054046679   0.8752834023157738    -272127  223529   198      0.7182012449708297   0.02893506764125809  -0.012122481309910622 22448127
round 7, total revenue = -607493
8     311776   146.3387327586207    68.03097510049174    0.0004648870044044036   0.8003277994457559    -155293  249523   116      0.4414062064761193   0.02278197757652566  -0.00914817788417555 16975293
8     255379   111.62548469387755   99.35828500583563    0.0008901039514257558   0.862243958978616     73405    220199   196      0.7196251737023722   0.028913231943377547 0.0033551057551913185 21878595
round 8, total revenue = -81888
9     311776   146.9635701754386    67.70024366491427    0.0004606600369336205   0.7937461510828286    -223847  247471   114      0.443062933108551    0.02277810624762229  -0.013360931372955716 16753847
9     255379   109.33739795918368   98.54473802801357    0.0009012903166472      0.851542217645147     521870   217466   196      0.7210074537940413   0.028897234943226824 0.024352162119408514 21430130
round 9, total revenue = 298023
10    311776   146.86289380530974   67.45428125482672    0.000459301049482575    0.7891114133223853    -210507  246026   113      0.444709075729796    0.02277536280433588  -0.012684577819767723 16595507
10    255379   107.8118512820513    97.79057413842025    0.000907048464297177    0.8418194134991522    816689   214983   195      0.7223530764277127   0.02888504824608044  0.0388468305491937   21023311
round 10, total revenue = 606182
11    311776   147.20223214285713   67.27075759244978    0.0004569954994103942   0.7860739761880324    -246650  245079   112      0.44637650596676126  0.02277339061107182  -0.014960589325302594 16486650
11    255379   106.04272820512821   97.13883330045003    0.0009160348375095126   0.8335610993856191    1161668  212874   195      0.7236438145466111   0.028875461731374705 0.05617803215462446  20678332
round 11, total revenue = 915018
12    311776   146.6151875          67.14494661819847    0.00045796719809943615  0.7844061120804681    -180901  244559   112      0.4480411058278535   0.0227719622709959   -0.011016508777441628 16420901
12    255379   104.43109230769231   96.52312585317762    0.0009242757470043986   0.8261290082583141    1475937  210976   195      0.7248819234255095   0.028867714418830293 0.07247753063816391  20364063
round 12, total revenue = 1295036
13    311776   145.03023893805312   67.06806490556772    0.0004624419389822185   0.7837517961613466    -3417    244355   113      0.4497039516531936   0.02277092615891179  -0.00020850091866712935 16388417
13    255379   102.97057435897436   95.947236637136      0.0009317927692881103   0.8194644038859891    1760738  209274   195      0.7260907691899297   0.028861307033418236 0.08768937822515588  20079262
round 13, total revenue = 1757321
14    311776   144.95980530973452   67.02205364887645    0.00046234922505359975  0.7839089602791748    4542     244404   113      0.45135334322702514  0.022770177421450998 0.0002772816242378571 16380458
14    255379   102.87250777202073   95.4969745942878     0.0009283041374467308   0.8141076595961296    1761606  207906   193      0.7272313281919477   0.028855900406995327 0.08872625374514075  19854394
round 14, total revenue = 1766148
15    311776   143.78207894736843   67.0049667655932     0.00046601751244757303  0.7846210099558657    138843   244626   114      0.4529735739564758   0.022769641364859084 0.008470603997021077 16391157
15    255379   101.8388134715026    95.10415789651952    0.0009338694615008686   0.8092560468950071    1961109  206667   193      0.7283618863443555   0.02885125736685274  0.0997771496163474   19654891
round 15, total revenue = 2099952
16    311776   141.44989655172415   66.99844837160683    0.00047365498317708163  0.7855126757672175    411812   244904   116      0.4545984887586738   0.022769263488618654 0.02509795719064165  16408188
16    255379   100.91048704663213   94.74978715537415    0.0009389488637745744   0.804878239792622     2140276  205549   193      0.7294766575733495   0.02884720796555382  0.10989455385586692  19475724
round 16, total revenue = 2552088
17    311776   140.48534188034188   67.00386448222868    0.00047694559151444495  0.7868181001744843    528215   245311   117      0.45622625386896937  0.022769003261672    0.032136150713171704 16436785
17    255379   100.71107291666668   94.479371066724      0.0009381229722862838   0.8014128021489629    2167474  204664   192      0.7305324773986345   0.028843627863320526 0.11209221346171488  19336526
round 17, total revenue = 2695689
18    311776   140.79952136752138   67.02802202049875    0.0004760529110432069   0.7882935184234835    491456   245771   117      0.4578624503102102   0.022768830095287396 0.02983304624675783  16473544
18    255379   100.02809375         94.22214481604858    0.000941956817167163    0.7981509834402986    2298606  203831   192      0.7315651714145623   0.028840424436612846 0.11968543837215732  19205394
round 18, total revenue = 2790062
19    311776   139.92083050847458   67.04971877601575    0.00047919754715831795  0.789813840706148     599342   246245   118      0.4594774787290775   0.022768720652448587 0.036300309775661274 16510658
19    255379   99.4159375           93.98812337508863    0.0009454029780193808   0.7952415821191249    2416140  203088   192      0.7325687686887411   0.028837527592062023 0.1265799309089652   19087860
round 19, total revenue = 3015482
20    311776   139.07644537815125   67.07178462585917    0.00048226559460510957  0.7914400082110233    704903   246752   119      0.4610849329026511   0.02276865699689856  0.042592076650668574 16550097
20    255379   98.87471875          93.78307908153184    0.0009485041299450659   0.7926415249491932    2520054  202424   192      0.7335381671241423   0.028834883538135344 0.13274658493023525  18983946
round 20, total revenue = 3224957
