Max revenue's round: 20
This round's info:
round bids     cpc                  cpm                  ctr                     winrate               revenue  imps     clks     auc                  rmse                 roi                  cost    
20    311776   72.60763768115943    57.46581250501829    0.0007914568541310606   0.5592540798522015    9990146  174362   138      0.8543369381093469   0.022697208895120956 0.9970350865391852   10019854
20    255379   39.66147             71.93976220491008    0.0018138450794917605   0.43176220440991625   14467706 110263   200      0.9727087166222106   0.028357893405374913 1.8238993663119396   7932294 
round 20, total revenue = 24457852


all rounds' info:
round bids     cpc                  cpm                  ctr                     winrate               revenue  imps     clks     auc                  rmse                 roi                  cost    
1     311776   131.439868852459     57.37678545870903    0.00043652497495348506  0.44820640459817307   827168   139740   61       0.5112806922621013   0.022730866654255555 0.10316604289039731  8017832 
1     255379   73.45842580645161    80.66349757358931    0.0010980836668910063   0.5527275147917409    5973944  141155   155      0.7581737627839881   0.028776254819923193 0.5246719320544357   11386056
round 1, total revenue = 6801112
2     311776   115.73982258064517   54.94455674491968    0.0004747247362214974   0.4188969003387047    1814131  130602   62       0.5376205089833042   0.022725452365520392 0.2528099384200018   7175869 
2     255379   61.11210526315789    74.89530505454458    0.0012255396002483331   0.48565857020350145   7734960  124027   152      0.7881671241423763   0.028766401282339298 0.8326974585102443   9289040 
round 2, total revenue = 9549091
3     311776   100.75705333333333   54.918851154441526   0.0005450621007420112   0.4413392948783742    3318221  137599   75       0.5663569763732381   0.022723194898989673 0.43910520606729403  7556779 
3     255379   57.485082802547765   74.10608685656105    0.001289135950470904    0.4768872930037317    8558842  121787   157      0.8128855456925694   0.028756916436076398 0.948331541674949    9025158 
round 3, total revenue = 11877063
4     311776   94.21831395348836    55.30564675207666    0.0005869946556184262   0.4699175048752951    4367225  146509   86       0.5956324709091676   0.022721306821359494 0.5389789300579123   8102775 
4     255379   55.769691358024694   74.07001434720229    0.001328141012502562    0.4776234537687124    9109310  121975   162      0.8340085971074364   0.028746195867336965 1.0082592761898859   9034690 
round 4, total revenue = 13476535
5     311776   91.70698936170213    55.72370394311571    0.0006076276664511959   0.49618957200041053   5009543  154700   94       0.6244252468331931   0.022719493080661683 0.5811226713386541   8620457 
5     255379   54.475245508982034   74.16310825242323    0.0013614093439963477   0.48033315190364123   9606634  122667   167      0.8534048289943449   0.028734249438272932 1.0559797198441834   9097366 
round 5, total revenue = 14616177
6     311776   87.95495145631068    56.08225979187431    0.0006376248166054836   0.5181187775839063    5875640  161537   103      0.652213877153515    0.022717718791979615 0.6485712014976776   9059360 
6     255379   52.69643352601156    74.14909555259133    0.001407098936135602    0.48143347730236236   10259517 122948   173      0.8710990678616617   0.028721041322181905 1.125381026871876    9116483 
round 6, total revenue = 16135157
7     311776   83.39587610619469    56.43799371163348    0.0006767480161700854   0.5355607872318587    6961266  166975   113      0.6783045410690031   0.022715984768238474 0.7386950862577403   9423734 
7     255379   51.338837078651686   74.13730914637114    0.0014440784670052408   0.4826630224098301    10797687 123262   178      0.8875518149379197   0.028706498195454924 1.1815842814751476   9138313 
round 7, total revenue = 17758953
8     311776   82.90463247863248    56.69272626318712    0.0006838306204155586   0.5487754028533306    7265158  171095   117      0.7022952654090296   0.022714294391198306 0.7489975609911996   9699842 
8     255379   50.38693922651934    74.03107344632768    0.001469251250081174    0.4823889199973373    11151964 123192   181      0.9025820566937628   0.028690533885933133 1.2227982433402675   9120036 
round 8, total revenue = 18417122
9     311776   81.8914958677686     56.91417100320502    0.0006949948880541291   0.5584201477984194    7636129  174102   121      0.7240617528218798   0.02271264952076085  0.7706356253906222   9908871 
9     255379   48.41853191489362    73.96406893693782    0.0015275983391430823   0.4819072829010999    11953316 123069   188      0.9160091493170104   0.02867305763995198  1.3131638975932813   9102684 
round 9, total revenue = 19589445
10    311776   81.75564227642276    57.0608289073494     0.0006979436197739343   0.5652519757774813    7779056  176232   123      0.743773626537684    0.022711050579803233 0.7735778958196267   10055944
10    255379   47.57552105263158    73.7809673838519     0.0015508178523621404   0.4797418738424068    12240651 122516   190      0.927672210378538    0.028653976923864923 1.3541518310665956   9039349 
round 10, total revenue = 20019707
11    311776   78.80148837209302    57.19537953423995    0.0007258159803298243   0.5700599148106332    8539608  177731   129      0.7615745181658805   0.0227094969549239   0.8400667677154015   10165392
11    255379   46.67433333333334    73.58617858139955    0.0015765876730551313   0.4768677142599822    12542528 121782   192      0.9376855194574386   0.028633199337558462 1.3996057790505845   8961472 
round 11, total revenue = 21082136
12    311776   79.3264031007752     57.29590539806608    0.0007222803903673551   0.5728503797598276    8471894  178601   129      0.7774849379654362   0.022707987282551596 0.8278907694301222   10233106
12    255379   45.51825641025641    73.39650881066376    0.0016124630994021484   0.4735432435713195    12963940 120933   195      0.9460640316134805   0.02861063477074166  1.4605511905056974   8876060 
round 12, total revenue = 21435834
13    311776   79.06011538461539    57.394874687276626   0.0007259649749821301   0.5743610797495637    8572185  179072   130      0.7915551550064317   0.022706519649255224 0.8340474118282923   10277815
13    255379   45.014841025641026   73.20279871906064    0.0016261925411968777   0.46954526409767444   13062106 119912   195      0.9529658009393921   0.028586197930505604 1.488068322538413    8777894 
round 13, total revenue = 21634291
14    311776   78.51886259541985    57.44491170458734    0.0007316065185582325   0.5743161757158985    8709029  179058   131      0.804001593382023    0.022705091748488396 0.8466900208060085   10285971
14    255379   44.23373469387755    73.01693659095311    0.0016507070247690273   0.4649442593165452    13282188 118737   196      0.9584185192516539   0.02855981115431792  1.5320041541846583   8669812 
round 14, total revenue = 21991217
15    311776   76.68092537313433    57.48323934837093    0.0007496419620479771   0.5733347018372165    9154756  178752   134      0.8150672667727925   0.022703701011761314 0.890952662535313    10275244
15    255379   43.681433673469385   72.87241141573111    0.0016682696809008656   0.4600495733791737    13390439 117487   196      0.9627478888964394   0.028531407387570776 1.5640184073908951   8561561 
round 15, total revenue = 22545195
16    311776   75.30363970588235    57.49208461046179    0.0007634701965935757   0.5713525094939957    9478705  178134   136      0.824889169357434    0.02270234471929048  0.9255377371709339   10241295
16    255379   42.851979695431474   72.69927661040303    0.0016965208405098175   0.4546967448380642    13622160 116120   197      0.9660165769350757   0.028500933193419262 1.6136482093951081   8441840 
round 16, total revenue = 23100865
17    311776   74.46522627737227    57.50988494343005    0.0007723052466021388   0.5689693882787642    9663264  177391   137      0.8335910005209286   0.022701020091161168 0.9472176108066314   10201736
17    255379   42.21475126903554    72.50042281639307    0.0017174191636081494   0.4491637918544594    13747694 114707   197      0.9685149407517134   0.02846835164962841  1.6531010282690415   8316306 
round 17, total revenue = 23410958
18    311776   74.07956204379562    57.515513870391885   0.0007764019155025361   0.5659672328851483    9716100  176455   137      0.8413319390077918   0.022699724359781428 0.9573549842840111   10148900
18    255379   41.18827638190955    72.34623769804493    0.001756476455271636    0.4436347546196046    14091533 113295   199      0.9703583875628325   0.02843364497538135  1.719220366531092    8196467 
round 18, total revenue = 23807633
19    311776   73.06114492753623    57.4779550092923     0.000786710296783609    0.5626282972390434    9927562  175414   138      0.8482143168583863   0.022698454825149244 0.9846390327418825   10082438
19    255379   40.52156783919598    72.14436402351194    0.0017803941917994507   0.43767498502226104   14224208 111773   199      0.9717193719451656   0.028396816726555394 1.7639601815126185   8063792 
round 19, total revenue = 24151770
20    311776   72.60763768115943    57.46581250501829    0.0007914568541310606   0.5592540798522015    9990146  174362   138      0.8543369381093469   0.022697208895120956 0.9970350865391852   10019854
20    255379   39.66147             71.93976220491008    0.0018138450794917605   0.43176220440991625   14467706 110263   200      0.9727087166222106   0.028357893405374913 1.8238993663119396   7932294 
round 20, total revenue = 24457852
