Max revenue's round: 20
This round's info:
round bids     cpc                  cpm                  ctr                     winrate               revenue  imps     clks     auc                  rmse                 roi                  cost    
20    311776   141.8697619047619    61.362037804633154   0.0004325237244411948   0.6229119624345684    262940   194209   84       0.4709072655430181   0.023450426481461412 0.02206416683309474  11917060
20    255379   78.97070093457944    79.13266405072063    0.001002050926662983    0.8362551345255483    7068270  213562   214      0.6427365042314208   0.03116540090517099  0.4182475104631849   16899730
round 20, total revenue = 7331210


Here are train dataset's quality scores:
id    score1               score2               score3              
3476  0.8204727620874716   1.0                  5.0239787539772145  
3358  0.8398971380861835   1.0                  12.705081467152741  


all rounds' info:
round bids     cpc                  cpm                  ctr                     winrate               revenue  imps     clks     auc                  rmse                 roi                  cost    
1     311776   149.58081699346405   78.28964877891922    0.0005233936433328886   0.9376058452222108    -700865  292323   153      0.4432414669531667   0.02396682223545011  -0.030624361368906092 22885865
1     255379   96.42412601626017    93.07968952946763    0.0009653153559698476   0.9978854956750555    3831665  254839   246      0.613393973214215    0.03370795797540655  0.161535028910848    23720335
round 1, total revenue = 3130800
2     311776   148.73745669291338   72.07894485803357    0.0004846051993940527   0.8405682284717233    -474657  262069   127      0.44509823737523446  0.02361646713201995  -0.025127878182224273 18889657
2     255379   93.77711111111111    91.07703314095698    0.0009712074946843376   0.979736000219282     4428162  250204   243      0.6146500349330959   0.03207613735267357  0.19432128664421786  22787838
round 2, total revenue = 3953505
3     311776   148.4943063063063    68.53013470813238    0.00046150008315316816  0.7714512983680591    -387868  240520   111      0.4467556626036618   0.023533812488813876 -0.023531584430573613 16482868
3     255379   91.60391983122362    88.83649435517201    0.0009697892242913787   0.9569424267461303    4833871  244383   237      0.6162061080583134   0.03165550895607072  0.222655102602108    21710129
round 3, total revenue = 4446003
4     311776   148.0150099009901    66.28674044907949    0.0004478379624702919   0.7233654931745869    -304516  225528   101      0.4483537834815051   0.0235002245660007   -0.020369622668720513 14949516
4     255379   87.45922033898306    86.56205597913154    0.000989741912214925    0.9336946264179905    5791624  238446   236      0.6178353353453425   0.03147738214886991  0.28059682633688454  20640376
round 4, total revenue = 5487108
5     311776   151.45852173913045   64.76738154335277    0.00042762454564892024  0.690053115056964     -594184  215142   92       0.44988627546251525  0.023482939746269613 -0.04264218127161232 13934184
5     255379   86.49573043478262    85.06806636449157    0.000983494398357992    0.9157370026509619    5865982  233860   230      0.6195117557944603   0.03138280982599212  0.29486160111044435  19894018
round 5, total revenue = 5271798
6     311776   152.25367816091955   63.70937022037958    0.00041844224054176244  0.6668698039618187    -631070  207914   87       0.4513552967746409   0.023472795009449623 -0.047642055341697576 13246070
6     255379   84.56840350877192    83.81480547707021    0.0009910888937187568   0.9008179999138535    6254404  230050   228      0.6211985066902893   0.03132553787156925  0.3243716962019119   19281596
round 6, total revenue = 5623334
7     311776   149.87063529411765   62.889096231789615   0.0004196225371859619   0.6497068408087858    -414004  202563   85       0.4528045374584388   0.0234663309206189   -0.0324989300576403  12739004
7     255379   82.31726315789473    82.74660188610201    0.0010052156584383005   0.8881583842054358    6767664  226817   228      0.6228736735214497   0.031287709344723004 0.3605894523627454   18768336
round 7, total revenue = 6353660
8     311776   145.85497647058824   62.34717298050279    0.00042746003248696245  0.6377944421636046    -72673   198849   85       0.45422846119004123  0.023461979772001214 -0.005861825844253192 12397673
8     255379   82.22841517857144    82.05112613816574    0.0009978439443345628   0.8790229423719257    6668835  224484   224      0.624572452802236    0.03126112433444042  0.3620595721901617   18419165
round 8, total revenue = 6596162
9     311776   144.7489285714286    61.94802217285863    0.00042796877865862356  0.6295417222621369    21090    196276   84       0.4556587282350922   0.023458936892649333 0.00173453048011705  12158910
9     255379   81.30989686098654    81.48492501831288    0.001002152605821473    0.8713363275758774    6843893  222521   223      0.6262249910358382   0.031241543429534675 0.3774460960328549   18132107
round 9, total revenue = 6864983
10    311776   142.7162738095238    61.664036499992285   0.0004320743167824866   0.6235598634917376    191833   194411   84       0.45709319913284274  0.023456749877085785 0.01600186250325008  11988167
10    255379   80.91528054298642    81.00655036670275    0.0010011279677102256   0.8644054522885594    6869723  220751   221      0.6278728639064095   0.031226576789615827 0.38416377287970654  17882277
round 10, total revenue = 7061556
11    311776   143.1493253012048    61.4683097680723     0.00042939992653639813  0.6199739556604742    153606   193293   83       0.45851862424040934  0.023455146004142554 0.012928280974437848 11881394
11    255379   81.18993119266055    80.66486949626058    0.0009935329210323627   0.8591896749536962    6716595  219419   218      0.6294962832925225   0.03121478540309485  0.3794814006459539   17699405
round 11, total revenue = 6870201
12    311776   140.65117857142857   61.336823798151805   0.0004360917869380127   0.6178153546135687    365301   192620   84       0.4599430922207987   0.023453951574364976 0.03091919650259393  11814699
12    255379   81.213125            80.36409323718858    0.0009895456336298917   0.8547374686250632    6649965  218282   216      0.6310907266483823   0.03120525669326801  0.379087431988364    17542035
round 12, total revenue = 7015266
13    311776   140.17167857142857   61.25237218303265    0.0004369810849616081   0.6165580416709432    405579   192228   84       0.46136200511012077  0.023453050960111153 0.034445770199655674 11774421
13    255379   80.95331162790698    80.08983149117883    0.0009893336032910298   0.8509626868301622    6675038  217318   215      0.6326632078871167   0.031197387294514968 0.3835135060909642   17404962
round 13, total revenue = 7080617
14    311776   139.96915476190478   61.20622088029361    0.0004372836357010854   0.6161314533511238    422591   192095   84       0.4627927976367591   0.023452364390663137 0.03594252781373856  11757409
14    255379   80.79848130841121    79.8695314773499     0.0009885028800539518   0.8477165311164975    6677125  216489   214      0.6342055388205493   0.03119076443110347  0.38616466777997066  17290875
round 14, total revenue = 7099716
15    311776   140.03291666666667   61.201287214226994   0.0004370492929166797   0.6164618187416607    417235   192198   84       0.46420345295827836  0.023451835222157748 0.03547082679965127  11762765
15    255379   80.37923364485981    79.699183601605      0.0009915394808781147   0.8451203896953156    6766844  215826   214      0.6357016128382158   0.031185097595923836 0.3933947230058259   17201156
round 15, total revenue = 7184079
16    311776   140.22507142857143   61.20565555370801    0.0004364815430661789   0.617263676485682     401094   192448   84       0.46558683953884855  0.02345142229588934  0.0340518890294226   11778906
16    255379   79.98392056074766    79.53015272673206    0.000994326761793691    0.8427513617016278    6851441  215221   214      0.6371975916443919   0.03118017740169164  0.400281446755741    17116559
round 16, total revenue = 7252535
17    311776   140.53634523809524   61.23365683370767    0.0004357140263606986   0.618350995586575     374947   192787   84       0.46695652606374594  0.02345109516230085  0.03176156854187779  11805053
17    255379   79.68366822429907    79.4127741815303     0.0009966003818749126   0.8408287290654283    6915695  214730   214      0.6386469326888404   0.03117584983675685  0.40555778236431966  17052305
round 17, total revenue = 7290642
18    311776   140.9445357142857    61.271353013020885   0.000434719605854224    0.6197654726470286    340659   193228   84       0.46829800548771683  0.023450830987333693 0.02877347649670704  11839341
18    255379   79.40739719626168    79.30104486039751    0.0009986606747026184   0.8390940523692237    6974817  214287   214      0.6400263091564065   0.0311719996224576   0.4104479425661455   16993183
round 18, total revenue = 7315476
19    311776   141.35729761904764   61.306745076981855   0.0004337006020177404   0.6212216463101714    305987   193682   84       0.4696077495772453   0.023450612482920255 0.025769468165480366 11874013
19    255379   79.18242056074766    79.21314341543683    0.0010003880009536409   0.8376452253317618    7022962  213917   214      0.6413876589151184   0.031168539144237537 0.4144553703567971   16945038
round 19, total revenue = 7328949
20    311776   141.8697619047619    61.362037804633154   0.0004325237244411948   0.6229119624345684    262940   194209   84       0.4709072655430181   0.023450426481461412 0.02206416683309474  11917060
20    255379   78.97070093457944    79.13266405072063    0.001002050926662983    0.8362551345255483    7068270  213562   214      0.6427365042314208   0.03116540090517099  0.4182475104631849   16899730
round 20, total revenue = 7331210
