Max revenue's round: 20
This round's info:
round bids     cpc                  cpm                  ctr                     winrate               revenue  imps     clks     auc                  rmse                 roi                  cost    
20    311776   121.40062711864408   53.53441458948391    0.00044097313053552075  0.42913822744534535   1392363  133795   59       0.504872641556914    0.02272418570444649  0.19439251214322323  7162637 
20    255379   59.03628125          77.49068878388134    0.0013125943427183828   0.4773141096174705    8474195  121896   160      0.8131437931399865   0.028743476534965194 0.8971384651705175   9445805 
round 20, total revenue = 9866558


Here are train dataset's quality scores:
id    score1               score2               score3              
3476  0.798845473245324    0.6440366972477064   3.5383890550901347  
3358  0.9092080312564974   0.9095890410958904   27.984074882235603  


all rounds' info:
round bids     cpc                  cpm                  ctr                     winrate               revenue  imps     clks     auc                  rmse                 roi                  cost    
1     311776   138.88157843137256   63.94092901280541    0.00046039892212487645  0.7105967104587909    624079   221547   102      0.4639721953441712   0.022747895456836788 0.04405495413958612  14165921
1     255379   87.07369230769231    87.95761804063918    0.0010101514672172546   0.7055043680177305    4536588  180171   182      0.7403701430901597   0.02879873668215499  0.2862668049521272   15847412
round 1, total revenue = 5160667
2     311776   135.94649462365592   61.97165866881032    0.0004558533034659556   0.6543576157241097    841976   204013   93       0.4668583017166728   0.02273952925641207  0.06659609283348668  12643024
2     255379   80.27424418604652    83.66004398960246    0.0010421779094638237   0.646251257934286     5456830  165039   172      0.7479532641996722   0.028784469750555996 0.39521712269784465  13807170
round 2, total revenue = 6298806
3     311776   137.17835714285712   60.48904707160743    0.0004409518260130081   0.6110059786513394    657018   190497   84       0.46939653097572326  0.02273499554965566  0.057018053139369654 11522982
3     255379   76.99971779141104    81.1886538585937     0.0010544019664920112   0.60533559924661      5705046  154590   163      0.7541732011096544   0.028777691077319752 0.45455078554187994  12550954
round 3, total revenue = 6362064
4     311776   134.9629746835443    59.30953440507315    0.00043945040885576015  0.5765998665708714    792925   179770   79       0.47175519082463896  0.022732229609749098 0.07436873216517423  10662075
4     255379   72.71136874999999    79.31103854491909    0.0010907653082093724   0.5743855211274224    6286181  146686   160      0.7595902786861524   0.02877374553436202  0.5403368403788988   11633819
round 4, total revenue = 7079106
5     311776   138.90493055555555   58.36137273438138    0.00042015335597493083  0.5496446166478497    438845   171366   72       0.47399742655050037  0.02273039996284931  0.04387943192561259  10001155
5     255379   69.71103184713375    77.90882687927107    0.0011175968109339409   0.5500843843855603    6639368  140480   157      0.76452326707829     0.028771034648203245 0.6066323655285989   10944632
round 5, total revenue = 7078213
6     311776   131.61319444444445   57.578473429012384   0.00043748253107948816  0.5278725751821821    963850   164578   72       0.476169700168517    0.02272911555525002  0.10171324852392585  9476150 
6     255379   66.93719230769231    76.910400601012      0.0011489935258634024   0.5316451235222943    7029798  135771   156      0.7689736451547714   0.028768905193884784 0.6732103056424306   10442202
round 6, total revenue = 7993648
7     311776   129.34952857142858   56.933800735687115   0.0004401546829314302   0.5100937852817408    1095533  159035   70       0.4782978438415854   0.022728171427556367 0.12099364877026997  9054467 
7     255379   64.91787096774193    76.19064565712858    0.0011736467096246602   0.517141190152675     7297730  132067   155      0.7731438145835827   0.028767057266210896 0.7252568257460792   10062270
round 7, total revenue = 8393263
8     311776   130.07401492537315   56.36846326492332    0.0004333568337785482   0.49589128091963464   1000041  154607   67       0.4803927206320349   0.02272745116868157  0.11474993743516178  8714959 
8     255379   63.54437012987013    75.70131276640184    0.0011913142362051227   0.5061849251504627    7462167  129269   154      0.7770483976790339   0.02876534139758783  0.7625479609145179   9785833 
round 8, total revenue = 8462208
9     311776   127.82025757575757   55.89473858569261    0.0004372917066965262   0.48409434978959254   1133863  150929   66       0.48245542681221043  0.02272688442135065  0.13440547492294164  8436137 
9     255379   62.6331045751634     75.39982217885974    0.0012038333831652162   0.4976681716194362    7553135  127094   153      0.7807397463932426   0.02876367855273337  0.7881917359787496   9582865 
round 9, total revenue = 8686998
10    311776   130.1848412698413    55.49601456139876    0.0004262863020001624   0.4740198090937083    933355   147788   63       0.4845032436207165   0.02272642650300368  0.1138009509067998   8201645 
10    255379   61.75746405228759    75.28637674692844    0.0012190652239733558   0.49144996260459944   7687108  125506   153      0.7842899925472411   0.02876202512335839  0.8135459691993516   9448892 
round 10, total revenue = 8620463
11    311776   131.26911475409835   55.15926954101771    0.00042019990493838216  0.4656195473673407    837584   145169   61       0.48653501498853446  0.0227260478668786   0.10460103484070267  8007416 
11    255379   61.16515032679738    75.29744778088893    0.001231051462778797    0.486664917632225     7777732  124284   153      0.7876754557559086   0.028760356332991885 0.8311080640135546   9358268 
round 11, total revenue = 8615316
12    311776   132.84461016949152   54.856047032474805   0.0004129339305711086   0.4582777378630812    717168   142880   59       0.48856551069398724  0.022725728309153523 0.09150081297991587  7837832 
12    255379   60.363525974025976   75.36265099310904    0.0012484799351438994   0.48300760829982103   7952017  123350   154      0.7908981509778539   0.028758657852591754 0.855425079843627    9295983 
round 12, total revenue = 8669185
13    311776   132.79291379310345   54.61086688316293    0.00041124835146134973  0.45235682028122753   708011   141034   58       0.49060047121771844  0.02272545362004203  0.09192573502766622  7701989 
13    255379   60.16603246753247    75.52816746415384    0.001255329034782396    0.48037230939114023   7982431  122677   154      0.7939940332084404   0.028756921340667863 0.8615154665622802   9265569 
round 13, total revenue = 8690442
14    311776   130.9135             54.40892414405893    0.0004156097281339123   0.4476098224366212    817017   139554   58       0.49263989655972795  0.02272521356364026  0.10760158425219706  7592983 
14    255379   59.71881290322581    75.72267897023093    0.001267987009268576    0.47866504293618506   8103584  122241   155      0.7969843242135691   0.028755141968833157 0.875455899994123    9256416 
round 14, total revenue = 8920601
15    311776   129.14113793103448   54.208360473026765   0.0004197605917176893   0.4431835676896233    919814   138174   58       0.4946635953766408   0.02272500061412375  0.12280255790710672  7490186 
15    255379   59.383628205128204   75.97301863272537    0.0012793596640860779   0.4774707395674664    8208154  121936   156      0.7998728875377288   0.02875331700053318  0.8860417152875815   9263846 
round 15, total revenue = 9127968
16    311776   127.55375862068965   54.02452168833066    0.0004235431575872645   0.43922559786513393   1011882  136940   58       0.49669917379933015  0.022724809139748784 0.13677559617189128  7398118 
16    255379   59.48825             76.22376364487593    0.0012813246926052782   0.4767384945512356    8191833  121749   156      0.8026632724658088   0.02875144495126166  0.8827247397595324   9280167 
round 16, total revenue = 9203715
17    311776   126.25787931034483   53.86983036384234    0.00042666509732377996  0.43601175202709636   1087043  135938   58       0.4987265600777675   0.022724634861197725 0.14844317671126567  7322957 
17    255379   59.671564102564105   76.51395270464651    0.0012822515021247566   0.47639390866124465   8163236  121661   156      0.8053868679860492   0.02874952508097793  0.8769409128859642   9308764 
round 17, total revenue = 9250279
18    311776   125.19437931034483   53.74461722930714    0.0004292893780485097   0.4333463768859694    1148726  135107   58       0.5007647097574118   0.02272447448312203  0.15819896067825012  7261274 
18    255379   58.81892452830189    76.84831179075901    0.0013065235790528937   0.47653487561624097   8455791  121697   159      0.8080293105861636   0.02874755708194087  0.9041490625369899   9352209 
round 18, total revenue = 9604517
19    311776   124.27853448275863   53.63489913909206    0.0004315700966568199   0.43105627116904444   1201845  134393   58       0.5028083806632307   0.022724325437980766 0.16673406717807815  7208155 
19    255379   58.7285125           77.15887405363682    0.001313823060879276    0.4768677142599822    8523438  121782   160      0.8106239857271423   0.028745540884409716 0.9070804832661137   9396562 
round 19, total revenue = 9725283
20    311776   121.40062711864408   53.53441458948391    0.00044097313053552075  0.42913822744534535   1392363  133795   59       0.504872641556914    0.02272418570444649  0.19439251214322323  7162637 
20    255379   59.03628125          77.49068878388134    0.0013125943427183828   0.4773141096174705    8474195  121896   160      0.8131437931399865   0.028743476534965194 0.8971384651705175   9445805 
round 20, total revenue = 9866558
