Max revenue's round: 19
This round's info:
round bids     cpc                  cpm                  ctr                     winrate               revenue  imps     clks     auc                  rmse                 roi                  cost    
19    311776   87.91371641791045    50.13165666624111    0.0005702370313630368   0.3768571025351534    3824781  117495   67       0.5854549046747766   0.023483543139662576 0.6493444471249711   5890219 
19    255379   61.20296174863388    75.29456608695068    0.0012302438302935778   0.5824715422959601    9295858  148751   183      0.748811085524655    0.02989828479865646  0.8299767985084475   11200142
round 19, total revenue = 13120639


Here are train dataset's quality scores:
id    score1               score2               score3              
3476  0.8013849831659624   0.5285996055226825   2.3092268021973914  
3358  0.9446934058434296   0.8261562998405104   15.779369298418324  


all rounds' info:
round bids     cpc                  cpm                  ctr                     winrate               revenue  imps     clks     auc                  rmse                 roi                  cost    
1     311776   99.65593506493506    53.71309874633385    0.0005389854473929204   0.4582167966745356    3491493  142861   77       0.5610462970592073   0.023486234080703834 0.4550061660203086   7673507 
1     255379   69.73497752808989    74.19501494321578    0.0010639569635385534   0.6551047658578035    7523174  167300   178      0.70585303447668     0.029912754478440582 0.6060806781630549   12412826
round 1, total revenue = 11014667
2     311776   99.28629333333333    53.30101785177444    0.0005368416531859763   0.4480973519449861    3428528  139706   75       0.5622947323869323   0.023485900602788823 0.4604231372923983   7446472 
2     255379   68.18134636871508    74.03912326041325    0.001085914655601257    0.6454641924355565    7843539  164838   179      0.7084185944221525   0.02991186849361569  0.6426780338763015   12204461
round 2, total revenue = 11272067
3     311776   96.66244             52.917780421754905   0.0005474492514543902   0.439414836292723     3625317  136999   75       0.5635729834348486   0.02348561875754754  0.5000655890747223   7249683 
3     255379   67.17346368715084    73.91228178018196    0.0011003196459306614   0.6370140066332783    8023950  162680   179      0.710963976152396    0.029911026971709262 0.6673250693401973   12024050
round 3, total revenue = 11649267
4     311776   94.46610666666668    52.61563254242323    0.0005569789461958338   0.4318966180847788    3790042  134655   75       0.564871702470906    0.023485376751280644 0.5349420561138118   7084958 
4     255379   66.36859217877095    73.84693516003307    0.001112678945503596    0.6299382486422141    8168022  160873   179      0.7135078860196118   0.029910215633141436 0.6875452126258146   11879978
round 4, total revenue = 11958064
5     311776   97.6359014084507     52.33113907614727    0.0005359825465965108   0.424878759109104     3362851  132467   71       0.5661839113478258   0.023485165941610958 0.4851094516289249   6932149 
5     255379   66.03407303370787    73.81166637361534    0.0011177815176709955   0.6235594939286315    8181935  159244   178      0.7160155812104704   0.029909424254340056 0.6960940746882036   11754065
round 5, total revenue = 11544786
6     311776   95.67139436619719    52.04193130712595    0.0005439654313799101   0.41864351329159394   3502331  130523   71       0.5675124274459264   0.0234849798809826   0.5156045436631757   6792669 
6     255379   65.47736516853932    73.8240443388757     0.0011274742676167853   0.6181988338900223    8281029  157875   178      0.7185269218295257   0.029908645392902652 0.7105147666176089   11654971
round 6, total revenue = 11783360
7     311776   95.41847142857144    51.81642785660535    0.0005430439943213114   0.41344747511033564   3470707  128903   70       0.5688583329377805   0.023484813682523    0.5196219120796168   6679293 
7     255379   65.75363068181818    73.8526665773234     0.001123172451642959    0.6135939133601431    8139361  156699   176      0.720999446339896    0.029907873548526236 0.7033279963195949   11572639
round 7, total revenue = 11610068
8     311776   95.28963768115942    51.59197909637325    0.0005414227648655859   0.4087614184542749    3430015  127442   69       0.5702173924238367   0.023484663589736013 0.5216764753075482   6574985 
8     255379   65.33443181818181    73.8839842193865     0.0011308582957451456   0.6094236409415026    8213140  155634   176      0.7234223896038549   0.02990710459902157  0.7142568915527279   11498860
round 8, total revenue = 11643155
9     311776   95.2092205882353     51.381530598477816   0.0005396696904041967   0.40414592527968796   3385773  126003   68       0.5715852398975085   0.023484526678402482 0.5229617373626226   6474227 
9     255379   64.96721022727273    73.95147395516693    0.0011382892030682068   0.6054452402116071    8277771  154618   176      0.7257959398829525   0.02990633541413929  0.7239465817940152   11434229
round 9, total revenue = 11663544
10    311776   93.99417647058824    51.2123135105684     0.000544845600371777    0.40030663040131376   3468396  124806   68       0.5729607931862235   0.023484400646202486 0.5426487623451015   6391604 
10    255379   64.65639204545455    74.01798490958761    0.0011447899050344738   0.6020072128091973    8332475  153740   176      0.7281847051182325   0.029905563586773397 0.7322339904345744   11379525
round 10, total revenue = 11800871
11    311776   92.83264705882353    51.043243418073615   0.0005498415162688402   0.39666940367443293   3547380  123672   68       0.5743388280085965   0.023484283661741885 0.5619505054953411   6312620 
11    255379   64.04209039548023    74.09904756924243    0.0011570366787164083   0.5990194965130258    8488550  152977   177      0.7305307692110214   0.029904787243113445 0.7488498471608979   11335450
round 11, total revenue = 12035930
12    311776   91.80355882352941    50.89884873785141    0.0005544321962037701   0.39338499435492147   3617358  122648   68       0.5757258933745066   0.023484174254554898 0.5794594660401798   6242642 
12    255379   63.475808988764044   74.20219479999211    0.0011689838378133434   0.5962471463980985    8637306  152269   178      0.7329084612442207   0.029904004906795723 0.7644517145078892   11298694
round 12, total revenue = 12254664
13    311776   90.8529411764706     50.74916212131169    0.0005585857922060854   0.3904598173047316    3682000  121736   68       0.5771154962485181   0.023484071233848443 0.5959857559080609   6178000 
13    255379   63.29443820224719    74.3299268339348     0.0011743516325466938   0.59352178526817      8669590  151573   178      0.7352385231052544   0.029903215400547287 0.7695077668929144   11266410
round 13, total revenue = 12351590
14    311776   89.98744117647058    50.628359147471535   0.0005626158326714324   0.38766293749358516   3740854  120864   68       0.5784951170134545   0.023483973627717106 0.6113359609331106   6119146 
14    255379   62.816653631284915   74.45787145562663    0.0011853205663051108   0.5913328817169775    8803819  151014   179      0.7375279889302209   0.029902417774216695 0.782966674051227    11244181
round 14, total revenue = 12544673
15    311776   90.53108955223881    50.506961213715925   0.0005578963145535996   0.3851932156419994    3649417  120094   67       0.5798872573955673   0.023483880637143486 0.6016597250420941   6065583 
15    255379   62.706849162011174   74.59445485598842    0.0011895742786129165   0.589218377392033     8823474  150474   179      0.7398033864829918   0.029901611251602133 0.7860887845063569   11224526
round 15, total revenue = 12472891
16    311776   89.78716417910448    50.39532214692011    0.0005612753516348192   0.38287424304628964   3699260  119371   67       0.5812839503657445   0.023483791600815998 0.6149301665298035   6015740 
16    255379   62.29723333333333    74.75468654169222    0.0011999680008533105   0.5873779754795814    8946498  150004   180      0.7420874269523792   0.029900795190818848 0.7978326485338836   11213502
round 16, total revenue = 12645758
17    311776   89.13104477611941    50.30477121099805    0.0005643911314778624   0.3807605460330494    3743220  118712   67       0.5826672841020939   0.023483705967956084 0.6268181346265268   5971780 
17    255379   61.93962430939227    74.93931899306159    0.0012098768733038328   0.5858038444821226    9060928  149602   181      0.7443692082831659   0.029899969054515994 0.8082124528323429   11211072
round 17, total revenue = 12804148
18    311776   88.49846268656717    50.20913001507274    0.0005673446576456043   0.3787783536898286    3785603  118094   67       0.5840572974553571   0.023483623277141197 0.6384465401793809   5929397 
18    255379   61.534258241758245   75.09159117881737    0.0012203217089867978   0.5839986843084201    9184765  149141   182      0.7466118825555993   0.02989913238732435  0.8201243209915677   11199235
round 18, total revenue = 12970368
19    311776   87.91371641791045    50.13165666624111    0.0005702370313630368   0.3768571025351534    3824781  117495   67       0.5854549046747766   0.023483543139662576 0.6493444471249711   5890219 
19    255379   61.20296174863388    75.29456608695068    0.0012302438302935778   0.5824715422959601    9295858  148751   183      0.748811085524655    0.02989828479865646  0.8299767985084475   11200142
round 19, total revenue = 13120639
20    311776   88.66495454545455    50.037939614703845   0.0005643485621937768   0.3751058452222108    3718113  116949   66       0.586851280456441    0.0234834652263453   0.6353699242654549   5851887 
20    255379   61.169797814207655   75.44090927470987    0.0012333032308501032   0.581026631007248     9301927  148382   183      0.7509692988198569   0.02989742594949983  0.8309689422250507   11194073
round 20, total revenue = 13020040
