Max revenue's round: 20
This round's info:
round bids     cpc                  cpm                  ctr                     winrate               revenue  imps     clks     auc                  rmse                 roi                  cost    
20    311776   70.73476623376624    48.319526259758696   0.0006831085876508162   0.36154161962434567   5718423  112720   77       0.6240109823550719   0.025255766114573846 1.0499113479897557   5446577 
20    255379   51.30816025641026    64.90385332706249    0.001264981106371937    0.48289796733482393   9467927  123322   156      0.8635491434268513   0.028535708464532135 1.1828886368227776   8004073 
round 20, total revenue = 15186350


Here are train dataset's quality scores:
id    score1               score2               score3              
3476  0.8337750022311807   0.5018450184501845   3.986652301430538   
3358  0.9365022038096106   0.8953687821612349   15.971303796956505  


all rounds' info:
round bids     cpc                  cpm                  ctr                     winrate               revenue  imps     clks     auc                  rmse                 roi                  cost    
1     311776   79.35966666666667    49.20451539300949    0.0006200191792599451   0.3879836805911937    4923025  120964   75       0.5958395904071915   0.02525727029028499  0.8271246098983951   5951975 
1     255379   64.53869934640522    71.65034756991307    0.0011101919979102268   0.5396449982183343    7261579  137814   153      0.8073497769476509   0.028548457894695862 0.7353928903780789   9874421 
round 1, total revenue = 12184604
2     311776   78.10966666666667    49.02731632200454    0.0006276728401777569   0.3832527199014677    5016775  119489   75       0.5973014841359056   0.02525717442297504  0.8563643424416099   5858225 
2     255379   63.237869281045754   71.13161938230127    0.0011248263135839318   0.5326240607097686    7460606  136021   153      0.8110753915252671   0.02854809973196584  0.7710906656617807   9675394 
round 2, total revenue = 12477381
3     311776   78.11186486486487    48.876470240058175   0.0006257240218834293   0.379320409524787     4949722  118263   74       0.5987731998396292   0.02525708482026689  0.8563121012518775   5780278 
3     255379   62.004633986928106   70.57828053625366    0.001138274286904638    0.5263314524686838    7649291  134414   153      0.8146936567103308   0.028547703949243188 0.8063166056848586   9486709 
round 3, total revenue = 12599013
4     311776   77.22151351351353    48.753451070727756   0.0006313454483405853   0.37594298470696913   5015608  117210   74       0.600250834533219    0.02525699967315998  0.8777150744996143   5714392 
4     255379   60.803901960784316   70.01736322788955    0.001151527467316941    0.5202737891525928    7833003  132867   153      0.8181697706735709   0.02854726827165695  0.8419870499797001   9302997 
round 4, total revenue = 12848611
5     311776   77.5464109589041     48.647686159927815   0.0006273363984015812   0.37323270553217697   4924112  116365   73       0.6017232759986428   0.02525691769478599  0.8698479814474337   5660888 
5     255379   60.08329605263158    69.47631038417649    0.0011563332065424115   0.5147251731739885    7891339  131450   152      0.8214750444070217   0.02854679236594732  0.8640788265325955   9132661 
round 5, total revenue = 12815451
6     311776   76.92072602739727    48.55602538826052    0.0006312476220123828   0.37092014779841936   4969787  115644   73       0.6031981366697341   0.02525683795811312  0.8850576104593004   5615213 
6     255379   58.67375816993464    68.96272652546995    0.0011753589454034246   0.5097247620203698    8158915  130173   153      0.8247027078110793   0.02854627697421095  0.9088601700886201   8977085 
round 6, total revenue = 13128702
7     311776   76.36883561643836    48.4771871548943     0.0006347770888948792   0.3688577696807965    5010075  115001   73       0.604676577765213    0.0252567597880265   0.8986802513038292   5574925 
7     255379   57.348480519480525   68.42857806979482    0.0011932064712080828   0.5053821966567337    8416334  129064   154      0.8279167579995923   0.02854572340176265  0.9529724063387361   8831666 
round 7, total revenue = 13426409
8     311776   75.93457534246576    48.41285950095634    0.0006375601533637848   0.3672476393308016    5041776  114499   73       0.6061610991309359   0.02525668268821675  0.9095385645609847   5543224 
8     255379   56.49955844155844    67.92190598117125    0.0012021670231534246   0.5016152463593326    8547068  128102   154      0.8311340896105851   0.028545133213131492 0.9823163771421268   8700932 
round 8, total revenue = 13588844
9     311776   75.56939726027397    48.3620822667181     0.0006399691412140127   0.3658652365801088    5068434  114068   73       0.6076462172340568   0.025256606290827363 0.918766130959006    5516566 
9     255379   56.13312418300654    67.4623976874617     0.0012018286647919186   0.49849831035441444   8547632  127306   153      0.83429291814651     0.02854450805245675  0.9952568404148495   8588368 
round 9, total revenue = 13616066
10    311776   75.29027397260273    48.328350597049045   0.000641893674269736    0.3647682951862876    5088810  113726   73       0.6091381252410839   0.025256530321265905 0.9258795638433169   5496190 
10    255379   56.13373509933775    66.99330556499609    0.001193458896801372    0.4954322790832449    8435806  126523   151      0.8373281026833973   0.028543849539178573 0.9952351255764085   8476194 
round 10, total revenue = 13524616
11    311776   75.10361643835617    48.313467690057195   0.0006432908291401934   0.3639760597351945    5102436  113479   73       0.6106275817863682   0.02525645457329075  0.9306660168490509   5482564 
11    255379   55.49406622516556    66.57824107547215    0.0011997362169377328   0.49284005341081294   8532396  125861   151      0.8403535367077732   0.028543159209677278 1.0182337972056914   8379604 
round 11, total revenue = 13634832
12    311776   74.91389041095891    48.29057096939406    0.0006446143793158258   0.3632287283177666    5116286  113246   73       0.6121153126316099   0.02525637889116691  0.935555598628855    5468714 
12    255379   54.62973684210526    66.27018140318114    0.0012130789059943655   0.4906472341108705    8720280  125301   152      0.8433028792325897   0.028542438487043176 1.05016546800711     8303720 
round 12, total revenue = 13836566
13    311776   74.79479452054795    48.28500428903687    0.0006455663739509546   0.36269308734476036   5124980  113079   73       0.6136058658834633   0.02525630315675228  0.9386375874081048   5460020 
13    255379   54.20532236842106    66.00925339892164    0.0012177633212892267   0.48875984321342003   8784791  124819   152      0.8461130144403216   0.028541688668016783 1.0662177643509225   8239209 
round 13, total revenue = 13909771
14    311776   73.6683918918919     48.2686470692403     0.0006552151584912343   0.36224725443908445   5278539  112940   74       0.615090467889375    0.025256227280064977 0.9682796960301101   5451461 
14    255379   53.85305921052631    65.77631441497184    0.0012214034890354931   0.4873031846784583    8838335  124447   152      0.8487939553572786   0.028540910920290173 1.0797332898426701   8185665 
round 14, total revenue = 14116874
15    311776   73.61755405405405    48.267817904734905   0.0006556563651828749   0.362003489684902     5282301  112864   74       0.616574182853209    0.025256151192336204 0.9696389246175312   5447699 
15    255379   53.18049673202614    65.56129791228537    0.0012328071744543015   0.48597183010349326   8999384  124107   153      0.8513934044908236   0.028540106285909823 1.1060352362702135   8136616 
round 15, total revenue = 14281685
16    311776   72.59694666666667    48.27823442307522    0.0006650174234564945   0.3617308580519347    5430229  112779   75       0.6180637522947576   0.025256074840855836 0.9973291806028206   5444771 
16    255379   52.56321428571428    65.36182324680044    0.001243489846178691    0.48494590393102016   9153265  123845   154      0.8539480387687878   0.02853927568810774  1.1307677150641744   8094735 
round 16, total revenue = 14583494
17    311776   71.60657894736843    48.28280677472873    0.000674278920798843    0.36151916760751307   5577900  112713   76       0.6195549022840092   0.02525599818512274  1.0249536024696349   5442100 
17    255379   52.046825806451615   65.22527752399279    0.001253203754760153    0.4843115526335368    9292742  123683   155      0.8564696900630839   0.028538419939885398 1.151908368370021    8067258 
round 17, total revenue = 14870642
18    311776   71.61644736842105    48.29717378765695    0.0006743866187497227   0.36146143384994356   5577150  112695   76       0.6210388430403719   0.025255921193952736 1.024674573063744    5442850 
18    255379   51.54582692307692    65.09734061930783    0.0012629022465088038   0.4836928643310531    9430851  123525   156      0.8588780104004217   0.028537539753307254 1.1728238091347394   8041149 
round 18, total revenue = 15008001
19    311776   71.63511842105262    48.30462171826062    0.0006743148162935753   0.36149992302165657   5575731  112707   76       0.622530767175437    0.025255843843294726 1.0241468597528887   5444269 
19    255379   51.40416666666667    64.98630425621576    0.0012642225031605564   0.4831877327423163    9452950  123396   156      0.8612292527375971   0.028536635748865048 1.1788117046283537   8019050 
round 19, total revenue = 15028681
20    311776   70.73476623376624    48.319526259758696   0.0006831085876508162   0.36154161962434567   5718423  112720   77       0.6240109823550719   0.025255766114573846 1.0499113479897557   5446577 
20    255379   51.30816025641026    64.90385332706249    0.001264981106371937    0.48289796733482393   9467927  123322   156      0.8635491434268513   0.028535708464532135 1.1828886368227776   8004073 
round 20, total revenue = 15186350
