Max revenue's round: 18
This round's info:
round bids     cpc                  cpm                  ctr                     winrate               revenue  imps     clks     auc                  rmse                 roi                  cost    
18    311776   75.05302127659574    44.754903702200004   0.0005963104874521049   0.25280329467309864   3287508  78818    47       0.5834563382509965   0.023413778237344553 0.9319675282041745   3527492 
18    255379   40.2161              62.15325486623448    0.0015454819056605308   0.4813982355636133    13638941 122939   190      0.88242793235998     0.03097805818250636  1.784954284478107    7641059 
round 18, total revenue = 16926449


Here are train dataset's quality scores:
id    score1               score2               score3              
3476  0.858860733136054    0.5224625623960066   8.156068133427963   
3358  0.9398361203475172   0.8330733229329174   0.014425649924587666


all rounds' info:
round bids     cpc                  cpm                  ctr                     winrate               revenue  imps     clks     auc                  rmse                 roi                  cost    
1     311776   79.545225            43.53632806086147    0.0005473154178753215   0.234411885456225     2618191  73084    40       0.5601084781668499   0.023414847011964755 0.8228624031172205   3181809 
1     255379   37.257127071823206   59.8117893317723     0.0016053784613201355   0.441485008555911     13528460 112746   181      0.8554382835627963   0.031012557643857    2.0061362429821727   6743540 
round 1, total revenue = 16146651
2     311776   80.36427499999999    43.636512956954945   0.000542983968398333    0.23628181771528275   2585429  73667    40       0.5615272221513761   0.02341478661164199  0.804284304188646    3214571 
2     255379   37.57858241758242    60.06606184625383    0.001598412126854202    0.4458588999095462    13544698 113863   182      0.8572610440727007   0.031010441624219127 1.980421101451581    6839302 
round 2, total revenue = 16130127
3     311776   81.224125            43.76594598235334    0.000538829393143396    0.23810363850969926   2551035  74235    40       0.5629296199050924   0.02341472590840478  0.7851838970256682   3248965 
3     255379   37.67467391304348    60.308846046770604   0.0016007795100222717   0.45009182430818506   13675860 114944   184      0.8590458151979247   0.031008349884829332 1.9728193602552746   6932140 
round 3, total revenue = 16226895
4     311776   81.91192500000001    43.861807228915666   0.000535475234270415    0.23959509391357897   2523523  74700    40       0.5643338568443648   0.023414664881869027 0.7701940224210333   3276477 
4     255379   38.098119565217395   60.52855440620305    0.0015887543820263526   0.4534985257205957    13597946 115814   184      0.8608058948099646   0.031006279383319856 1.9397776393733914   7010054 
round 4, total revenue = 16121469
5     311776   80.57212195121951    43.9552524782117     0.0005455392189475085   0.24105447500769783   2641543  75155    41       0.5657278656598814   0.023414603522698203 0.7996299028563109   3303457 
5     255379   38.47533695652174    60.717359794848925   0.00157808519944767     0.4565645569917652    13528538 116597   184      0.8625289371522281   0.03100422713382821  1.910955663015071    7079462 
round 5, total revenue = 16170081
6     311776   81.19958536585366    44.05079654916905    0.0005425002646342754   0.24240480344862977   2615817  75576    41       0.5671172014427097   0.023414541829447036 0.7857234042105826   3329183 
6     255379   38.60726486486487    60.884876693177844   0.001577031600303472    0.459352570101692     13577656 117309   185      0.8642188617644048   0.031002190235897363 1.9010084084440626   7142344 
round 6, total revenue = 16193473
7     311776   81.8059756097561     44.13623623228455    0.0005395233771531588   0.2437423021656574    2590955  75993    41       0.5685062369503451   0.023414479806040136 0.7724866541742881   3354045 
7     255379   38.93664324324324    61.04266804515101    0.0015677434663231755   0.4620740154828706    13516721 118004   185      0.865866972663702    0.031000165895662055 1.8764677864067183   7203279 
round 7, total revenue = 16107676
8     311776   82.36819512195123    44.217296235679214   0.0005368248772504091   0.244967540798522     2567904  76375    41       0.569884950498227    0.02341441745980558  0.7603882152002785   3377096 
8     255379   39.22253513513513    61.181347543443984   0.0015598519405401303   0.4644117174865592    13463831 118601   185      0.8674834574795958   0.03099815144060196  1.8555012982746129   7256169 
round 8, total revenue = 16031735
9     311776   78.96762790697674    44.28283776734481    0.0005607720396452791   0.24594580724622805   2839392  76680    43       0.571259798003001    0.02341435479997985  0.8361954619025518   3395608 
9     255379   39.08101604278075    61.320786380150864   0.0015690683761400918   0.46667502026399976   13635850 119179   187      0.8690690779040091   0.030996144329014097 1.865841560449635    7308150 
round 9, total revenue = 16475242
10    311776   79.41781395348836    44.35884912645321    0.0005585503669546016   0.2469240736939341    2820034  76985    43       0.5726268571199611   0.02341429183660292  0.8257868453155902   3414966 
10    255379   39.32604812834225    61.43206442289218    0.0015621214779172827   0.4687503671014453    13590029 119709   187      0.8706551902544565   0.030994142155219884 1.8479851225956698   7353971 
round 10, total revenue = 16410063
11    311776   79.80909302325581    44.41642938496583    0.0005565334437771795   0.24781894693626194   2803209  77264    43       0.5739951173376927   0.02341422857972889  0.8168355823533543   3431791 
11    255379   39.56303743315508    61.5441848083786     0.0015555980733876268   0.47071607297389373   13545712 120211   187      0.8722255133660746   0.03099214265138488  1.8309252086428645   7398288 
round 11, total revenue = 16348921
12    311776   80.15390697674418    44.464458033387515   0.0005547384988518204   0.24862080468028327   2788382  77514    43       0.5753587608243342   0.02341416503888665  0.8090197405108428   3446618 
12    255379   39.7918449197861     61.65393442758781    0.001549411306559727    0.4725956323738444    13502925 120691   187      0.87377143059898     0.030990143686699587 1.8146470772032266   7441075 
round 12, total revenue = 16291307
13    311776   80.51637209302325    44.51907572426031    0.0005529195437770834   0.24943869957918505   2772796  77769    43       0.5767185945694668   0.023414101222734074 0.8008759738016593   3462204 
13    255379   39.794622340425526   61.76483360439869    0.0015520899551710189   0.47430289882879956   13574611 121127   188      0.8752961791438467   0.03098814326454981  1.8144506320951899   7481389 
round 13, total revenue = 16347407
14    311776   80.83216279069768    44.5658913734742     0.0005513385988306493   0.2501539566868521    2759217  77992    43       0.5780751628218774   0.023414037138858968 0.7938404094847118   3475783 
14    255379   39.98178723404256    61.855659243898025   0.0015470959034875492   0.4758339565900094    13539424 121518   188      0.8767868102379772   0.030986139518197908 1.8012754743649235   7516576 
round 14, total revenue = 16298641
15    311776   81.171               44.61940556088207    0.0005496963886225631   0.25090128810428      2744647  78225    43       0.5794241491256691   0.023413972793688315 0.7863522686673812   3490353 
15    255379   39.94711111111111    61.93198149424156    0.001550349443842898    0.4773610986024693    13617996 121908   189      0.8782457200372138   0.030984130705402443 1.8037071238637754   7550004 
round 15, total revenue = 16362643
16    311776   77.84731111111111    44.66852406758049    0.0005737966209754542   0.25154277429949706   3021871  78425    45       0.580774711874223    0.023413908192475318 0.862620531530526    3503129 
16    255379   40.129211640211636   62.02148225077073    0.001545544497779813    0.4788451673786803    13583579 122287   189      0.8796798907175208   0.03098211520232195  1.7909843084923687   7584421 
round 16, total revenue = 16605450
17    311776   76.42823913043479    44.71704760814541    0.0005850854097505755   0.25217143077080983   3154301  78621    46       0.5821273390147277   0.023413843339339907 0.8972045103975056   3515699 
17    255379   40.09024736842105    62.100188326987826   0.001549009856594298    0.48030182591364207   13662853 122659   190      0.8810691057057645   0.030980091496979584 1.7936969051535963   7617147 
round 17, total revenue = 16817154
18    311776   75.05302127659574    44.754903702200004   0.0005963104874521049   0.25280329467309864   3287508  78818    47       0.5834563382509965   0.023413778237344553 0.9319675282041745   3527492 
18    255379   40.2161              62.15325486623448    0.0015454819056605308   0.4813982355636133    13638941 122939   190      0.88242793235998     0.03097805818250636  1.784954284478107    7641059 
round 18, total revenue = 16926449
19    311776   75.2902340425532     44.80369962396019    0.0005950798293260404   0.25332610592220056   3276359  78981    47       0.5847849246088752   0.02341371288859092  0.9258805852303187   3538641 
19    255379   40.35481578947369    62.22187507607911    0.0015418698824121338   0.4825259712035837    13612585 123227   190      0.8837601315340392   0.030976013950332563 1.7753812725670908   7667415 
round 19, total revenue = 16888944
20    311776   75.51302127659574    44.8454277807963     0.0005938767516205254   0.2538392948783742    3265888  79141    47       0.5861108272572179   0.0234136472943274   0.920198629967158    3549112 
20    255379   40.501257894736845   62.29449526430827    0.001538087913867077    0.48371244307480254   13584761 123530   190      0.8850637196552252   0.030973957583456162 1.7653462095199381   7695239 
round 20, total revenue = 16850649
