Max revenue's round: 1
This round's info:
round bids     cpc                  cpm                  ctr                     winrate               revenue  imps     clks     auc                  rmse                 roi                  cost    
1     311776   72.56269512195122    50.417660167602975   0.0006948151537490362   0.37853138150467003   5939859  118017   82       0.6469210380467993   0.02348005315868515  0.9982719737229756   5950141 
1     255379   54.03592753623189    71.25435249300862    0.0013186477172105822   0.6146903230101144    11998563 156979   207      0.8683870434978311   0.02984848650098294  1.0726950587625679   11185437
round 1, total revenue = 17938422


Here are train dataset's quality scores:
id    score1               score2               score3              
3476  0.8404731251268347   0.45504587155963305  2.0501762676741513  
3358  0.9655360393441614   0.8534246575342466   0.413713268032057   


all rounds' info:
round bids     cpc                  cpm                  ctr                     winrate               revenue  imps     clks     auc                  rmse                 roi                  cost    
1     311776   72.56269512195122    50.417660167602975   0.0006948151537490362   0.37853138150467003   5939859  118017   82       0.6469210380467993   0.02348005315868515  0.9982719737229756   5950141 
1     255379   54.03592753623189    71.25435249300862    0.0013186477172105822   0.6146903230101144    11998563 156979   207      0.8683870434978311   0.02984848650098294  1.0726950587625679   11185437
round 1, total revenue = 17938422
2     311776   73.0314578313253     50.62395396615945    0.0006931801099066294   0.38405137021451297   5973389  119738   83       0.6478684614759999   0.023480009336400005 0.9854457833074409   6061611 
2     255379   55.478311004784686   72.00724732184443    0.0012979351032448377   0.6305334424521984    11813033 161025   209      0.8709657646371216   0.029844846030749283 1.0188069530512678   11594967
round 2, total revenue = 17786422
3     311776   72.5265411764706     50.81694459785843    0.0007006668699974446   0.38910307400184746   6160244  121313   85       0.648815231870027    0.023479965365693842 0.9992680975532527   6164756 
3     255379   57.28559330143541    72.71423105421064    0.001269328409877683    0.6447436946655755    11435311 164654   209      0.873430604653312    0.02984126706864264  0.9551163485496031   11972689
round 3, total revenue = 17595555
4     311776   73.54022352941178    50.98462529770644    0.0006932889628397116   0.3932438673919737    6074081  122604   85       0.6497531956182907   0.02347992076769416  0.9717100797498736   6250919 
4     255379   58.60140952380953    73.31460299304166    0.0012510723477266229   0.6572819221627464    11213704 167856   210      0.8757732286941409   0.02983774606865931  0.9112168275490854   12306296
round 4, total revenue = 17287785
5     311776   73.59853488372093    51.12082640089166    0.0006945902725055325   0.39712485887303706   6140526  123814   86       0.6506936968746557   0.023479875221414866 0.9701479143448571   6329474 
5     255379   59.56609478672986    73.73511915238129    0.0012378706278526757   0.6674550374149794    11063554 170454   211      0.8780026219699518   0.029834278554386577 0.880264274517311    12568446
round 5, total revenue = 17204080
6     311776   74.36806976744187    51.23573236773801    0.0006889479924375941   0.40037719388278764   6074346  124828   86       0.6516258579389523   0.023479828536815753 0.9497615099253337   6395654 
6     255379   60.48901886792453    74.1745784770223     0.0012262486624056454   0.6769742226259794    10920328 172885   212      0.8801271364476927   0.029830859417491563 0.8515757421119318   12823672
round 6, total revenue = 16994674
7     311776   75.03090697674419    51.33297799557684    0.0006841577699638828   0.4031804885558863    6017342  125702   86       0.6525574032843714   0.02347978062798958  0.9325369483397384   6452658 
7     255379   61.599462264150944   74.60586948200707    0.0012111448174999      0.6854165769307579    10684914 175041   212      0.882203986523896    0.029827483166009992 0.8181976900986792   13059086
round 7, total revenue = 16702256
8     311776   75.64701162790698    51.42922757061432    0.0006798580203483086   0.4057303961818742    5964357  126497   86       0.6534887620483123   0.02347973148819431  0.9167974633714147   6505643 
8     255379   62.28843192488263    74.98310717252839    0.001203804701055166    0.6928486680580628    10588564 176939   213      0.884235807860262    0.029824144123741354 0.7980866838174309   13267436
round 8, total revenue = 16552921
9     311776   75.23854022988506    51.494328015356054   0.000684414235816105    0.40771579595607105   6069247  127116   87       0.6544205126333572   0.023479681167788317 0.9272037915271168   6545753 
9     255379   63.1546338028169     75.28844474791798    0.0011921285931763231   0.6996346606416346    10404063 178672   213      0.8862266566374604   0.029820836585125268 0.7734248978418499   13451937
round 9, total revenue = 16473310
10    311776   75.66529885057471    51.564517518779915   0.000681481713574019    0.40947026069998976   6032119  127663   87       0.655341702706745    0.023479629755578914 0.91633420078534     6582881 
10    255379   63.89639906103287    75.55658999938933    0.001182485885115667    0.7053399065702348    10246067 180129   213      0.8881320004415588   0.029817554931547117 0.7528374313084422   13609933
round 10, total revenue = 16278186
11    311776   75.15836363636363    51.621366800911616   0.0006868346289532016   0.41094888637996513   6146064  128124   88       0.6562683969337348   0.023479577363681704 0.9292596723040562   6613936 
11    255379   64.60425821596245    75.82408723730177    0.0011736701160445665   0.7106379146288457    10095293 181482   213      0.8899349470771111   0.029814293715498368 0.733631854816762    13760707
round 11, total revenue = 16241357
12    311776   75.41023863636363    51.65205445332628    0.0006849475003307985   0.41208110951452326   6123899  128477   88       0.6571838029813033   0.023479524115704992 0.9228158221220563   6636101 
12    255379   65.24434272300469    76.06941304621515    0.001165915846055318    0.7153642233699717    9958955  182689   213      0.8916782490306671   0.029811047718780227 0.7166239297634857   13897045
round 12, total revenue = 16082854
13    311776   75.69094318181818    51.70146392200696    0.0006830601092896175   0.4132197475110336    6099197  128832   88       0.6580927906260271   0.023479470137903406 0.9156849406895835   6660803 
13    255379   65.78722535211267    76.29020122389424    0.0011596506892571701   0.7192290673861202    9843321  183676   213      0.8933768303087404   0.02980781199029879  0.7024581809088755   14012679
round 13, total revenue = 15942518
14    311776   75.85501136363636    51.72199752053309    0.0006818534015186735   0.41395104177358105   6084759  129060   88       0.6589993527115363   0.023479415552862405 0.9115414709371542   6675241 
14    255379   66.31862441314554    76.50284058598933    0.001153564948956105    0.7230234279247706    9730133  184645   213      0.8949938429915788   0.029804581868185655 0.688816693516936    14125867
round 14, total revenue = 15814892
15    311776   76.01738636363638    51.74931150787511    0.0006807562583160566   0.4146181874166068    6070470  129268   88       0.6598963991416655   0.023479360475256394 0.9074583715148897   6689530 
15    255379   66.83346948356807    76.71327491808933    0.0011478272115882048   0.7266376640209258    9620471  185568   213      0.896565227920557    0.02980135299013681  0.6758070599273128   14235529
round 15, total revenue = 15690941
16    311776   76.13940909090908    51.7635043263288     0.0006798516687268232   0.4151698655444935    6059732  129440   88       0.6608038381601216   0.02347930500924557  0.9044014358828631   6700268 
16    255379   67.35193896713616    76.94433240723856    0.0011424219345011425   0.7300756914233355    9510037  186446   213      0.8980771564290893   0.029798121295084697 0.6629068400636472   14345963
round 16, total revenue = 15569769
17    311776   76.22693181818182    51.77021270027475    0.0006791590775784891   0.4155932464333367    6052030  129572   88       0.661703142226135    0.023479249247123038 0.9022148280329221   6707970 
17    255379   67.82315492957746    77.15903604161771    0.0011376503514431602   0.7331378069457551    9409668  187228   213      0.8995604007232666   0.02979488301864128  0.6513534369831733   14446332
round 17, total revenue = 15461698
18    311776   76.28469318181818    51.77427888323307    0.0006786981335801327   0.41587550035923226   6046947  129660   88       0.6625983228414838   0.023479193268880972 0.9007745060257978   6713053 
18    255379   68.23801877934272    77.3451362281822     0.0011334610472541508   0.735847505080684     9321302  187920   213      0.9009988729979026   0.029791634684189192 0.6413137720508537   14534698
round 18, total revenue = 15368249
19    311776   76.33513636363637    51.78095876789307    0.0006783371489797964   0.41609681309658214   6042508  129729   88       0.6634806479929953   0.023479137142423848 0.8995184512315013   6717492 
19    255379   68.60888732394366    77.50936401101087    0.0011297277515235414   0.7382791850543702    9242307  188541   213      0.9024191694756145   0.029788373091045785 0.6324415738034185   14613693
round 19, total revenue = 15284815
20    311776   76.36697727272728    51.786590017646745   0.000678128058319013    0.4162251103356256    6039706  129769   88       0.6643746904613279   0.023479080924213126 0.8987264545271383   6720294 
20    255379   68.92288732394367    77.64706349038441    0.0011265787970465653   0.740342784645566     9175425  189068   213      0.9037940606903893   0.029785095300770177 0.6250044701927547   14680575
round 20, total revenue = 15215131
