Max revenue's round: 19
This round's info:
round bids     cpc                  cpm                  ctr                     winrate               revenue  imps     clks     auc                  rmse                 roi                  cost    
19    311776   78.67361842105262    51.09767978464299    0.0006494893817032005   0.37531753566663245   5040805  117015   76       0.6312005288417792   0.022717273724653753 0.8430574684384771   5979195 
19    255379   38.07398404255319    70.49904463617382    0.00185163298270496     0.39757380207456366   13898091 101532   188      0.9497238064808611   0.028578858468763787 1.9416411971708498   7157909 
round 19, total revenue = 18938896


Here are train dataset's quality scores:
id    score1               score2               score3              
3476  0.857899406405101    0.5922509225092251   8.8661930044926     
3358  0.9246044128125909   0.9536878216123499   6.521188143948209   


all rounds' info:
round bids     cpc                  cpm                  ctr                     winrate               revenue  imps     clks     auc                  rmse                 roi                  cost    
1     311776   79.91667213114755    48.53802957136456    0.0006073579927316175   0.32213833008313664   3970083  100435   61       0.5965400050209273   0.022719009663180023 0.8143898655095051   4874917 
1     255379   42.30839344262296    73.53020057741985    0.00173795775717976     0.4123126803691768    12753564 105296   183      0.9203450814416692   0.028629219509321673 1.6472288566544173   7742436 
round 1, total revenue = 16723647
2     311776   78.4538253968254     48.72380004140338    0.0006210506599895506   0.32536500564507853   4192409  101441   63       0.5985934825811792   0.022718916810296575 0.848220902761325    4942591 
2     255379   41.90048087431694    73.22111133392538    0.001747500501332111    0.4100611248379859    12828212 104721   183      0.922324436286676    0.02862719944894024  1.6730003489924343   7667788 
round 2, total revenue = 17020621
3     311776   77.13823076923077    48.91788132451365    0.0006341587152920056   0.3287552601868008    4411015  102498   65       0.6006032487731965   0.02271882369743034  0.8797423606173532   5013985 
3     255379   41.51551366120219    72.91462162291856    0.0017563222803397476   0.40800144099554      12898661 104195   183      0.9242679100797546   0.02862504612777829  1.6977866855750414   7597339 
round 3, total revenue = 17309676
4     311776   72.6785              49.10330283375801    0.0006756235039765269   0.33231550857025555   5062505  103608   70       0.6026105633016056   0.02271873026685262  0.9950879558603989   5087495 
4     255379   41.19348087431694    72.6453406572227     0.0017635154668979474   0.40633724777683367   12957593 103770   183      0.9261792369643823   0.02862277341357071  1.7188768130985763   7538407 
round 4, total revenue = 18020098
5     311776   72.58560563380281    49.267033124611636   0.0006787438458964677   0.3355133172534127    5141422  104605   71       0.6046210071892544   0.022718636472864946 0.9976412504089391   5153578 
5     255379   40.9344043715847     72.42785732932407    0.0017693638991752637   0.4049941459556189    13005004 103427   183      0.9280674195537941   0.02862039262986214  1.7360847609583558   7490996 
round 5, total revenue = 18146426
6     311776   72.53993055555556    49.44031616811814    0.0006815600151457781   0.3388330083136611    5217125  105640   72       0.6065886565909937   0.022718542278865765 0.9988990737859895   5222875 
6     255379   40.69876502732241    72.2260107254725     0.001774648706833852    0.4037880953406506    13048126 103119   183      0.9299139535033327   0.028617913049906574 1.7519262543915217   7447874 
round 6, total revenue = 18265251
7     311776   73.45640277777778    49.59872647304305    0.0006752131141391502   0.3420179872729139    5151139  106633   72       0.6085386659740883   0.022718447655388968 0.9739599887385961   5288861 
7     255379   40.47383060109289    72.01679193364902    0.0017793421295711105   0.40272301168067853   13089289 102847   183      0.9317075809249895   0.028615342285098003 1.7672201602033615   7406711 
round 7, total revenue = 18240428
8     311776   74.36030555555557    49.75551321964593    0.000669113888759816    0.3451356101816689    5086058  107605   72       0.610493778006644    0.022718352578749983 0.9499650911421902   5353942 
8     255379   40.06386413043479    71.84662391329773    0.0017933024053643134   0.4017714847344535    13236249 102604   184      0.9334646987755189   0.02861268659333855  1.7955366370893429   7371751 
round 8, total revenue = 18322307
9     311776   74.18183561643836    49.88369350946038    0.0006724515926969914   0.3481922919018783    5169726  108558   73       0.6124105205071196   0.022718257030072683 0.9546564033509661   5415274 
9     255379   39.90361956521739    71.68851482635058    0.001796541657309679    0.40104707121572253   13265734 102419   184      0.9352076379723497   0.02860995112586972  1.8067629257779547   7342266 
round 9, total revenue = 18435460
10    311776   75.02719178082192    50.02589443109889    0.0006667701834988081   0.35115916555475724   5108015  109483   73       0.6143325649793009   0.022718160994555966 0.9326326436899134   5476985 
10    255379   39.5409027027027     71.53260253075433    0.0018090786411374704   0.40043229866198865   13404933 102262   185      0.9368945280453032   0.028607140126266042 1.832509941467385    7315067 
round 10, total revenue = 18512948
11    311776   75.86117808219178    50.16682821657955    0.0006612977742347516   0.35406509801909064   5047134  110389   73       0.6162471747317595   0.02271806446089301  0.9113860826534986   5537866 
11    255379   39.18393010752688    71.37607482127117    0.0018215649789442758   0.3998371048520043    13543789 102110   186      0.9385203593266445   0.028604257091855382 1.8583146124611376   7288211 
round 11, total revenue = 18590923
12    311776   76.66934246575342    50.298021101065835   0.0006560382479285368   0.3569036744329262    4988138  111274   73       0.6181520575586832   0.02271796742079014  0.891238340341427    5596862 
12    255379   39.05712365591398    71.2392743319441     0.0018239764648198089   0.39930847877076814   13567375 101975   186      0.940094947807396    0.028601304905354084 1.8675946796978509   7264625 
round 12, total revenue = 18555513
13    311776   77.48298630136986    50.42711314379452    0.0006508153021833516   0.35976791029457045   4928742  112167   73       0.6200439445752608   0.022717869868553384 0.8713785686579361   5656258 
13    255379   38.94319892473118    71.11097475972159    0.0018260178085822837   0.3988620834132799    13588565 101861   186      0.9416495530747863   0.028598285942696304 1.8759835630470902   7243435 
round 13, total revenue = 18517307
14    311776   78.23028767123287    50.54709683129757    0.0006461320587714639   0.3623755516781279    4874189  112980   73       0.6219281975498712   0.022717771800724235 0.8535020682701634   5710811 
14    255379   38.650021390374334   71.00037329561083    0.001837007348029392    0.39860755974453654   13716446 101796   187      0.943124133059437    0.028595202161698426 1.8977991724447856   7227554 
round 14, total revenue = 18590635
15    311776   79.02389041095891    50.67814567209284    0.0006413015786560779   0.36510507543877657   4816256  113831   73       0.6238015276654791   0.022717673215753638 0.8348881489627552   5768744 
15    255379   38.367138297872344   70.89940630651883    0.0018479201069434615   0.3983726148195427    13842978 101736   188      0.9445477475313798   0.02859205517519734  1.91916481053295     7213022 
round 15, total revenue = 18659234
16    311776   78.69374324324325    50.790083293358336   0.0006454145043827134   0.36774799856307094   4906663  114655   74       0.6256619815640876   0.02271757411370837  0.8425861323155435   5823337 
16    255379   38.086925925925925   70.80120191598391    0.001858937160055473    0.3981180911507994    13969571 101671   189      0.9459222635623536   0.028588846311541866 1.9406416316671318   7198429 
round 16, total revenue = 18876234
17    311776   79.42536486486487    50.902230959763045   0.0006408812983908683   0.37034922508467616   4852523  115466   74       0.6275093399912278   0.02271747449600615  0.8256132690948854   5877477 
17    255379   38.21514893617021    70.70402409140563    0.0018501569681044748   0.39789097772330534   13871552 101613   188      0.9472370702694077   0.028585576664734425 1.930774918267903    7184448 
round 17, total revenue = 18724075
18    311776   79.04033333333334    51.001221684031215   0.0006452556502886444   0.37280932464333366   4946975  116233   75       0.6293587115730382   0.022717374365177633 0.8345064334242855   5928025 
18    255379   38.152957446808514   70.59382319941736    0.001850284432021731    0.3978635674820561    13883244 101606   188      0.9485058656739119   0.028582247136069765 1.9355522479783225   7172756 
round 18, total revenue = 18830219
19    311776   78.67361842105262    51.09767978464299    0.0006494893817032005   0.37531753566663245   5040805  117015   76       0.6312005288417792   0.022717273724653753 0.8430574684384771   5979195 
19    255379   38.07398404255319    70.49904463617382    0.00185163298270496     0.39757380207456366   13898091 101532   188      0.9497238064808611   0.028578858468763787 1.9416411971708498   7157909 
round 19, total revenue = 18938896
20    311776   79.3333552631579     51.19497843290426    0.0006453146758142852   0.3777455609155291    4990665  117772   76       0.6330245267018556   0.022717172578577124 0.8277305872040615   6029335 
20    255379   38.044632978723406   70.44053457818748    0.0018515235675313675   0.39759729656706305   13903609 101538   188      0.9508840159507821   0.02857541127678811  1.943910644706085    7152391 
round 20, total revenue = 18894274
