Max revenue's round: 20
This round's info:
round bids     cpc                  cpm                  ctr                     winrate               revenue  imps     clks     auc                  rmse                 roi                  cost    
20    261017   84.68467123287672    75.669311931846      0.0008935420168752959   0.9389886482489647    4668057  245092   219      0.6732608418298125   0.030119817834688586 0.2517023264872538   18545943
20    240812   110.48631325301206   81.8629007061176     0.0007409325037269798   0.9303606132584755    85272    224042   166      0.5707478992223638   0.027302266978477256 0.004649324716009092 18340728
round 20, total revenue = 4753329


all rounds' info:
round bids     cpc                  cpm                  ctr                     winrate               revenue  imps     clks     auc                  rmse                 roi                  cost    
1     261017   89.99138983050848    81.4011536766256     0.000904543799467239    0.9995709091744982    3778032  260905   236      0.6372085116682424   0.03227864374522348  0.17789046485049795  21237968
1     240812   116.07970454545455   84.90683534413611    0.0007314528898623123   0.9991902396890521    -894028  240617   176      0.5477977795395232   0.03140709972307425  -0.04376048823819527 20430028
round 1, total revenue = 2884004
2     261017   88.64356779661017    80.61363040831111    0.0009094131972810087   0.9942187673599804    4096118  259508   236      0.6407126045563656   0.030863670025134245 0.1958002439975522   20919882
2     240812   114.94559090909091   84.50787205868224    0.0007351989005434623   0.9940991312725279    -694424  239391   176      0.5494760499260294   0.028864476356711948 -0.034325726440533326 20230424
round 2, total revenue = 3401694
3     261017   88.24818103448276    79.55229250854833    0.0009014609884986012   0.9859894183137496    4118422  257360   232      0.6439226329203172   0.030509957989454366 0.20115790215076232  20473578
3     240812   114.06297714285714   84.07861959740363    0.0007371245403501973   0.9858686444197133    -536021  237409   175      0.5509102936876369   0.028159231859262692 -0.0268533859064624  19961021
round 3, total revenue = 3582401
4     261017   87.37721304347826    78.6870803168351     0.0009005446337328358   0.9784841600355533    4283241  255401   230      0.6468922979012393   0.030362870088548263 0.21313093320171675  20096759
4     240812   113.11851149425287   83.67892065165636    0.0007397455955377185   0.9767619553842831    -368621  235216   174      0.5522406697063389   0.027848926100788936 -0.018728247625151143 19682621
round 4, total revenue = 3914620
5     261017   87.06423788546256    77.94655160853944    0.0008952763327588315   0.9714041614147737    4298418  253553   227      0.6496053835418367   0.030285875566484738 0.21749184940260324  19763582
5     240812   111.7452643678161    83.34194599228461    0.0007458208315473639   0.9688055412520971    -129676  233300   174      0.5535594996176798   0.027680319778025972 -0.006669314999900224 19443676
round 5, total revenue = 4168742
6     261017   86.64604444444444    77.3671448697343     0.0008929102922793023   0.9653968898577487    4354640  251985   225      0.6520862137780522   0.03023983881222525  0.22336802192932062  19495360
6     240812   111.87431395348837   83.07271416421668    0.0007425539538839458   0.9618831287477368    -150382  231633   172      0.5548413772631315   0.02757684912531706  -0.007815144715451548 19242382
round 6, total revenue = 4204258
7     261017   86.46629596412556    76.92516127487941    0.0008896548697633039   0.9603167609772544    4356016  250659   223      0.6543627034542068   0.030209811868295338 0.22591119254118247  19281984
7     240812   111.55232748538012   82.86719405021005    0.0007428549087070415   0.9559033602976595    -94448   230193   171      0.5560911430353503   0.027508133813547078 -0.0049512860720230525 19075448
round 7, total revenue = 4261568
8     261017   86.0767927927928     76.57862824854229    0.0008896547578496003   0.9560105280498972    4422952  249535   222      0.6564649934528479   0.030188987192463195 0.23145852163854527  19109048
8     240812   111.97445562130179   82.66216015515795    0.000738223371540397    0.9506502998189459    -164683  228928   169      0.557320531935069    0.027459913609593014 -0.008702481435564102 18923683
round 8, total revenue = 4258269
9     261017   85.83140271493214    76.30317340917227    0.0008889890063033746   0.9524168923863197    4457260  248597   221      0.6584278717144245   0.03017386836111052  0.23497923425593897  18968740
9     240812   112.58552095808383   82.48964370483792    0.0007326843008129725   0.9465018354567049    -264782  227929   167      0.5585161325328788   0.027424676274686453 -0.014082814065177439 18801782
round 9, total revenue = 4192478
10    261017   85.31548868778282    76.08785643376567    0.0008918410666580576   0.949371113758874     4571277  247802   221      0.6602550916318576   0.030162494587104936 0.2424473167810527   18854723
10    240812   112.68286144578313   82.3444048247931     0.0007307624581792569   0.9433084729996845    -279355  227160   166      0.5596875547790778   0.027398115206341226 -0.014934493357650791 18705355
round 10, total revenue = 4291922
11    261017   85.35962727272728    75.96054558251288    0.0008898884403491598   0.9471490362696683    4540882  247222   220      0.6619766316031523   0.03015368978261023  0.2418048600578579   18779118
11    240812   112.19451204819278   82.23152424432415    0.0007329371351871639   0.9405096091556899    -198289  226486   166      0.5608479975980318   0.027377596340850983 -0.010646795697811604 18624289
round 11, total revenue = 4342593
12    261017   85.06873636363636    75.85940464030352    0.0008917424647761727   0.9451798158740619    4604878  246708   220      0.6636196590437369   0.030146710010178497 0.24605118791103792  18715122
12    240812   112.48160606060607   82.14260739481814    0.000730275911517115    0.9382505855189941    -244465  225942   165      0.5619901649832489   0.027361423988533844 -0.013171985291601886 18559465
round 12, total revenue = 4360413
13    261017   84.82353636363636    75.77497147451385    0.0008933248332121931   0.9435055954209879    4658822  246271   220      0.6651910308012847   0.030141063981794593 0.2496531569443258   18661178
13    240812   112.19384242424242   82.08613908362489    0.000731645670653027    0.9364940285367839    -196984  225519   165      0.5631055803446624   0.027348460423771738 -0.010640890787286765 18511984
round 13, total revenue = 4461838
14    261017   84.65684090909092    75.72291385451057    0.0008944689294020069   0.9422987774742642    4695495  245956   220      0.6666707612771259   0.030136415521508142 0.2521138145684946   18624505
14    240812   112.59958536585367   82.02628738445411    0.0007284777036961359   0.9348662026809296    -262332  225127   164      0.5642266152838916   0.02733791588357846  -0.014205961422116747 18466332
round 14, total revenue = 4433163
15    261017   84.91344292237443    75.68412655775602    0.0008913091255402798   0.9413409854530548    4617956  245706   219      0.6680719954707108   0.03013252765420268  0.24833002115933905  18596044
15    240812   112.40158536585366   81.9818281277101     0.0007293654076218685   0.9337283856286231    -229860  224853   164      0.5653572365617476   0.027329226429537744 -0.012469444815139097 18433860
round 15, total revenue = 4388096
16    261017   84.82956621004567    75.66757088103878    0.000891995258984103    0.9406168946850205    4636325  245517   219      0.6693293171054171   0.03012922908612593  0.24956432922849603  18577675
16    240812   111.56968484848485   81.94961671667305    0.0007345150864947159   0.9328355729780908    -93998   224638   165      0.5664546362178107   0.027321979727851567 -0.005106089967525663 18408998
round 16, total revenue = 4542327
17    261017   84.76221461187214    75.65587300293447    0.0008925660254320183   0.940015401295701     4651075  245360   219      0.6704794151908358   0.030126393326733204 0.25055722629919586  18562925
17    240812   111.43164848484848   81.91751318790989    0.000735136869118905    0.932046575752039     -71222   224448   165      0.5675476204913041   0.02731586822567213  -0.003873661484126538 18386222
round 17, total revenue = 4579853
18    261017   84.72442009132419    75.6545146887933     0.0008929481560008971   0.9396131286467931    4659352  245255   219      0.671502482861293    0.03012392524752266  0.25111508447910197  18554648
18    240812   111.31461212121212   81.8931375652647     0.0007356908136740399   0.9313447834825507    -51911   224279   165      0.5686267447136301   0.02731065863539229  -0.00282633263699051 18366911
round 18, total revenue = 4607441
19    261017   84.69670319634704    75.66154059522256    0.0008933233259365618   0.9392185183340549    4665422  245152   219      0.6724296034096796   0.03012175217487904  0.25152451039643037  18548578
19    240812   110.54946385542168   81.87424321514774    0.0007406118524665498   0.9307634171054598    74789    224139   166      0.5696989743278796   0.02730617147169704  0.004075425866990467 18351211
round 19, total revenue = 4740211
20    261017   84.68467123287672    75.669311931846      0.0008935420168752959   0.9389886482489647    4668057  245092   219      0.6732608418298125   0.030119817834688586 0.2517023264872538   18545943
20    240812   110.48631325301206   81.8629007061176     0.0007409325037269798   0.9303606132584755    85272    224042   166      0.5707478992223638   0.027302266978477256 0.004649324716009092 18340728
round 20, total revenue = 4753329
