Max revenue's round: 20
This round's info:
round bids     cpc                  cpm                  ctr                     winrate               revenue  imps     clks     auc                  rmse                 roi                  cost    
20    261017   52.28260869565218    56.57847273411647    0.0010821662144571134   0.48855821651463316   7413000  127522   138      0.7190596203880144   0.030012344378018408 1.0274428274428273   7215000 
20    240812   46.48896226415094    61.623551479783245   0.0013255523134639434   0.4981064066574755    10257255 119950   159      0.9350464757974701   0.0267812843166281   1.3876635354709883   7391745 
round 20, total revenue = 17670255


all rounds' info:
round bids     cpc                  cpm                  ctr                     winrate               revenue  imps     clks     auc                  rmse                 roi                  cost    
1     261017   63.20673684210526    56.26310787476408    0.0008901441631975585   0.5724301482278932    5691504  149414   133      0.6523060634876501   0.03004825566888117  0.6770364251645394   8406496 
1     240812   94.13633             66.5119300799107     0.0007065490027060826   0.5877323389199873    1686367  141533   100      0.6032037708972737   0.027031172016088643 0.17914093315513788  9413633 
round 1, total revenue = 7377871
2     261017   58.545798507462685   55.09457561414104    0.0009410508869755748   0.5455353482723347    6358863  142394   134      0.6675769131953632   0.030044566728097636 0.8105483690087247   7845137 
2     240812   77.75834545454546    63.497876826226396   0.0008166052975412757   0.5593741175688919    3656582  134704   110      0.6626053056936996   0.027020662308132447 0.4274995095527893   8553418 
round 2, total revenue = 10015445
3     261017   59.682492537313436   55.76286266115368    0.0009343252986006038   0.549462295559293     6206546  143419   134      0.6766232400730556   0.030041231116361266 0.776065232760326    7997454 
3     240812   70.72004201680673    62.57387056479196    0.0008848109924753889   0.5584937627692972    4793315  134492   119      0.719866277187423    0.02701292411270336  0.5695692032199399   8415685 
round 3, total revenue = 10999861
4     261017   59.64930147058824    56.26394928667041    0.0009432457363212029   0.5523893079761089    6303695  144183   136      0.6830718940803567   0.030038240573433034 0.7770535008237486   8112305 
4     240812   68.14234677419354    62.33236695731716    0.0009147376030924033   0.562920452469146     5314349  135558   124      0.7693257635258989   0.02700498975197212  0.6289430178832238   8449651 
round 4, total revenue = 11618044
5     261017   59.933882352941175   56.5135650449626     0.0009429318246424139   0.552573204044181     6264992  144231   136      0.6883931003473984   0.03003553020276543  0.7686156117132997   8151008 
5     240812   65.25178461538462    62.17006244320014    0.000952771833133007    0.5665996711127352    5947268  136444   130      0.808165286706138    0.026996454628030683 0.7011028993960908   8482732 
round 5, total revenue = 12212260
6     261017   59.131188405797104   56.69061629417609    0.0009587261447398587   0.5514621652995781    6467896  143941   138      0.6929266303000263   0.03003303236053907  0.7926242116522044   8160104 
6     240812   62.48647794117647    62.11742734343021    0.000994093912636688    0.5681112236931715    6597839  136808   136      0.8369363681509152   0.026987165022947627 0.7763843259735842   8498161 
round 6, total revenue = 13065735
7     261017   58.88065942028986    56.734611087836896   0.0009635525764558023   0.5486998931104105    6502469  143220   138      0.6967146161799898   0.030030705451125888 0.8002515774046028   8125531 
7     240812   59.40850349650349    62.118249221274915   0.0010456120852283528   0.5679202033121273    7377584  136762   143      0.8580716239276522   0.026977045620621278 0.8684193922934439   8495416 
round 7, total revenue = 13880053
8     261017   57.695307142857146   56.76836090690581    0.0009839337672012706   0.5451215821191723    6762657  142286   140      0.6999250020099337   0.030028527509392937 0.8372378144644842   8077343 
8     240812   58.39742068965517    62.10987801926166    0.001063572282572818    0.5661387306280418    7627374  136333   145      0.873804694548084    0.026966065349180765 0.9007688813842274   8467626 
round 8, total revenue = 14390031
9     261017   57.69469784172662    56.77486336476652    0.0009840568629116756   0.5411601543194504    6714437  141252   139      0.7027068998540824   0.030026488290039226 0.8372572171326542   8019563 
9     240812   56.88670945945946    62.10705960460313    0.0010917674830333431   0.5629287577031045    8008767  135560   148      0.8857535934130614   0.026954223554124083 0.9512466278103956   8419233 
round 9, total revenue = 14723204
10    261017   56.40338297872341    56.766527716312865   0.0010064383502976489   0.5367389863495481    6993123  140098   141      0.705162333756378    0.03002458378574201  0.8793198989497762   7952877 
10    240812   55.41223841059603    62.132875908723      0.0011212843532565514   0.5592204707406607    8393752  134667   151      0.8949319459681844   0.026941542330608644 1.0031675886743168   8367248 
round 10, total revenue = 15386875
11    261017   56.32742142857143    56.76450814125912    0.001007759750075582    0.5322335326817793    6954161  138922   140      0.707329747559466    0.03002281271822588  0.8818542960362239   7885839 
11    240812   53.535658064516134   62.13842190787848    0.0011606922218644461   0.5545446240220587    8906973  133541   155      0.902290098379446    0.02692806125870637  1.0733844322270825   8298027 
round 11, total revenue = 15861134
12    261017   55.825385714285716   56.77061647865533    0.0010169319164081965   0.5274330790714781    7024446  137669   140      0.709301611216217    0.030021174352171248 0.8987777449941489   7815554 
12    240812   52.948               62.0895906308869     0.0011726522367395728   0.5488887596963606    8998060  132179   155      0.9083964544147404   0.02691383316290468  1.0963964644556923   8206940 
round 12, total revenue = 16022506
13    261017   55.324442857142856   56.772132228981896   0.001026167265264238    0.5226862618143646    7094578  136430   140      0.7110432830222697   0.030019667194353544 0.915970491988687    7745422 
13    240812   51.36121518987342    62.07505545781382    0.001208597873479691    0.5428716176934705    9422928  130730   158      0.9134867293905997   0.026898920416004005 1.161163819618606    8115072 
round 13, total revenue = 16517506
14    261017   55.197661870503595   56.75957092657666    0.0010282966524875162   0.5178781458678937    7061525  135175   139      0.7125852450777095   0.030018288301178236 0.9203711970387652   7672475 
14    240812   50.77074683544304    62.036208123240634   0.001221888823584001    0.5369665963490191    9516222  129308   158      0.9179155706128758   0.026883391661511224 1.1862983493185675   8021778 
round 14, total revenue = 16577747
15    261017   54.64425179856115    56.734023005676725   0.0010382432028682401   0.5129167831980292    7138449  133880   139      0.7139994780346571   0.03001703301168956  0.9398197708105706   7595551 
15    240812   50.09762025316456    61.977246212269506   0.0012371295462553342   0.5303514775011212    9622576  127715   158      0.9217243929533706   0.02686731894763146  1.2156741066555625   7915424 
round 15, total revenue = 16761025
16    261017   54.111690647482014   56.73496865877667    0.0010484789512193282   0.5079094465111468    7212475  132573   139      0.7152638190015793   0.030015894975411548 0.9589112580228079   7521525 
16    240812   49.09388050314465    61.910527902033564   0.0012610640525364044   0.5235785592080129    9843073  126084   159      0.9250788558992911   0.0268507752884437   1.2609742571253868   7805927 
round 16, total revenue = 17055548
17    261017   53.93842753623189    56.7011715774399     0.0010512203296870715   0.5029404215051126    7184497  131276   138      0.7163941427182325   0.030014866374687185 0.9652037488263254   7443503 
17    240812   48.42937735849057    61.850063052715285   0.0012771186917163993   0.5169966612959487    9948729  124499   159      0.928022263256159    0.026833832656561897 1.2919972556810013   7700271 
round 17, total revenue = 17133226
18    261017   53.386514492753626   56.66312105829872    0.0010613751730503      0.49812847439055696   7260661  130020   138      0.7173874594690435   0.030013938261397314 0.9855201450618738   7367339 
18    240812   47.44459375          61.77279311242758    0.0013019985678015755   0.5103067953424248    10168865 122888   160      0.9306186734887396   0.026816560393249252 1.3395710918064294   7591135 
round 18, total revenue = 17429526
19    261017   52.83379710144927    56.62962330097088    0.0010718446601941747   0.49326289092281345   7336936  128750   138      0.7182663708538088   0.030013100944272616 1.0062915371473904   7291064 
19    240812   46.81985             61.69639268654258    0.0013177400757700543   0.5042107536169294    10268824 121420   160      0.9329505385538928   0.026799024006414294 1.3707893126526463   7491176 
round 19, total revenue = 17605760
20    261017   52.28260869565218    56.57847273411647    0.0010821662144571134   0.48855821651463316   7413000  127522   138      0.7190596203880144   0.030012344378018408 1.0274428274428273   7215000 
20    240812   46.48896226415094    61.623551479783245   0.0013255523134639434   0.4981064066574755    10257255 119950   159      0.9350464757974701   0.0267812843166281   1.3876635354709883   7391745 
round 20, total revenue = 17670255
