Max revenue's round: 20
This round's info:
round bids     cpc                  cpm                  ctr                     winrate               revenue  imps     clks     auc                  rmse                 roi                  cost    
20    261017   49.277865079365085   55.81384331880084    0.0011326351746145894   0.42619829359773503   7146989  111245   126      0.6849804517108306   0.03119735868800534  1.1510672150524455   6209011 
20    240812   50.77425384615385    57.57170020322544    0.0011338758493166217   0.4761016892845871    7829347  114651   130      0.8131238456976394   0.02687172450070905  1.1861473402707277   6600653 
round 20, total revenue = 14976336


all rounds' info:
round bids     cpc                  cpm                  ctr                     winrate               revenue  imps     clks     auc                  rmse                 roi                  cost    
1     261017   51.098931297709925   55.958803908947274   0.0010951071282278492   0.4582958198125026    7192040  119623   131      0.6820797674267167   0.03120461721578788  1.0744073762018298   6693960 
1     240812   50.26529166666666    55.66169278186885    0.0011073583965450417   0.4500024915701875    7288165  108366   120      0.7701029588728487   0.026901571911128262 1.208283217296229    6031835 
round 1, total revenue = 14480205
2     261017   50.6782196969697     56.02523408318119    0.0011055091204502437   0.45744913166575357   7302475  119402   132      0.6823234273729586   0.031204058752128897 1.0916283293656874   6689525 
2     240812   50.399165289256196   55.874394143463164   0.001108637292359565    0.4532290749630417    7332701  109143   121      0.7727448753576075   0.026900010881652142 1.20241742820416     6098299 
round 2, total revenue = 14635176
3     261017   50.606090909090916   56.067112629361354   0.001107912340632685    0.4564568591317807    7311996  119143   132      0.6825569962302038   0.031203534727196905 1.0946095241859137   6680004 
3     240812   50.90090909090909    56.06133148859478    0.0011013817334474159   0.4562148065711011    7271990  109862   121      0.7753417447382216   0.026898458886074606 1.180707613723634    6159010 
round 3, total revenue = 14583986
4     261017   50.89363358778626    56.09741855142703    0.0011022482498653742   0.45532666454675363   7218934  118848   131      0.6827690444490665   0.03120304125155769  1.0827752417630183   6667066 
4     240812   51.321603305785125   56.231903218211784   0.0010956770559791369   0.4585901034832151    7221086  110434   121      0.777900572231203    0.02689691346028559  1.1628318846283539   6209914 
round 4, total revenue = 14440020
5     261017   50.73361832061069    56.103730341631426   0.0011058491824313488   0.4538440024979216    7239896  118461   131      0.682956534175631    0.031202574832379516 1.0893443737865072   6646104 
5     240812   50.86602439024391    56.37368786210501    0.0011082778443545409   0.46086989020480706   7396479  110983   123      0.780412595379288    0.026895372330008667 1.1822031764937735   6256521 
round 5, total revenue = 14636375
6     261017   50.57106870229008    56.11107346738265    0.0011095488963799908   0.4523306911044108    7261190  118066   131      0.6831333462968486   0.031202132349845    1.0960601134221208   6624810 
6     240812   51.200097560975614   56.495519013913935   0.0011034260031757138   0.4628963672906666    7355388  111471   123      0.7828893549798481   0.02689383340868974  1.1679646189698571   6297612 
round 6, total revenue = 14616578
7     261017   50.41529770992367    56.12839732803019    0.0011133207553583873   0.45079822387047586   7281596  117666   131      0.6832993755405538   0.031201711029983144 1.10253642872241     6604404 
7     240812   51.51435772357724    56.61373647483493    0.0010989894657839011   0.4647650449313157    7316734  111921   123      0.7853055135209583   0.026892294791611097 1.1547390845018186   6336266 
round 7, total revenue = 14598330
8     261017   50.60719230769231    56.12515889062353    0.0011090352246649433   0.44908569173655355   7201065  117219   130      0.6834530729020273   0.031201308415908523 1.094563937780203    6578935 
8     240812   51.793414634146345   56.73589526650933    0.0010954268156922117   0.46627659751175193   7282410  112285   123      0.7876524272778382   0.026890754747565932 1.143129600241108    6370590 
round 8, total revenue = 14483475
9     261017   50.42829230769231    56.1220946657421     0.0011129088870055045   0.4475225751579399    7224322  116811   130      0.6835998223005848   0.031200922338863485 1.101994637320503    6555678 
9     240812   52.03854471544716    56.83636573519096    0.0010921974479874265   0.46765526634885307   7252259  112617   123      0.7899526554223048   0.026889211709055987 1.1330342846242334   6400741 
round 9, total revenue = 14476581
10    261017   50.198646153846155   56.10330301415086    0.0011176258188758403   0.44563380929211505   7254176  116318   130      0.6837519105018159   0.03120055089001135  1.1116107329894278   6525824 
10    240812   51.840870967741935   56.92359733635591    0.0010980447718900539   0.46894673022939054   7335732  112928   124      0.7922047256715659   0.026887664261698474 1.1411677297835126   6428268 
round 10, total revenue = 14589908
11    261017   49.961400000000005   56.07388477842336    0.0011223441452485993   0.44376036809862957   7285018  115829   130      0.683884087224907    0.031200192393594443 1.1216379044622449   6494982 
11    240812   52.052056451612906   57.013117215793656   0.001095309601625298    0.4701177682175307    7309545  113210   124      0.7944738933984146   0.026886111133327405 1.1324805889885359   6454455 
round 11, total revenue = 14594563
12    261017   50.090666666666664   56.0317719082222     0.0011186070307486863   0.441817965879617     7212304  115322   129      0.6840130305886323   0.031199845381826886 1.1161626916524703   6461696 
12    240812   51.854624            57.11817837347221    0.0011015059789744538   0.4712431274188994    7393172  113481   125      0.7966834336721761   0.026884551183128044 1.1405998431306723   6481828 
round 12, total revenue = 14605476
13    261017   50.619188976377956   56.00150704740666    0.0011063295991079673   0.43979510913082287   7033363  114794   127      0.6841426507019924   0.03119950857171668  1.094067529400089    6428637 
13    240812   51.61669841269841    57.19402355051753    0.0011080527292394008   0.4722065345580785    7482296  113713   126      0.7988653092773408   0.026882983391037403 1.1504668724160878   6503704 
round 13, total revenue = 14515659
14    261017   50.35712598425197    55.96362347629007    0.0011113347392738696   0.437814395230962     7066645  114277   127      0.6842670072070829   0.031199180843887855 1.1049652443062192   6395355 
14    240812   51.761380952380954   57.26822029433458    0.0011063889571845036   0.4729166320615252    7464066  113884   126      0.8010001430726423   0.02688140684756676  1.144455923657001    6521934 
round 14, total revenue = 14530711
15    261017   50.131787401574805   55.95016389408839    0.0011160616206620795   0.4359601098779007    7095263  113793   127      0.6843931683778657   0.031198861223389    1.1144269034514855   6366737 
15    240812   51.87234920634921    57.32304265078627    0.0011050789780650593   0.47347723535371994   7450084  114019   126      0.8031245284094181   0.02687982074414677  1.1398683826413927   6535916 
round 15, total revenue = 14545347
16    261017   49.88766929133859    55.92491835113426    0.0011210168593874129   0.4340330323312275    7126266  113290   127      0.6845136598905981   0.031198548862417696 1.1247735463641624   6335734 
16    240812   51.99747619047619    57.37878668453273    0.001103491763222196    0.47415826453831206   7434318  114183   126      0.8052084734623995   0.02687822436405473  1.1347189927716272   6551682 
round 16, total revenue = 14560584
17    261017   49.644393700787404   55.908327495544064   0.0011261760559008965   0.4320446560951969    7157162  112771   127      0.6846340912478075   0.031198243024855566 1.1351857097676419   6304838 
17    240812   51.68630708661417    57.428225227905024   0.0011110916694371052   0.4746524259588393    7532839  114302   127      0.8072548040646879   0.026876617073954372 1.1475707253371756   6564161 
round 17, total revenue = 14690001
18    261017   49.38520472440945    55.87457461024499    0.001131403118040089    0.4300486175229966    7190079  112250   127      0.6847504320294473   0.031197943072487452 1.146391831147108    6271921 
18    240812   51.387625            57.480564876957494   0.0011185682326621924   0.4751922661661379    7630384  114432   128      0.809261762975531    0.02687499831605716  1.1600531256309277   6577616 
round 18, total revenue = 14820463
19    261017   49.15100787401575    55.85141906159407    0.0011363229662503132   0.42818666983376563   7219822  111764   127      0.6848652087674871   0.03119764845276917  1.1566190518758037   6242178 
19    240812   51.089651162790695   57.53037762530771    0.0011260671450269732   0.47571549590551965   7728435  114558   129      0.8112319860560572   0.026873367600898104 1.1726513584191947   6590565 
round 19, total revenue = 14948257
20    261017   49.277865079365085   55.81384331880084    0.0011326351746145894   0.42619829359773503   7146989  111245   126      0.6849804517108306   0.03119735868800534  1.1510672150524455   6209011 
20    240812   50.77425384615385    57.57170020322544    0.0011338758493166217   0.4761016892845871    7829347  114651   130      0.8131238456976394   0.02687172450070905  1.1861473402707277   6600653 
round 20, total revenue = 14976336
