Max revenue's round: 15
This round's info:
round bids     cpc                  cpm                  ctr                     winrate               revenue  imps     clks     auc                  rmse                 roi                  cost    
15    261017   47.2013870967742     45.13256839702662    0.0009561703833934795   0.24842060095702578   3645514  64842    62       0.7035791703554862   0.02659513653933673  1.2456967161298567   2926486 
15    240812   40.3319900990099     52.133189142147764   0.0012926014564162945   0.32447303290533697   7137469  78137    101      0.8244612630987189   0.025309696428975167 1.7521577717218797   4073531 
round 15, total revenue = 10782983


all rounds' info:
round bids     cpc                  cpm                  ctr                     winrate               revenue  imps     clks     auc                  rmse                 roi                  cost    
1     261017   43.4382131147541     43.90679215894215    0.0010107872541384282   0.2312071627518514    3816269  60349    61       0.6989848493137968   0.02659692115143175  1.4402477081635834   2649731 
1     240812   41.675326086956524   51.309182881460266   0.001231164521050237    0.3103084563892165    6377870  74726    92       0.8004486106380558   0.02532201961266632  1.6634464663430817   3834130 
round 1, total revenue = 10194139
2     261017   43.89336065573771    44.032677158879736   0.0010031739766803165   0.23296183773470694   3788505  60807    61       0.6993387065755486   0.026596746357947905 1.414943818755964    2677495 
2     240812   41.942521739130434   51.41179135300779    0.0012257677703017787   0.31167466737537997   6353288  75055    92       0.8023135859134007   0.025321140814556428 1.6464789287202568   3858712 
round 2, total revenue = 10141793
3     261017   44.2957868852459     44.1510294117647     0.0009967320261437909   0.23446748679204804   3763957  61200    61       0.6996850411324096   0.02659658166551987  1.3930041083728126   2702043 
3     240812   42.18496739130435    51.47851865607301    0.0012203048109190751   0.313069946680398     6330983  75391    92       0.8041560958060107   0.02532026587430729  1.6312690719983962   3881017 
round 3, total revenue = 10094940
4     261017   44.67818032786885    44.25306076056246    0.000990484850453025    0.23594631767279525   3740631  61586    61       0.7000275832512675   0.026596426117662136 1.372522766641875    2725369 
4     240812   42.42889130434782    51.558705041672724   0.0012151791728856542   0.31439047887979005   6308542  75709    92       0.8059654169828375   0.025319393475749255 1.6161418926500555   3903458 
round 4, total revenue = 10049173
5     261017   45.012131147540984   44.326881164941966   0.000984776326622863    0.2373140446790822    3720260  61943    61       0.7003604059525113   0.02659627886927098  1.3549207135417045   2745740 
5     240812   42.19698924731183    51.637148346009106   0.0012237164135898313   0.31559058518678473   6398680  75998    93       0.807766936934872    0.025318522427094585 1.630519427569617    3924320 
round 5, total revenue = 10118940
6     261017   45.361000000000004   44.431578778341574   0.0009795105658680712   0.23858982365133305   3698979  62276    61       0.700696026353921    0.026596139175559984 1.3368091532373625   2767021 
6     240812   42.40729032258064    51.69858165325223    0.0012190965576907953   0.31678653887680014   6379122  76286    93       0.8095357507211106   0.02531765165270042  1.6174744756303314   3943878 
round 6, total revenue = 10078101
7     261017   45.76196721311475    44.56954911227488    0.0009739430323157492   0.23995371948953517   3674520  62632    61       0.7010369727474991   0.02659600638162099  1.3163339877054465   2791480 
7     240812   42.12953191489362    51.737249163879596   0.001228051839464883    0.317857914057439     6473824  76544    94       0.8112831982662514   0.025316780184601425 1.6347313856757881   3960176 
round 7, total revenue = 10148344
8     261017   45.34967741935484    44.64755855498213    0.000984517665740373    0.24126781014263438   3760320  62975    62       0.7013699819620873   0.02659587991272427  1.3373925909065043   2811680 
8     240812   41.855926315789475   51.78839541547278    0.0012373013805678562   0.318837931664535     6568687  76780    95       0.8130039983287685   0.025315907154065762 1.6519542098421327   3976313 
round 8, total revenue = 10329007
9     261017   45.64629032258065    44.72227050773534    0.0009797569570645216   0.24244014757659463   3741930  63281    62       0.7016958207747681   0.026595759265411367 1.3222040444229295   2830070 
9     240812   41.57261458333333    51.841564480931105   0.0012470123662059649   0.31968506552829595   6665029  76984    96       0.8147098125333512   0.02531503178335783  1.6700269182612453   3990971 
round 9, total revenue = 10406959
10    261017   45.95637096774193    44.81714798036995    0.0009752107713602617   0.24357034216162166   3722705  63576    62       0.70201981517771     0.026595643999391586 1.306535476319581    2849295 
10    240812   41.321206185567014   51.91711461989819    0.0012564278590210226   0.32059448864674517   6758843  77203    97       0.8163951183634799   0.02531415337783501  1.6862720197836563   4008157 
round 10, total revenue = 10481548
11    261017   46.23091935483871    44.89282358100488    0.0009710562586142087   0.24461241988069743   3705683  63848    62       0.7023331783200204   0.026595533730224073 1.2928378124261901   2866317 
11    240812   40.62915151515151    51.97490599439197    0.0012792515732210003   0.3213668754048802    6966714  77389    99       0.8180528920360084   0.025313271318462338 1.732028503194452    4022286 
round 11, total revenue = 10672397
12    261017   46.4868064516129     44.94911183543613    0.000966921913257747    0.24565832876785804   3689818  64121    62       0.702644593434067    0.026595428122748854 1.2802168634735767   2882182 
12    240812   40.36296             52.016804989947936   0.0012887262230011857   0.32222646711957875   7063704  77596    100      0.8196874228841557   0.02531238505479574  1.7500460818532635   4036296 
round 12, total revenue = 10753522
13    261017   46.72001612903226    45.011048264288156   0.0009634210771669204   0.24655099093162514   3675359  64354    62       0.7029545993361783   0.026595326885218873 1.268834833174011    2896641 
13    240812   40.46951             52.04278439340552    0.0012859751549600062   0.3229158015381293    7053049  77762    100      0.8213088176493195   0.02531149409845927  1.7428056331791515   4046951 
round 13, total revenue = 10728408
14    261017   46.974241935483874   45.07805534918276    0.0009596334819217434   0.24752410762517385   3659597  64608    62       0.7032684805711122   0.02659522976407912  1.2565558406580408   2912403 
14    240812   40.61733             52.10222302038303    0.001282758443757456    0.3237255618490773    7038267  77957    100      0.822893297340466    0.02531059801712305  1.7328236494127014   4061733 
round 14, total revenue = 10697864
15    261017   47.2013870967742     45.13256839702662    0.0009561703833934795   0.24842060095702578   3645514  64842    62       0.7035791703554862   0.02659513653933673  1.2456967161298567   2926486 
15    240812   40.3319900990099     52.133189142147764   0.0012926014564162945   0.32447303290533697   7137469  78137    101      0.8244612630987189   0.025309696428975167 1.7521577717218797   4073531 
round 15, total revenue = 10782983
16    261017   47.42441935483871    45.19179871816547    0.0009529225519880731   0.24926728910377485   3631686  65063    62       0.7038869380974644   0.026595047020466125 1.2351354311138198   2940314 
16    240812   40.4300297029703     52.14446430851743    0.0012897458817520112   0.32519143564274205   7127567  78310    101      0.8260060932659212   0.025308788997671264 1.7454840081862493   4083433 
round 16, total revenue = 10759253
17    261017   47.65109677419355    45.25062414801881    0.0009496239795371349   0.2501331330909481    3617632  65289    62       0.704188012082749    0.02659496104279562  1.224502837831983    2954368 
17    240812   40.55121782178218    52.17949599959231    0.0012867553381236303   0.32594721193296017   7115327  78492    101      0.8275316482419699   0.025307875427739136 1.7372790747698852   4095673 
round 17, total revenue = 10732959
18    261017   47.885467741935486   45.32047504922988    0.0009464348410142117   0.2509759900696123    3603101  65509    62       0.7044925676504624   0.02659487846432448  1.213615215606863    2968899 
18    240812   40.64240594059406    52.20836883942766    0.0012845786963434022   0.3264995099911965    7106117  78625    101      0.8290258642771864   0.025306955460411562 1.731137525722414    4104883 
round 18, total revenue = 10709218
19    261017   48.07951612903226    45.36217548771951    0.0009434823629667956   0.251761379527004     3591070  65714    62       0.7047841087314771   0.026594799162923528 1.2046810894586588   2980930 
19    240812   40.75528712871287    52.24638895235194    0.001281953646586957    0.3271680813248509    7094716  78786    101      0.8305145041792179   0.025306028869858523 1.723573009053797    4116284 
round 19, total revenue = 10685786
20    261017   48.28975806451613    45.411958318797495   0.0009404055878293316   0.25258508066524404   3578035  65929    62       0.7050768103399682   0.02659472303387592  1.1950824408434968   2993965 
20    240812   40.46375490196078    52.28140200648561    0.001292055127685448    0.32782419480756775   7194697  78944    102      0.8319657196489127   0.02530509545978898  1.7431957382339023   4127303 
round 20, total revenue = 10772732
