Max revenue's round: 1
This round's info:
round bids     cpc                  cpm                  ctr                     winrate               revenue  imps     clks     auc                  rmse                 roi                  cost    
1     261017   51.74978518518519    57.90005801425493    0.0011188463451019394   0.462268741116479     7323779  120660   135      0.7006500080364855   0.030007651560958543 1.0483176813330126   6986221 
1     240812   55.39175163398693    64.50117206527034    0.0011644544568923526   0.5456206501337143    8508062  131392   153      0.8868814521253526   0.026916499367899454 1.0039084651710726   8474938 
round 1, total revenue = 15831841


all rounds' info:
round bids     cpc                  cpm                  ctr                     winrate               revenue  imps     clks     auc                  rmse                 roi                  cost    
1     261017   51.74978518518519    57.90005801425493    0.0011188463451019394   0.462268741116479     7323779  120660   135      0.7006500080364855   0.030007651560958543 1.0483176813330126   6986221 
1     240812   55.39175163398693    64.50117206527034    0.0011644544568923526   0.5456206501337143    8508062  131392   153      0.8868814521253526   0.026916499367899454 1.0039084651710726   8474938 
round 1, total revenue = 15831841
2     261017   52.523007407407405   58.174557984985846   0.0011076014275751733   0.4669619220204048    7219394  121885   135      0.7006247254417451   0.030007112417329774 1.0181631866162073   7090606 
2     240812   56.3941568627451     64.78874571994955    0.0011488556496666066   0.5530289188246433    8354694  133176   153      0.8875825298753757   0.02691380447724816  0.9682890245199927   8628306 
round 2, total revenue = 15574088
3     261017   53.19920740740741    58.405993575407635   0.0010978733786036678   0.4710995835520292    7128107  122965   135      0.700600888959429    0.030006616381544372 0.992510888146064    7181893 
3     240812   57.30736601307189    65.0422981343422     0.001134972738399911    0.5597935318837932    8214973  134805   153      0.8882594056621167   0.026911172894616173 0.9369237800020461   8768027 
round 3, total revenue = 15343080
4     261017   53.41434558823529    58.617511781034146   0.0010974114001678394   0.4747889984177276    7151649  123928   136      0.7005813583174765   0.030006160353610714 0.9844856064912062   7264351 
4     240812   57.794000000000004   65.30826747675758    0.0011300181243166691   0.5659227945451223    8193724  136281   154      0.8888966610640893   0.02690860273747991  0.9206145966709347   8900276 
round 4, total revenue = 15345373
5     261017   53.60552554744526    58.820358178352315   0.0010972816249379274   0.478336660064287     7178043  124854   137      0.7005668321994187   0.03000574132388839  0.9774080921225438   7343957 
5     240812   58.58701298701299    65.53880797588349    0.0011186576108669596   0.5716700164443632    8071600  137665   154      0.8895059366353406   0.02690609178302079  0.8946178400425607   9022400 
round 5, total revenue = 15249643
6     261017   53.343071942446045   59.01017102927951    0.001106238708804546    0.4813901010279024    7319313  125651   139      0.7005500150493182   0.03000535640298535  0.9871371509006381   7414687 
6     240812   58.947180645161296   65.74902313532185    0.0011153887669557083   0.5770684185173496    8068187  138965   155      0.8900939617022465   0.026903637547803477 0.8830417126847184   9136813 
round 6, total revenue = 15387500
7     261017   53.786561151079134   59.17300766935503    0.0011001448392126446   0.4840565940149492    7257668  126347   139      0.7005351964590849   0.03000500284321961  0.970752502697847    7476332 
7     240812   59.591393548387096   65.93427035670182    0.0011064394777605664   0.5817359600019932    7968334  140089   155      0.8906555653087499   0.026901237358909622 0.862685085722489    9236666 
round 7, total revenue = 15226002
8     261017   54.20703597122302    59.32288820829364    0.001094376166219206    0.4866081519594509    7199222  127013   139      0.7005195167007786   0.030004678052791937 0.9554657084787369   7534778 
8     240812   60.192503225806455   66.10436593971858    0.00109821593050773     0.5860920552131954    7875162  141138   155      0.8911972170528402   0.026898888416248767 0.8440834664010243   9329838 
round 8, total revenue = 15074384
9     261017   54.59568345323741    59.47242206235012    0.0010893246187363835   0.4888647099614201    7145200  127602   139      0.7005121561510246   0.03000437960384067  0.9415454353784525   7588800 
9     240812   60.739658064516135   66.25227475844986    0.0010907581120736367   0.5900993305981429    7790353  142103   155      0.8917086222457458   0.026896587846159403 0.827471598244735    9414647 
round 9, total revenue = 14935553
10    261017   54.95027338129497    59.61294955044955    0.0010848526473526473   0.4908799043740446    7095912  128128   139      0.7005007822330822   0.030004105235509435 0.9290167905894774   7638088 
10    240812   61.237806451612904   66.40264719050818    0.0010843407208417281   0.5935916814776673    7713140  142944   155      0.8921961796504414   0.026894332746701208 0.8126057485045081   9491860 
round 10, total revenue = 14809052
11    261017   54.857400000000005   59.73102498891715    0.0010888417057483065   0.4926000988441366    7159964  128577   140      0.7004965413865352   0.030003852853072166 0.9322826090919365   7680036 
11    240812   61.70147096774194    66.53768767306273    0.0010783808980477827   0.5968722488912512    7641272  143734   155      0.8926703728490711   0.02689212022523454  0.7989846637210929   9563728 
round 11, total revenue = 14801236
12    261017   54.72589361702128    59.828732922914696   0.0010932435994851675   0.49412107257381704   7229649  128974   141      0.7004928042420684   0.03000362052404631  0.9369258863418732   7716351 
12    240812   62.11509032258065    66.67524705849763    0.0010734146358354283   0.5996337391824328    7577161  144399   155      0.893131933803451    0.026889947429001717 0.7870053705717347   9627839 
round 12, total revenue = 14806810
13    261017   54.96014184397163    59.93147930458454    0.0010904535049186413   0.4953853580418134    7196620  129304   141      0.7004966226288062   0.03000340647209891  0.9286704226660714   7749380 
13    240812   62.47921290322581    66.7720067569897     0.0010687075533491917   0.6022748035812169    7520722  145035   155      0.8935742276338914   0.02688781156948042  0.776590882665698    9684278 
round 13, total revenue = 14717342
14    261017   54.404538461538465   60.028309529872      0.0011033695207672662   0.4965308772991798    7378151  129603   143      0.7004948028019354   0.030003209069421565 0.9483668641897806   7779849 
14    240812   62.8054064516129     66.8652027282281     0.0010646408725933966   0.604575353387705     7470162  145589   155      0.8939929334045082   0.026885709941288624 0.7673637712307076   9734838 
round 14, total revenue = 14848313
15    261017   54.571748251748254   60.107988199862895   0.001101448828844095    0.497396721286353     7354240  129829   143      0.7004975650391501   0.030003026828128054 0.9423969983700166   7803760 
15    240812   63.11507741935484    66.96032827055626    0.0010609244416457334   0.6066931880471073    7422163  146099   155      0.8944029264683437   0.026883639936395465 0.7586922893635046   9782837 
round 15, total revenue = 14776403
16    261017   54.68537062937063    60.157609699058405   0.0011000676964736291   0.4980212016841815    7337992  129992   143      0.7004943965905804   0.03000285839111601  0.9383611883773009   7820008 
16    240812   63.38201935483871    67.04071215564245    0.0010577244593663207   0.6085286447519227    7380787  146541   155      0.8948094958398124   0.02688159905434512  0.7512853192413479   9824213 
round 16, total revenue = 14718779
17    261017   54.79451048951049    60.21050892520959    0.00109884198959558     0.49857672105648293   7322385  130137   143      0.7005025370661363   0.030002702522735535 0.9345003551093309   7835615 
17    240812   63.6376064516129     67.11685775524785    0.0010546728812982683   0.6102893543511121    7341171  146965   155      0.8952003634497371   0.026879584909139248 0.744251649131387    9863829 
round 17, total revenue = 14663556
18    261017   54.884867132867136   60.25793672120324    0.0010978971047762363   0.4990058118819847    7309464  130249   143      0.7005048280981789   0.03000255809952301  0.9313155982211204   7848536 
18    240812   63.84713548387097    67.18104923018437    0.0010522171233062697   0.6117137019749846    7308694  147308   155      0.8955700986136739   0.026877595233356425 0.7385274869228983   9896306 
round 18, total revenue = 14618158
19    261017   54.19233793103449    60.28762467392972    0.0011124750652140556   0.4993544481777049    7512111  130340   145      0.7005101250942491   0.03000242410118791  0.9559960696823282   7857889 
19    240812   63.63164743589744    67.24430459493696    0.0010567745344433983   0.6130051658555221    7389463  147619   156      0.8959255959396992   0.02687562788001659  0.7444149958842645   9926537 
round 19, total revenue = 14901574
20    261017   54.260448275862075   60.33099455563224    0.0011118779234721263   0.49962262994364354   7502235  130410   145      0.7005112624860435   0.030002299601983095 0.9535408086032056   7867765 
20    240812   63.78329487179488    67.29469768700122    0.001055052076288381    0.6140059465475143    7365806  147860   156      0.8962718847138418   0.02687368082263212  0.7402675766924746   9950194 
round 20, total revenue = 14868041
