Max revenue's round: 16
This round's info:
round bids     cpc                  cpm                  ctr                     winrate               revenue  imps     clks     auc                  rmse                 roi                  cost    
16    261018   84.26084684684685    51.512978823011046   0.0006113513066945722   0.6956033683500755    2413046  181565   111      0.6228301064038714   0.02523567626320123  0.25799827519733337  9352954 
16    240813   82.3210325203252     62.523075308123595   0.0007595030503618445   0.6725052218941668    3527513  161948   123      0.5776499508832458   0.02783923958350984  0.34837958905087724  10125487
round 16, total revenue = 5940559


all rounds' info:
round bids     cpc                  cpm                  ctr                     winrate               revenue  imps     clks     auc                  rmse                 roi                  cost    
1     261018   107.61571341463414   68.37323100644257    0.0006353461668093613   0.9889241355002337    -264977  258127   164      0.5935669864220656   0.026165375584955877 -0.015013731390776927 17648977
1     240813   98.8751693989071     76.39048567954607    0.0007725952445285058   0.9836013836462317    2218844  236864   183      0.5682735394999203   0.029123548707744116 0.12262765944982457  18094156
round 1, total revenue = 1953867
2     261018   100.49322784810127   64.11051218379666    0.0006379585326953748   0.9488426085557318    870070   247665   158      0.5955019339776108   0.025529320332365234 0.054797445258922294 15877930
2     240813   96.85821893491125    73.22709785360878    0.0007560235843570221   0.9282638395767671    2389961  223538   169      0.5684648631436036   0.028269743197078253 0.14600496706006993  16369039
round 2, total revenue = 3260031
3     261018   98.10433103448277    60.691289971627874   0.0006186402713484225   0.8979648913101779    1144872  234385   145      0.5976138271824358   0.025382933189971493 0.08048236894599473  14225128
3     240813   93.25498125          70.86985247318773    0.0007599578223408601   0.8742800430209332    2839203  210538   160      0.5689632586659467   0.028061018519786977 0.1902849425536719   14920797
round 3, total revenue = 3984075
4     261018   92.5163475177305     58.407831109519115   0.0006313244380764753   0.8556498019293689    1901195  223340   141      0.5997418168526158   0.02532447074251046  0.14574345879451628  13044805
4     240813   90.45526973684211    68.87480087764119    0.0007614238626231052   0.8289668747119134    3122799  199626   152      0.5695511269818352   0.027974784344743386 0.2271258526222724   13749201
round 4, total revenue = 5023994
5     261018   90.61591791044776    56.72622924014856    0.0006260073345635467   0.8200775425449586    2061467  214055   134      0.6018134804410163   0.02529462283834806  0.1697724025127212   12142533
5     240813   88.83111034482758    67.4485306438775     0.0007592895144736291   0.7930136662057281    3214489  190968   145      0.5701956796471368   0.027929766085295536 0.2495622262191306   12880511
round 5, total revenue = 5275956
6     261018   91.09602380952381    55.53614317924501    0.0006096439872652144   0.7918151238611897    1877901  206678   126      0.6038115898799836   0.025277071611932385 0.16360731859866343  11478099
6     240813   87.96426618705037    66.38271893153808    0.0007546555187578044   0.7648673452014634    3201967  184190   139      0.5708474491216071   0.027902896421398423 0.2618760413912353   12227033
round 6, total revenue = 5079868
7     261018   89.96280327868853    54.64017165501723    0.0006073640400661131   0.7695561225662598    1956538  200868   122      0.6057173236210757   0.025265753285906967 0.1782647509508028   10975462
7     240813   85.36073722627738    65.41052661017423    0.0007662835249042146   0.7424225436334417    3512579  178785   137      0.571511261506733    0.027885404932419665 0.30036365203544496  11694421
round 7, total revenue = 5469117
8     261018   88.14245             53.8987668161435     0.0006114961271911944   0.7518255445984569    2142906  196240   120      0.607590171613724    0.02525796236807011  0.20259874782241702  10577094
8     240813   84.85634586466165    64.6456029006593     0.0007618240243783688   0.724965014347232     3477106  174581   133      0.5721568419529071   0.027873305683405826 0.3080930939099729   11285894
round 8, total revenue = 5620012
9     261018   86.94213559322034    53.27779393435812    0.0006127960116327378   0.7377269000605322    2248828  192560   118      0.6094519114287029   0.025252331721786574 0.21920170555674473  10259172
9     240813   85.22080620155039    64.1079284364722     0.0007522567703109327   0.7121044129677384    3325516  171484   129      0.5728451423344684   0.027864552779836783 0.3024988256680048   10993484
round 9, total revenue = 5574344
10    261018   86.93000869565218    52.730428407160865   0.0006065848744105577   0.7263330498279812    2193049  189586   115      0.6113181314650287   0.025248104898393287 0.21937178645769095  9996951 
10    240813   84.0540859375        63.683745405255024   0.0007576519891324293   0.7015526570409405    3449077  168943   128      0.5735011793338648   0.027857998593349795 0.32057827721231946  10758923
round 10, total revenue = 5642126
11    261018   87.52713392857143    52.34009984249446    0.0005979871325983075   0.7175558773724418    2068961  187295   112      0.6132018566961019   0.025244833329751314 0.21105302141509383  9803039 
11    240813   84.02339682539682    63.36644022145743    0.0007541523267993416   0.6937956007358407    3399052  167075   126      0.5741838045775662   0.027852954173637635 0.3210606116134697   10586948
round 11, total revenue = 5468013
12    261018   87.64768181818182    51.998754132665994   0.0005932701590503363   0.7103456466603836    2018755  185413   110      0.6150837575071421   0.025242236067297606 0.20938737683774242  9641245 
12    240813   83.56348             63.110216239404025   0.000755236812054788    0.6873009347502004    3429565  165511   125      0.5748737806888107   0.02784898315972628  0.3283314672869057   10445435
round 12, total revenue = 5448320
13    261018   86.64007272727272    51.78584508381558    0.000597712391664629    0.705066317265476     2129592  184035   110      0.6169846415240956   0.025240129181206456 0.22345234327848293  9530408 
13    240813   84.06548780487806    62.92212059806123    0.0007484893294630958   0.6824008670628247    3312945  164331   123      0.5755622598148716   0.027845796929003422 0.3203991661553057   10340055
round 13, total revenue = 5442537
14    261018   85.11826126126125    51.63672782323075    0.0006066468823269007   0.7009976323471945    2317873  182973   111      0.6189565855466397   0.025238387777021646 0.2453261900480381   9448127 
14    240813   83.34271544715448    62.7534587036901     0.0007529567325350768   0.6783520823211372    3401846  163356   123      0.5762706242665052   0.027843197639875736 0.3318500531745011   10251154
round 14, total revenue = 5719719
15    261018   84.62812612612612    51.55918174682891    0.0006092440434045216   0.6980093326896996    2372278  182193   111      0.6209238876903656   0.025236924413080824 0.25253866358829863  9393722 
15    240813   82.78740650406505    62.63479009687836    0.0007565738889743196   0.6751089019280521    3470149  162575   123      0.5769697386902881   0.027841045579934654 0.3407836371169528   10182851
round 15, total revenue = 5842427
16    261018   84.26084684684685    51.512978823011046   0.0006113513066945722   0.6956033683500755    2413046  181565   111      0.6228301064038714   0.02523567626320123  0.25799827519733337  9352954 
16    240813   82.3210325203252     62.523075308123595   0.0007595030503618445   0.6725052218941668    3527513  161948   123      0.5776499508832458   0.02783923958350984  0.34837958905087724  10125487
round 16, total revenue = 5940559
17    261018   84.01373873873874    51.492081985135776   0.0006129007321679017   0.693844868936242     2440475  181106   111      0.6246246198047216   0.025234597178017924 0.261698403038971    9325525 
17    240813   82.64640983606557    62.460815105279785   0.0007557595693409404   0.6703417174321984    3459138  161427   122      0.5783354136958772   0.02783770482652781  0.34307104470932953  10082862
round 17, total revenue = 5899613
18    261018   84.61408181818182    51.48977401598761    0.0006085248803695405   0.6925384456244397    2352451  180765   110      0.6263620219303602   0.025233652607975825 0.2527465608829994   9307549 
18    240813   82.31538524590164    62.38997160838205    0.0007579381597012979   0.6684149111551286    3499523  160963   122      0.5790150449692115   0.027836384961754272 0.3484720950817214   10042477
round 18, total revenue = 5851974
19    261018   84.52678181818182    51.49961228287841    0.0006092697624955689   0.6916917607214829    2362054  180544   110      0.6280439986372737   0.025232816259763872 0.25404040849452125  9297946 
19    240813   82.01144262295082    62.31212749659025    0.0007597979684746121   0.6667787868595134    3536604  160569   122      0.5796933803449241   0.027835236900782524 0.3534696677672728   10005396
round 19, total revenue = 5898658
20    261018   84.44524545454546    51.51584744305735    0.000610050301420308    0.6908067642844555    2371023  180313   110      0.6296194892584615   0.025232067836593656 0.25525125102581264  9288977 
20    240813   81.81209016393443    62.2723529301664     0.0007611632071174999   0.665582838135815     3560925  160281   122      0.5803542657888703   0.027834227261404176 0.3567676828397743   9981075 
round 20, total revenue = 5931948
