Max revenue's round: 12
This round's info:
round bids     cpc                  cpm                  ctr                     winrate               revenue  imps     clks     auc                  rmse                 roi                  cost    
12    261017   79.89212931034483    49.87104811412643    0.0006242298026680442   0.7119421340372466    3028513  185829   116      0.6157683472811164   0.025211793378348737 0.3267890205834656   9267487 
12    240813   90.49725471698113    57.993174577265115   0.0006408279981379714   0.6868856747766939    2173291  165411   106      0.6267211512798534   0.024633804923459072 0.22655654414201454  9592709 
round 12, total revenue = 5201804


all rounds' info:
round bids     cpc                  cpm                  ctr                     winrate               revenue  imps     clks     auc                  rmse                 roi                  cost    
1     261017   94.86048299319728    59.29612147962937    0.0006250877036318871   0.9009643050069536    1637509  235167   147      0.6105695154501949   0.025262070397165593 0.11743053224388039  13944491
1     240813   109.962768           65.80057828372284    0.0005983896138711499   0.8674531690564878    129654   208894   125      0.624960433876377    0.024729860739264524 0.00943257448739377  13745346
round 1, total revenue = 1767163
2     261017   89.2353605442177     57.621525932238384   0.0006457252548857681   0.8721692456813158    2464402  227651   147      0.6108437106665657   0.02524541855629407  0.18786991337895856  13117598
2     240813   104.415592           64.56694171539382    0.0006183649441492782   0.839431426044275     823051   202146   125      0.6249751475508334   0.024698882170764505 0.06305962427527108  13051949
round 2, total revenue = 3287453
3     261017   89.92251449275362    56.186557939680974   0.0006248330382732875   0.8461479520491002    2218693  220859   138      0.6112090810462678   0.025235263648437655 0.17879265941281008  12409307
3     240813   101.17508943089432   63.4692153902648     0.0006273205761148966   0.8142085352534955    1208464  196072   123      0.6250659625125172   0.0246796704556037   0.09710799984828683  12444536
round 3, total revenue = 3427157
4     261017   88.22362686567165    55.001749341670624   0.0006234355953809936   0.8234636058187781    2382034  214938   134      0.6116435256188584   0.0252286169013652   0.20149220527279474  11821966
4     240813   99.43016666666668    62.54420221102788    0.0006290264243517097   0.7921956040579204    1388380  190771   120      0.6252044475026626   0.02466690583057058  0.11636139937410007  11931620
round 4, total revenue = 3770414
5     261017   85.71283333333334    53.93725329417822    0.0006292786178753266   0.8036411421478294    2677906  209764   132      0.6121111793821455   0.025224025419605216 0.23668762165136686  11314094
5     240813   98.16918803418804    61.747270352072164   0.0006289882965169101   0.7724375345184853    1501205  186013   117      0.6253658425661877   0.024657974815605912 0.1307010093772351   11485795
round 5, total revenue = 4179111
6     261017   83.61947692307692    53.02776138187388    0.0006341556217895871   0.7853779638874097    2909468  204997   130      0.6126107259773883   0.02522071486699348  0.26764725038296194  10870532
6     240813   96.41654782608695    60.99157837992453    0.0006325841336897808   0.7549177162362497    1677097  181794   115      0.6255413821097997   0.024651469361009735 0.15125466014628736  11087903
round 6, total revenue = 4586565
7     261017   82.025046875         52.293132645336094   0.0006375263975773997   0.769206603401311     3068794  200776   128      0.6131272697662004   0.025218242412929106 0.29228819779324267  10499206
7     240813   95.13084955752213    60.35814710836608    0.0006344750140370579   0.7395780128149227    1793214  178100   113      0.625732859095763    0.024646575230771402 0.16681392541209658  10749786
round 7, total revenue = 4862008
8     261017   81.46088             51.675784580406805   0.0006343632008444643   0.7549240087810373    3067390  197048   125      0.6136445294694155   0.025216340271520792 0.3012380912162992   10182610
8     240813   94.2184054054054     59.77539309209586    0.0006344343531913191   0.7265346970470863    1862757  174959   111      0.6259282919825957   0.024642794407370053 0.17811376155631495  10458243
round 8, total revenue = 4930147
9     261017   82.51825833333334    51.11969169772748    0.0006194955241448381   0.7421202450415108    2817809  193706   120      0.6141720891024295   0.0252148389981555   0.2845641939243547   9902191 
9     240813   91.82644144144143    59.2377008688577     0.000645105047511115    0.7145170734138108    2128265  172065   111      0.6261287622395999   0.024639808068948315 0.2088021517286577   10192735
round 9, total revenue = 4946074
10    261017   82.6187264957265     50.6515423834501     0.0006130758065614831   0.7311439484784515    2735609  190841   117      0.6147035054356147   0.02521362726943189  0.28300210492209554  9666391 
10    240813   90.65477272727273    58.79107759789645    0.0006485160773031164   0.7043556618621087    2237975  169618   110      0.6263342698667761   0.024637404238741445 0.22442532986028416  9972025 
round 10, total revenue = 4973584
11    261017   80.81971794871795    50.2425918546266     0.0006216625488164501   0.7210449894068203    2946093  188205   117      0.6152422194769087   0.025212629594537486 0.3115611225871828   9455907 
11    240813   92.11082075471698    58.342228702204324   0.0006333916930081922   0.6949500234621885    2002253  167353   106      0.6265288205023357   0.024635437406554852 0.20507014366513185  9763747 
round 11, total revenue = 4948346
12    261017   79.89212931034483    49.87104811412643    0.0006242298026680442   0.7119421340372466    3028513  185829   116      0.6157683472811164   0.025211793378348737 0.3267890205834656   9267487 
12    240813   90.49725471698113    57.993174577265115   0.0006408279981379714   0.6868856747766939    2173291  165411   106      0.6267211512798534   0.024633804923459072 0.22655654414201454  9592709 
round 12, total revenue = 5201804
13    261017   81.2435267857143     49.53630865212397    0.0006097262220383365   0.7037434343356946    2772725  183689   112      0.6162853298561756   0.025211081111045006 0.3047193320346951   9099275 
13    240813   90.8272596153846     57.693108734555274   0.0006351959640625668   0.6799010020223161    2097965  163729   104      0.6269395796192214   0.02463243264668984  0.22210006632412435  9446035 
round 13, total revenue = 4870690
14    261017   80.61348648648648    49.24654375343974    0.0006108970831040176   0.696123241014953     2817903  181700   111      0.6168089635069793   0.025210465490171263 0.31491645653818906  8948097 
14    240813   90.40233980582525    57.4085735776468     0.0006350341562060717   0.6735350666284627    2121559  162196   103      0.6271558450199847   0.02463126590802736  0.2278443261359869   9311441 
round 14, total revenue = 4939462
15    261017   80.11308181818183    48.98575303783255    0.000611457603753238    0.689219476126076     2847561  179898   110      0.6173178862715007   0.02520992628291372  0.32312972606108253  8812439 
15    240813   91.85694000000001    57.1302920048512     0.0006219485648536866   0.6676757484022873    1914306  160785   100      0.6273629463913959   0.024630263660740892 0.20840080237813277  9185694 
round 15, total revenue = 4761867
16    261017   80.48240740740741    48.75587565487609    0.000605795443072056    0.6830129838286395    2755900  178278   108      0.6178218438232268   0.025209448254754248 0.3170580182004349   8692100 
16    240813   90.77971000000001    56.8809431314068     0.0006265821198526279   0.662738307317296     2022029  159596   100      0.6275818016265412   0.024629394586405933 0.22274019161330214  9077971 
round 16, total revenue = 4777929
17    261017   80.21971962616823    48.56354810238305    0.0006053816733428384   0.6771512966588383    2758490  176748   107      0.6183162404535701   0.025209019770324855 0.3213708611046064   8583510 
17    240813   89.83404             56.67011941635493    0.0006308312463332934   0.6582742626021021    2116596  158521   100      0.62778594318723     0.024628634444870734 0.23561180149529065  8983404 
round 17, total revenue = 4875086
18    261017   79.30314018691588    48.37569766314913    0.000610009862776286    0.6720137002570714    2856564  175407   107      0.6188160179889428   0.02520863182875951  0.3366431612942458   8485436 
18    240813   89.84368686868687    56.4720989441471     0.0006285594560103617   0.6540469160718068    2094475  157503   99       0.6279880641079065   0.024627964232831857 0.2354791290147591   8894525 
round 18, total revenue = 4951039
19    261017   79.18282075471699    48.20179750760926    0.0006087405961063573   0.6671212986127341    2842621  174130   106      0.6193036942615027   0.02520827738627041  0.3386742097550939   8393379 
19    240813   89.06948484848485    56.30469957218568    0.0006321435412808889   0.6503386445083945    2171121  156610   99       0.6282056101960015   0.024627368880328813 0.24621805311685496  8817879 
round 19, total revenue = 5013742
20    261017   78.44059433962263    48.0652010544084     0.0006127592665387194   0.6627461046598497    2921297  172988   106      0.6197873521758002   0.025207950872465756 0.3513411122441776   8314703 
20    240813   88.35949494949496    56.139070722628674   0.0006353484790142472   0.6470580907176938    2241410  155820   99       0.6284173789612442   0.02462683631239569  0.2562317163927436   8747590 
round 20, total revenue = 5162707
