Max revenue's round: 6
This round's info:
round bids     cpc                  cpm                  ctr                     winrate               revenue  imps     clks     auc                  rmse                 roi                  cost    
6     261017   80.35091489361703    48.70977228316598    0.0006062130387395928   0.5940647544029699    2411014  155061   94       0.6018994100342835   0.025733056756856987 0.3192133548241715   7552986 
6     240813   78.93303809523809    61.52589694670655    0.0007794695153184319   0.5593842525112847    3367031  134707   105      0.5553178598346917   0.027567511601366376 0.4062552598833321   8287969 
round 6, total revenue = 5778045


all rounds' info:
round bids     cpc                  cpm                  ctr                     winrate               revenue  imps     clks     auc                  rmse                 roi                  cost    
1     261017   87.79889380530975    54.50052186332674    0.0006207426939134256   0.6974258381637978    2056725  182040   113      0.6014794083731574   0.02573830884124961  0.2073045047133559   9921275 
1     240813   90.33993220338984    67.21593997288691    0.0007440335445631956   0.6585815549824968    2437888  158595   118      0.5549368018241734   0.027580320971862582 0.228692531560644    10660112
round 1, total revenue = 4494613
2     261017   89.4920291262136     52.838515333906564   0.00059042705646317     0.668347272399882     1700321  174450   103      0.6015201387616527   0.02573637693680128  0.18446303022702354  9217679 
2     240813   86.1263275862069     65.7448555879469     0.0007633537552398313   0.6310332083400813    2885346  151961   116      0.555006995525634    0.027575841606818786 0.288804516701309    9990654 
round 2, total revenue = 4585667
3     261017   86.6019              51.497252747252745   0.0005946434517863089   0.6442798744909335    1939810  168168   100      0.601590452974218    0.025735089200562906 0.2239916214309386   8660190 
3     240813   84.13215178571429    64.38142512588908    0.00076524163187778     0.6077703446242521    3009199  146359   112      0.5550913369708704   0.027572726965834255 0.3193529185217856   9422801 
round 3, total revenue = 4949009
4     261017   84.73968041237113    50.416154516125076   0.0005949533237650118   0.6246259822157177    2062251  163038   97       0.6016837916011722   0.025734192145156015 0.2508897777778859   8219749 
4     240813   84.60967924528302    63.26091188669131    0.0007476793725136134   0.5887223696395129    2797374  141772   106      0.5551721812210161   0.027570475483662298 0.3119066398799549   8968626 
round 4, total revenue = 4859625
5     261017   81.78053125          49.47649987396017    0.000604991177211999    0.6079297517019964    2325069  158680   96       0.6017857283732495   0.025733542946603717 0.29615201050677936  7850931 
5     240813   81.87292380952381    62.32442327489959    0.0007612336334768803   0.5727846918563366    3058343  137934   105      0.5552511860373804   0.02756879636938413  0.35575957026085836  8596657 
round 5, total revenue = 5383412
6     261017   80.35091489361703    48.70977228316598    0.0006062130387395928   0.5940647544029699    2411014  155061   94       0.6018994100342835   0.025733056756856987 0.3192133548241715   7552986 
6     240813   78.93303809523809    61.52589694670655    0.0007794695153184319   0.5593842525112847    3367031  134707   105      0.5553178598346917   0.027567511601366376 0.4062552598833321   8287969 
round 6, total revenue = 5778045
7     261017   78.55787096774193    48.05774126283523    0.0006117495378988706   0.5824256657612339    2552118  152023   93       0.602041102147471    0.025732680971391246 0.3493237366823061   7305882 
7     240813   79.50386138613861    60.829274205155784   0.0007651109410864575   0.5481722332266116    3181110  132007   101      0.5553901654786423   0.027566507261303143 0.3961586024217019   8029890 
round 7, total revenue = 5733228
8     261017   79.8013595505618     47.51224880254743    0.0005953814455058736   0.5726983299938319    2331679  149484   89       0.602185387000296    0.025732381812655362 0.32829817182298576  7102321 
8     240813   78.11881             60.239210061612724   0.0007711229864051018   0.5385132862428523    3288119  129681   100      0.5554507759571925   0.027565707721541516 0.42091258174567686  7811881 
round 8, total revenue = 5619798
9     261017   79.52277011494253    47.00470150217071    0.0005910848104791863   0.5638981369029603    2303519  147187   87       0.6023306025801703   0.02573213694931795  0.33295155396105014  6918481 
9     240813   77.90785714285715    59.75370576173557    0.0007669791976458435   0.530594278548085     3243030  127774   98       0.5555072533869995   0.027565061191399502 0.4247600187034134   7634970 
round 9, total revenue = 5546549
10    261017   79.69561176470589    46.62262125164319    0.000585008637480471    0.5566572292226177    2235873  145297   85       0.6024969811203348   0.02573193124972656  0.33006068531044663  6774127 
10    240813   77.92465625          59.31796880575357    0.0007612220786120384   0.5236968103881435    3175233  126113   96       0.5555649798150529   0.027564531248040154 0.4244528669319603   7480767 
round 10, total revenue = 5411106
11    261017   79.17472619047618    46.29778628611208    0.0005847546119039332   0.5503472953868905    2253323  143650   84       0.6026530551824523   0.025731754243921868 0.33881107141423344  6650677 
11    240813   78.18606382978724    58.95107924056116    0.0007539844871702321   0.517708761570181     3084510  124671   94       0.5556215480810959   0.027564091678675087 0.41969034586073317  7349490 
round 11, total revenue = 5337833
12    261017   78.83179518072289    45.9993461846712     0.0005835126052783284   0.5449530107234395    2254961  142242   83       0.6028062927430857   0.025731598556434532 0.3446351152728877   6543039 
12    240813   77.72141935483872    58.60108314956544    0.0007539888442080685   0.5121982617217509    3094908  123344   93       0.5556832258854205   0.0275637232332127   0.4281777265701654   7228092 
round 12, total revenue = 5349869
13    261017   78.75047560975611    45.780291375704515   0.0005813335223848853   0.5404054142067375    2234461  141055   82       0.6029637628957772   0.02573145891074452  0.34602361673696436  6457539 
13    240813   77.47538043478261    58.303150024948266   0.0007525377700342732   0.5076677754107959    3084265  122253   92       0.5557273722961742   0.027563411519679924 0.4327131971096007   7127735 
round 13, total revenue = 5318726
14    261017   77.84915853658536    45.58466570026921    0.0005855511678889452   0.5365129474325427    2308369  140039   82       0.603124158190624    0.025731331481028703 0.36160752399378976  6383631 
14    240813   79.96567045454546    58.02689018809114    0.0007256475167187539   0.5035899224709629    2731021  121271   88       0.5557843493252798   0.027563145605131043 0.3880956586626164   7036979 
round 14, total revenue = 5039390
15    261017   77.10253658536585    45.42449258181557    0.0005891439451090276   0.5332411298880916    2369592  139185   82       0.6032894508825641   0.0257312134607481   0.37479264229704884  6322408 
15    240813   79.10743181818182    57.790106341471514   0.000730526892521231    0.500226316685561     2806546  120461   88       0.5558439833142919   0.027562917064362896 0.4031551454624278   6961454 
round 15, total revenue = 5176138
16    261017   77.42320987654321    45.29995160323319    0.0005850952405030374   0.5303830784968029    2314720  138439   81       0.6034478960826408   0.025731102769951077 0.36909849344950313  6271280 
16    240813   79.22390804597701    57.5711863415775     0.0007266895532112161   0.49715339288161353   2764520  119721   87       0.5559131778171552   0.027562719319976847 0.4010922048377362   6892480 
round 16, total revenue = 5079240
17    261017   77.90521249999999    45.21781747212166    0.0005804209502942009   0.5280537283012218    2247583  137831   80       0.6036167344014356   0.025730997853255687 0.3606278270532925   6232417 
17    240813   81.27259523809524    57.38383948759761    0.0007060662861753902   0.4940306378808453    2497102  118969   84       0.5559720169891013   0.027562547176221575 0.36577403089953886  6826898 
round 17, total revenue = 4744685
18    261017   77.467425            45.14221406407063    0.0005827251139956005   0.5259657416949853    2282606  137286   80       0.6037814952493475   0.0257308975382693   0.3683170700458935   6197394 
18    240813   80.63865476190476    57.23596065773241    0.0007097831781386781   0.49144356824590035   2550353  118346   84       0.5560419835999717   0.027562396484306195 0.37651105822314035  6773647 
round 18, total revenue = 4832959
19    261017   78.09336708860761    45.09250380072506    0.0005774178458659805   0.5241650926951118    2204624  136816   79       0.603934178805785    0.025730800934998316 0.35734959256819493  6169376 
19    240813   80.05786904761905    57.10116242538486    0.0007132485926076878   0.48905582339823844   2599139  117771   84       0.5561070450540918   0.02756226389852306  0.3864970591957217   6724861 
round 19, total revenue = 4803763
20    261017   77.78031645569621    45.04178242352717    0.000579089729587087    0.5226517813016011    2229355  136421   79       0.6040844690640954   0.025730707363499784 0.3628126604547537   6144645 
20    240813   79.59842857142857    56.98880043639091    0.0007159538380239675   0.48720791651613493   2637732  117326   84       0.5561800092607543   0.027562146696125396 0.3944998914192491   6686268 
round 20, total revenue = 4867087
