Max revenue's round: 19
This round's info:
round bids     cpc                  cpm                  ctr                     winrate               revenue  imps     clks     auc                  rmse                 roi                  cost    
19    261017   55.115               45.30827548410669    0.0008220679576178298   0.41943628192799703   4579650  109480   90       0.6890317681874821   0.027101287112438095 0.9232513834709244   4960350 
19    240812   89.62583561643837    56.609872377244216   0.0006316244862643306   0.47993870737338673   1560314  115575   73       0.5549775061385465   0.027254979844255782 0.2384821768918759   6542686 
round 19, total revenue = 6139964


all rounds' info:
round bids     cpc                  cpm                  ctr                     winrate               revenue  imps     clks     auc                  rmse                 roi                  cost    
1     261017   66.2552258064516     54.66239071710868    0.0008250276118112017   0.5758169008148895    4928352  150298   124      0.6817970522221157   0.02710143929155829  0.5998738017987139   8215648 
1     240812   109.37561363636364   65.51265663392753    0.0005989695002007909   0.610098333970068     142946   146919   88       0.50750265123595     0.027271889124892357 0.014851449145116484 9625054 
round 1, total revenue = 5071298
2     261017   65.36269491525424    53.32778814907004    0.0008158749913572564   0.5541018401100312    4795202  144630   118      0.6822256401961724   0.02710125931461437  0.6217201591432837   7712798 
2     240812   107.03866279069769   64.46938075161431    0.0006022999453727956   0.5929355679949504    340675   142786   86       0.509992220936275    0.027269123565650134 0.03700847064063463  9205325 
round 2, total revenue = 5135877
3     261017   63.6692              52.27281683705523    0.0008210063395967788   0.5366393759793423    4868042  140072   115      0.6826351980095211   0.02710117512297444  0.6648552204205487   7321958 
3     240812   106.87181927710843   63.6388231242736     0.000595468698434563    0.5788166702656014    342639   139386   83       0.5125410384672808   0.027266950611795064 0.03862740197383173  8870361 
round 3, total revenue = 5210681
4     261017   63.04845945945946    51.39329382476702    0.0008151395651120266   0.5217016516165613    4767621  136173   111      0.6830488693728234   0.027101147679398696 0.6812464715043298   6998379 
4     240812   104.4484756097561    62.833064338639865   0.0006015699508473333   0.5660432204375198    537225   136310   82       0.5151239374306691   0.027265202522946855 0.06272494023485731  8564775 
round 4, total revenue = 5304846
5     261017   61.17018181818182    50.655866056371956   0.0008281137075403517   0.5089017190451197    4931280  132832   110      0.6834646574171699   0.027101153011581766 0.7328704419265477   6728720 
5     240812   103.7240875          62.09442956133918    0.0005986500441504407   0.5549308174011262    582073   133634   80       0.5177218108653696   0.027263766557755312 0.07014679690481732  8297927 
round 5, total revenue = 5513353
6     261017   61.89386666666667    50.0273736394008     0.0008082767539605561   0.4976917212288855    4631144  129906   105      0.6838675456883606   0.02710117613569011  0.7126091115113183   6498856 
6     240812   102.17008860759493   61.46996732847449    0.0006016434767377215   0.5452676776904806    697563   131307   79       0.520340277100154    0.027262564686192873 0.08642364426557501  8071437 
round 6, total revenue = 5328707
7     261017   61.06776699029126    49.43670274221311    0.000809538405916704    0.48745100893811516   4628020  127233   103      0.6842836132943545   0.02710120758329488  0.7357765843452603   6289980 
7     240812   102.17568831168832   60.87627477986351    0.0005957999969049351   0.5366759131604737    679472   129238   77       0.5229597184167911   0.02726154152366466  0.08636410318463436  7867528 
round 7, total revenue = 5307492
8     261017   59.83245098039215    48.892511796704134   0.0008171570944457352   0.47821789385365704   4709090  124823   102      0.6846942094795361   0.027101241348750745 0.7716138694491644   6102910 
8     240812   102.26906666666667   60.29541702696329    0.0005895762911720776   0.528254405926615     654820   127210   75       0.5255835011692972   0.027260656888089454 0.0853721816176413   7670180 
round 8, total revenue = 5363910
9     261017   59.33636             48.39754653268299    0.0008156473793249703   0.46970886953723323   4666364  122602   100      0.6851021498290679   0.027101273641080934 0.7864257261483515   5933636 
9     240812   101.29344594594595   59.74776017089657    0.0005898482336436679   0.5209707157450625    718285   125456   74       0.5282140630623045   0.027259881061171755 0.09582608196816447  7495715 
round 9, total revenue = 5384649
10    261017   59.54790721649485    47.908986853564464   0.000804545266039066    0.46190478014841946   4505853  120565   97       0.6855104695836927   0.027101302106403324 0.7800793504735942   5776147 
10    240812   99.27902702702703    59.277756261296155   0.0005970823650916602   0.5146587379366476    867352   123936   74       0.5308605977247115   0.027259191686727986 0.11806091703318303  7346648 
round 10, total revenue = 5373205
11    261017   58.182051546391754   47.50514726307018    0.0008164914436747166   0.4551465996467663    4638341  118801   97       0.6859193684303013   0.027101325333350832 0.8218676925732047   5643659 
11    240812   98.64413698630138    58.79201195267915    0.0005960010777005789   0.5086249854658406    901978   122483   73       0.5335177422063275   0.027258571690345262 0.12525694269507856  7201022 
round 11, total revenue = 5540319
12    261017   59.393526881720426   47.12645894478192    0.0007934611971879053   0.4490435488876203    4334402  117208   93       0.6863202398638935   0.02710134253288315  0.7847062729764186   5523598 
12    240812   98.23723611111112    58.35345801948668    0.0005940054945508245   0.5033428566682724    918919   121211   72       0.536187168076043    0.02725800785343656  0.12991778264662882  7073081 
round 12, total revenue = 5253321
13    261017   58.798826086956524   46.75608491218365    0.0007951873876365648   0.4432508227433462    4342508  115696   92       0.6867185553052814   0.0271013533278797   0.8027570795926864   5409492 
13    240812   96.77819444444444    58.006976124671176   0.0005993806400053279   0.4988289620118599    1023970  120124   72       0.5388568957568083   0.027257489816658577 0.14695258200667907  6968030 
round 13, total revenue = 5366478
14    261017   57.696489130434784   46.438243631019034   0.0008048712206047032   0.43791783676925256   4443923  114304   92       0.6871184482731076   0.027101357613146512 0.8372001762596888   5308077 
14    240812   95.4958888888889     57.71064536977195    0.0006043259667117113   0.4947469395212863    1116296  119141   72       0.5415217248120745   0.02725700937110679  0.1623537022536165   6875704 
round 14, total revenue = 5560219
15    261017   56.736141304347825   46.15345505990539    0.0008134753967903091   0.43328595455468416   4532275  113095   92       0.6875045828141474   0.02710135546133516  0.868297659359449    5219725 
15    240812   94.34633333333333    57.43874720963269    0.0006088074139213962   0.4911050944305101    1199064  118264   72       0.544206426964152    0.027256559946131884 0.176516310473115    6792936 
round 15, total revenue = 5731339
16    261017   56.496967032967035   45.88944526264114    0.0008122461730709153   0.42922491638475657   4504776  112035   91       0.6878895192338413   0.02710134705923224  0.8762069110390833   5141224 
16    240812   91.98635616438357    57.1737860688469     0.0006215463733194833   0.48772071159244557   1387996  117449   73       0.5468919184682058   0.027256136233857423 0.2067006959340605   6715004 
round 16, total revenue = 5892772
17    261017   56.40097777777778    45.67949317879126    0.0008099060508980958   0.4257347222594697    4463912  111124   90       0.6882720394421548   0.027101332664392602 0.879400041922047    5076088 
17    240812   91.05065753424658    56.94859228541563    0.0006254605274431516   0.48466853811271865   1456302  116714   73       0.549582238949055    0.027255733910259858 0.21910157494744006  6646698 
round 17, total revenue = 5920214
18    261017   55.717644444444446   45.490805838541995   0.0008164524235029437   0.42232115149587957   4525412  110233   90       0.688651624253171    0.02710131257554918  0.9024494135909071   5014588 
18    240812   90.30689041095891    56.77819788472801    0.0006287249801908568   0.48215205222331114   1510597  116108   73       0.5522656177757608   0.027255349425455547 0.22914208976605344  6592403 
round 18, total revenue = 6036009
19    261017   55.115               45.30827548410669    0.0008220679576178298   0.41943628192799703   4579650  109480   90       0.6890317681874821   0.027101287112438095 0.9232513834709244   4960350 
19    240812   89.62583561643837    56.609872377244216   0.0006316244862643306   0.47993870737338673   1560314  115575   73       0.5549775061385465   0.027254979844255782 0.2384821768918759   6542686 
round 19, total revenue = 6139964
20    261017   55.83109090909091    45.16787864858653    0.0008090094231211215   0.4167353084281867    4414864  108775   88       0.6894034453976166   0.02710125660210849  0.8985837151668506   4913136 
20    240812   88.99831506849314    56.46070618498466    0.0006344019675151431   0.4778374831819012    1606123  115069   73       0.557676416626195    0.027254622723684934 0.24721462327207364  6496877 
round 20, total revenue = 6020987
