Max revenue's round: 20
This round's info:
round bids     cpc                  cpm                  ctr                     winrate               revenue  imps     clks     auc                  rmse                 roi                  cost    
20    261017   77.31059649122808    42.61390581181704    0.0005512039454598201   0.3961810916530341    1635296  103410   57       0.6265281004938413   0.024899670004111696 0.3710927713774286   4406704 
20    240812   59.63411627906977    49.98035298359825    0.0008381167711064115   0.4261041808547747    4417466  102611   86       0.6120078695160673   0.02880079135305417  0.8613506315839965   5128534 
round 20, total revenue = 6052762


all rounds' info:
round bids     cpc                  cpm                  ctr                     winrate               revenue  imps     clks     auc                  rmse                 roi                  cost    
1     261017   79.005               43.619935918323016   0.000552116143513993    0.4232827746851738    1646695  110484   61       0.6242021547849179   0.024901124170794372 0.34168723498512754  4819305 
1     240812   75.97107368421052    56.954324494949496   0.0007496843434343434   0.526219623606797     3327748  126720   95       0.5697763515535386   0.02880706690109912  0.46108241751846823  7217252 
round 1, total revenue = 4974443
2     261017   79.13216666666668    43.39099998172214    0.0005483358008444372   0.41921407417907647   1612070  109422   60       0.6244157212357937   0.024901054754090067 0.3395311219836855   4747930 
2     240812   73.78518947368421    56.28974439278229    0.0007628867635131337   0.5171129345713669    3535407  124527   95       0.5720474976310408   0.028806471576534882 0.5043669439866195   7009593 
round 2, total revenue = 5147477
3     261017   78.13268333333333    43.20701382488479    0.0005529953917050691   0.4156817372048564    1672039  108500   60       0.6246192068769107   0.02490098623725867  0.3566665763644365   4687961 
3     240812   74.25629347826087    55.72614036805012    0.0007504567997911772   0.5090776207165756    3380421  122592   92       0.5743276831579472   0.02880594442596699  0.4948227927979754   6831579 
round 3, total revenue = 5052460
4     261017   78.61281355932203    43.064315757221244   0.0005478027538694373   0.412628296241241     1615844  107703   59       0.6248057255213211   0.024900917825249825 0.3483806926718291   4638156 
4     240812   74.0844              55.228248625008284   0.0007454774368829103   0.5013371426673089    3322404  120728   90       0.5766024865758981   0.028805471865172197 0.4982911382153328   6667596 
round 4, total revenue = 4938248
5     261017   79.24020689655173    42.93538110852648    0.0005418383266537747   0.4100997253052483    1552068  107043   58       0.6249769573039845   0.0249008489653857   0.33770473540513657  4595932 
5     240812   72.32262222222224    54.73411760748732    0.0007568049377317715   0.49383336378585785   3480964  118921   90       0.5788785368144564   0.028805043370313217 0.5347894834196646   6509036 
round 5, total revenue = 5033032
6     261017   78.60010344827586    42.82821013866446    0.0005448874525572131   0.40780485562243074   1589194  106444   58       0.6251385342265972   0.02490077927897129  0.3485987339667448   4558806 
6     240812   70.63932222222222    54.238271552275734   0.000767819818282643    0.48674899921930803   3632461  117215   90       0.5811435111299519   0.028804650703532858 0.5713627553051581   6357539 
round 6, total revenue = 5221655
7     261017   78.05956896551724    42.7485388399475     0.0005476399550557554   0.4057551806970427    1620545  105909   58       0.625282505227941    0.024900708512935358 0.3579372958980266   4527455 
7     240812   69.1803              53.812148345332446   0.0007778536425157515   0.4804702423467269    3763773  115703   90       0.5834105842601367   0.028804287355451926 0.6045030160320207   6226227 
round 7, total revenue = 5384318
8     261017   77.60205172413792    42.670424057413186   0.0005498620604658658   0.40411544075673234   1647081  105481   58       0.6254213175050423   0.024900636505266423 0.3659432662529586   4500919 
8     240812   68.41931460674158    53.3579765514099     0.0007798671597062793   0.4739049549025796    3789681  114122   89       0.585673189616478    0.02880394813823478  0.6223489030546766   6089319 
round 8, total revenue = 5436762
9     261017   77.23736206896552    42.625070173268504   0.000551871128576458    0.40264427221215476   1668233  105097   58       0.6255571008064411   0.024900563160075138 0.3723928052508088   4479767 
9     240812   68.45785057471265    52.91298785525813    0.0007729279755506001   0.46741441456405824   3701167  112559   87       0.5879324493375226   0.028803628884778384 0.6214356581186881   5955833 
round 9, total revenue = 5369400
10    261017   78.18659649122807    42.5580458178554     0.0005443138303459736   0.40119609067608625   1585364  104719   57       0.6256643691412689   0.024900488429454803 0.35573109403595     4456636 
10    240812   67.1428735632184     52.5379322750371     0.0007824796510320636   0.46170871883460957   3815570  111185   87       0.5901766848702475   0.028803326223751903 0.6531910850596515   5841430 
round 10, total revenue = 5400934
11    261017   77.92624561403508    42.527200658713596   0.000545736552859851    0.40015018178892564   1600204  104446   57       0.6257664314241084   0.024900412300194543 0.36026057927919247  4441796 
11    240812   65.91581609195403    52.17753191334492    0.0007915783344100011   0.45640167433516604   3922324  109907   87       0.5923891264774824   0.028803037409551042 0.6839661037519819   5734676 
round 11, total revenue = 5522528
12    261017   77.69415789473685    42.50268247036806    0.0005470512020730362   0.3991885585996314    1613433  104195   57       0.6258645418402116   0.024900334783990438 0.36432394496910625  4428567 
12    240812   65.56516279069768    51.83350339667044    0.0007905647022053078   0.4517341328505224    3907396  108783   86       0.594600508287201    0.0288027601924847   0.692972232134053    5638604 
round 12, total revenue = 5520829
13    261017   77.56517543859648    42.5047348029649     0.0005479873482219252   0.3985066106805304    1620785  104017   57       0.6259507966561055   0.0249002559102005   0.3665926674002508   4421215 
13    240812   64.58540697674418    51.5297943203852     0.0007978550686990323   0.4476064315731774    3991655  107789   86       0.5967975516599338   0.028802492718763065 0.71865449481442     5554345 
round 13, total revenue = 5612440
14    261017   77.43894736842105    42.496437786421225   0.00054877344321639     0.39793576663588964   1627980  103868   57       0.6260489780638266   0.024900175720464282 0.3688202590835565   4414020 
14    240812   63.69904651162791    51.246695417083735   0.0008045127552690908   0.4439022972277129    4067882  106897   86       0.598985160756737    0.02880223345278735  0.7425692546235769   5478118 
round 14, total revenue = 5695862
15    261017   77.30961403508773    42.49993248847482    0.000549736705051791    0.3972384940444492    1635352  103686   57       0.6261494312033244   0.02490009426469902  0.37111019532306644  4406648 
15    240812   62.1133908045977     50.97216457893148    0.0008206308481738605   0.4402438416690198    4253135  106016   87       0.6011607380346783   0.028801981116288337 0.7870542657893933   5403865 
round 15, total revenue = 5888487
16    261017   77.24168421052632    42.50809558291093    0.00055032585083273     0.39681323438703225   1639224  103575   57       0.6262363486076532   0.024900011598118537 0.3723160115345409   4402776 
16    240812   61.35865517241379    50.73035437672841    0.0008267840003041045   0.436967426872415     4318797  105227   87       0.6033371049656708   0.028801734640307594 0.809035737307105    5338203 
round 16, total revenue = 5958021
17    261017   77.22933333333333    42.529631132494735   0.0005506927134658861   0.39654888378917846   1639928  103506   57       0.626322035490603    0.024899927779016187 0.3725354787472808   4402072 
17    240812   61.396895348837205   50.522753803463786   0.0008228877619366568   0.43399000049831404   4265867  104510   86       0.6055082144697688   0.028801493127049698 0.8079090053224038   5280133 
round 17, total revenue = 5905795
18    261017   77.25952631578949    42.559415891914874   0.0005508630187293427   0.3964262864104637    1638207  103474   57       0.6263893828722309   0.024899842867121373 0.37199909260040154  4403793 
18    240812   60.73456976744186    50.31910097205229    0.0008285083958728722   0.43104579506004687   4322827  103801   86       0.6076884881053315   0.028801255819380513 0.8276247024557678   5223173 
round 18, total revenue = 5961034
19    261017   77.25168421052632    42.57813920207314    0.0005511613065423814   0.3962117409977128    1638654  103418   57       0.6264684911985775   0.024899756922388307 0.3721383693218748   4403346 
19    240812   60.18544186046512    50.15307694543763    0.0008333091092313208   0.4285625301064731    4370052  103203   86       0.6098525738533407   0.028801022076291913 0.8442998268143344   5175948 
round 19, total revenue = 6008706
20    261017   77.31059649122808    42.61390581181704    0.0005512039454598201   0.3961810916530341    1635296  103410   57       0.6265281004938413   0.024899670004111696 0.3710927713774286   4406704 
20    240812   59.63411627906977    49.98035298359825    0.0008381167711064115   0.4261041808547747    4417466  102611   86       0.6120078695160673   0.02880079135305417  0.8613506315839965   5128534 
round 20, total revenue = 6052762
