Max revenue's round: 17
This round's info:
round bids     cpc                  cpm                  ctr                     winrate               revenue  imps     clks     auc                  rmse                 roi                  cost    
17    261017   54.54289743589744    44.05726771881861    0.0008077544426494346   0.3699529149442373    4013654  96564    78       0.6989883101725207   0.026599400382724514 0.9434244417355805   4254346 
17    240812   61.74005813953489    53.550018658033544   0.0008673464242130849   0.4117444313406309    4236355  99153    86       0.6637642569165126   0.027391842658965347 0.7978603089283747   5309645 
round 17, total revenue = 8250009


all rounds' info:
round bids     cpc                  cpm                  ctr                     winrate               revenue  imps     clks     auc                  rmse                 roi                  cost    
1     261017   60.412618421052635   44.811233652156936   0.00074175287917236     0.3925414819724386    3464641  102460   76       0.6942124701993124   0.026600677560169886 0.754600326395736    4591359 
1     240812   65.62556790123456    53.25950083661466    0.0008115663230033966   0.41446024284504096   3675329  99807    81       0.6250640265300639   0.027397000118471945 0.6914139343838247   5315671 
round 1, total revenue = 7139970
2     261017   59.879065789473685   44.71353056191477    0.0007467305972862238   0.38992479417049464   3505191  101777   76       0.6945231599836863   0.026600618454778353 0.7702346989293551   4550809 
2     240812   65.4349012345679     53.2327678849418     0.0008135225526529874   0.4134636147700281    3690773  99567    81       0.6275420188417602   0.02739669869807582  0.6963424396728668   5300227 
round 2, total revenue = 7195964
3     261017   59.38936842105264    44.60820493561172    0.0007511143176225255   0.38764908032810125   3542408  101183   76       0.6948290833159254   0.026600555383596455 0.7848312386232518   4513592 
3     240812   65.27997530864198    53.21308670799453    0.0008151517591176234   0.41263724399116325   3703322  99368    81       0.6300024468357377   0.02739639562582918  0.70036829020224     5287678 
round 3, total revenue = 7245730
4     261017   58.96930263157895    44.51795452513633    0.0007549343902414797   0.3856875222686645    3574333  100671   76       0.6951386954676428   0.026600488654969747 0.7975454222725606   4481667 
4     240812   64.33698780487805    53.19089965014166    0.0008267545849591159   0.41186900985000746   3826367  99183    82       0.6324570200571421   0.02739609051122435  0.7252905954602983   5275633 
round 4, total revenue = 7400700
5     261017   58.54963157894737    44.427968090098545   0.0007588086703874916   0.38371830187305805   3606228  100157   76       0.6954401632033211   0.026600418561500343 0.8104298377534849   4449772 
5     240812   64.21251219512195    53.170009088155105   0.0008280319095223669   0.41123365945218676   3836574  99030    82       0.6349018353242584   0.027395783030490777 0.728635062006379    5265426 
round 5, total revenue = 7442802
6     261017   58.96050666666667    44.360559367601624   0.0007523775129408932   0.38190615936893      3527962  99684    75       0.6957429365324102   0.026600345379633343 0.7978135873097427   4422038 
6     240812   64.12701219512195    53.17062196022124    0.0008291454745846689   0.41068136139395045   3843585  98897    82       0.6373576942996396   0.027395472914166063 0.7309398364336022   5258415 
round 6, total revenue = 7371547
7     261017   57.86540789473684    44.30378586395874    0.0007656350741457124   0.3802970687732983    3658229  99264    76       0.6960520098677994   0.026600269369657405 0.8318370829222349   4397771 
7     240812   63.3099156626506     53.172539059337815   0.0008398769529668907   0.41037822035446736   3958277  98824    83       0.6397993181417063   0.027395159937140482 0.7532798589002694   5254723 
round 7, total revenue = 7616506
8     261017   57.590250000000005   44.25405700534868    0.000768429673518498    0.378914017094672     3679141  98903    76       0.6963431779221253   0.02660019077598739  0.8405893358684847   4376859 
8     240812   63.28613253012049    53.178931915970644   0.0008402935965578335   0.4101747421224856    3960251  98775    83       0.6422366025641011   0.027394843910640457 0.7539387471207933   5252749 
round 8, total revenue = 7639392
9     261017   57.30406578947369    44.19680532581008    0.0007712682288231056   0.3775194719117912    3700891  98539    76       0.6966479821742979   0.0266001098276347   0.849781486525366    4355109 
9     240812   61.777               53.18160181490409    0.0008608641050051652   0.41002109529425446   4183955  98738    85       0.644675494178967    0.02739452467574178  0.796785211324603    5251045 
round 9, total revenue = 7884846
10    261017   57.1056052631579     44.17688972130046    0.0007735998859958063   0.37638161499059447   3715974  98242    76       0.6969460097749571   0.026600026738798053 0.856210078004141    4340026 
10    240812   61.81957647058823    53.214481745911186   0.000860803078636893    0.410050163613109     4180336  98745    85       0.6471023318503003   0.02739420209809664  0.7955477267433274   5254664 
round 10, total revenue = 7896310
11    261017   56.883210526315786   44.14233785329195    0.0007760169906877962   0.37520927755663425   3732876  97936    76       0.6972336133520345   0.026599941709526655 0.8634672519224523   4323124 
11    240812   61.86823529411765    53.24881782926113    0.0008606810518535019   0.41010830025081807   4176200  98759    85       0.6495256796179822   0.02739387606362927  0.7941355442306229   5258800 
round 11, total revenue = 7909076
12    261017   57.422493333333335   44.10916967952723    0.0007681514180075176   0.37406375829926786   3643313  97637    75       0.6975252580515738   0.02659985492642176  0.8459665167215542   4306687 
12    240812   61.92318823529412    53.27561565634584    0.000860350010627853    0.41026609969602845   4171529  98797    85       0.6519448486852397   0.027393546475008485 0.7925433615954187   5263471 
round 12, total revenue = 7814842
13    261017   57.268773333333336   44.09541506683367    0.0007699731022729606   0.3731787584716704    3654842  97406    75       0.6978193067008857   0.026599766563352653 0.8509214329251683   4295158 
13    240812   62.02085882352941    53.32780003237032    0.0008598365299020798   0.41051110409780245   4163227  98856    85       0.6543369709991991   0.027393213248746617 0.7897204602701975   5271773 
round 13, total revenue = 7818069
14    261017   57.869351351351355   44.06915501219475    0.0007615284080968993   0.3722860963079033    3561668  97173    74       0.6981086096217676   0.026599676782170293 0.8317122539775057   4282332 
14    240812   62.13229411764706    53.385813638477245   0.0008592281099003296   0.41080178728634786   4153755  98926    85       0.6567134346665124   0.027392876312805646 0.7865105671105961   5281245 
round 14, total revenue = 7715423
15    261017   57.73498648648649    44.06023698784122    0.0007631462250043829   0.37149687568242684   3571611  96967    74       0.6983991145175356   0.02659958573340732  0.83597514177665     4272389 
15    240812   61.51272093023256    53.43637245196873    0.0008687044182710762   0.41110077570885173   4255906  98998    86       0.6590644358131066   0.027392535604615968 0.8045047970792202   5290094 
round 15, total revenue = 7827517
16    261017   55.37767532467532    44.061347854840044   0.0007956518144994626   0.37076512257822286   3897919  96776    77       0.6986956292877345   0.02659949355695677  0.9141287419258687   4264081 
16    240812   61.61532558139535    53.486065548949746   0.0008680643175096648   0.4114039167483348    4247082  99071    86       0.6614214294916283   0.02739219106943217  0.801499853366291    5298918 
round 16, total revenue = 8145001
17    261017   54.54289743589744    44.05726771881861    0.0008077544426494346   0.3699529149442373    4013654  96564    78       0.6989883101725207   0.026599400382724514 0.9434244417355805   4254346 
17    240812   61.74005813953489    53.550018658033544   0.0008673464242130849   0.4117444313406309    4236355  99153    86       0.6637642569165126   0.027391842658965347 0.7978603089283747   5309645 
round 17, total revenue = 8250009
18    261017   55.15290909090909    44.0550432067388     0.000798780045022148    0.3693131098740695    3915226  96397    77       0.6992704219677904   0.026599306331252744 0.9219294457392835   4246774 
18    240812   61.89975581395349    53.617692679585836   0.0008662020063655775   0.41228842416490874   4222621  99284    86       0.6660677770055345   0.027391490330242796 0.7932219366684206   5323379 
round 18, total revenue = 8137847
19    261017   55.04161038961039    44.04381306701861    0.0008001912145239902   0.36866181129964715   3923796  96227    77       0.6995514146829936   0.02659921151431276  0.9258157464812925   4238204 
19    240812   62.03773255813954    53.6761169854221     0.000865217260078272    0.4127576698835606    4210755  99397    86       0.6683770141077747   0.027391134044655666 0.7892336715558517   5335245 
round 19, total revenue = 8134551
20    261017   54.919467532467536   44.03210154208186    0.0008017576193004925   0.3679415516996977    3933201  96039    77       0.6998341481894115   0.026599116035466764 0.9300988294785352   4228799 
20    240812   61.48001149425288    53.74666894431158    0.0008742137100825982   0.4132601365380463    4308239  99518    87       0.6706853328143172   0.027390773767162365 0.805464854384034    5348761 
round 20, total revenue = 8241440
