Max revenue's round: 20
This round's info:
round bids     cpc                  cpm                  ctr                     winrate               revenue  imps     clks     auc                  rmse                 roi                  cost    
20    261017   46.52474137931035    46.93501817612579    0.0010088184648565912   0.4405306934031117    6899130  114986   116      0.6974640837653507   0.02932643170077112  1.2783576406324406   5396870 
20    240812   53.988092592592594   55.64136233073451    0.0010306228588332967   0.43515688586947493   6157286  104791   108      0.730910026724347    0.027159887986429553 1.0560089210343708   5830714 
round 20, total revenue = 13056416


all rounds' info:
round bids     cpc                  cpm                  ctr                     winrate               revenue  imps     clks     auc                  rmse                 roi                  cost    
1     261017   46.07369811320755    44.68140856152164    0.0009697812502859025   0.41875816517698083   6352188  109303   106      0.6942032986696933   0.029331369235135504 1.3006618600388384   4883812 
1     240812   65.18798823529413    54.59845693001991    0.0008375539483278482   0.4214324867531518    3894021  101486   85       0.6870775497274849   0.027166657303260497 0.7027676878039061   5540979 
round 1, total revenue = 10246209
2     261017   45.5997037037037     44.85012522198443    0.0009835617685897728   0.42068141155556915   6523232  109805   108      0.6944176372145022   0.02933107675708297  1.3245765079695124   4924768 
2     240812   63.98118390804598    54.68316092462154    0.0008546756653207981   0.4227073401657725    4090637  101793   87       0.6895666438461768   0.02716631497755546  0.7348850586999087   5566363 
round 2, total revenue = 10613869
3     261017   45.58744954128441    45.04239523563484    0.0009880437639935098   0.4226506319511756    6584968  110319   109      0.6946213074020676   0.029330789119056087 1.3252013671878144   4969032 
3     240812   62.14761111111111    54.78563872509648    0.0008815405410699944   0.42395727787651777   4396715  102094   90       0.6920427572742529   0.027165971320324934 0.7860702610362247   5593285 
round 3, total revenue = 10981683
4     261017   45.9675871559633     45.22041317316631    0.0009837456340646745   0.42449725496806723   6543533  110801   109      0.6948116847483392   0.02933050605866956  1.3059726767983904   5010467 
4     240812   61.699681318681314   54.86130951799341    0.0008891668213751795   0.4249912795043436    4486329  102343   91       0.6944710569354569   0.027165626296181793 0.7990368447234041   5614671 
round 4, total revenue = 11029862
5     261017   45.871309090909094   45.36446430337412    0.0009889507232825972   0.42613699490837764   6614156  111229   110      0.6950136336833782   0.02933022732605915  1.3108126212383895   5045844 
5     240812   59.939117021276594   54.92086870912086    0.000916277573619004    0.42601282328123186   4799723  102589   94       0.6968878000465624   0.0271652798691417   0.8518791319631605   5634277 
round 5, total revenue = 11413879
6     261017   45.38728571428572    45.527526756526804   0.0010030898750615735   0.42776907251251833   6788624  111655   112      0.6951980803773804   0.0293299526838569   1.3354558073217484   5083376 
6     240812   58.28148453608248    54.98574124146517    0.0009434512809539557   0.4269471621015564    5113696  102814   97       0.699275103138124    0.027164932002415886 0.904549976438557    5653304 
round 6, total revenue = 11902320
7     261017   45.67150892857143    45.66253950116941    0.0009998036100051775   0.4291751111996537    6756791  112022   112      0.6953876397026494   0.02932968190705788  1.3209217844275767   5115209 
7     240812   58.490927835051544   55.05589411171059    0.0009412723673485231   0.42793548494261086   5093380  103052   97       0.7016513866506018   0.02716458265828372  0.8977301969465703   5673620 
round 7, total revenue = 11850171
8     261017   45.54767256637168    45.80384985049124    0.001005624377046846    0.4305006953570074    6831113  112368   113      0.695576176501665    0.029329414782798876 1.3272319753668578   5146887 
8     240812   58.667855670103094   55.111728759720705   0.0009393854288730281   0.4287950766573094    5076218  103259   97       0.7040042769040922   0.02716423179803176  0.8920071090405501   5690782 
round 8, total revenue = 11907331
9     261017   45.81255752212389    45.9398067212722     0.0010027776052250925   0.43172283797607053   6801181  112687   113      0.6957598051746645   0.029329151110067193 1.3137760852755331   5176819 
9     240812   57.65054545454546    55.17225245778031    0.0009570118031455721   0.42957576864940283   5281596  103447   99       0.706334497642137    0.027163879381946667 0.9253937516951665   5707404 
round 9, total revenue = 12082777
10    261017   46.073637168141595   46.069560215910094   0.0009999115122555527   0.432960305267473     6771679  113010   113      0.6959352877218457   0.02932889069935486  1.3006649032973572   5206321 
10    240812   57.817090909090915   55.23392839911222    0.0009553218180063688   0.43033569755660017   5265108  103630   99       0.7086565937752638   0.027163525369351158 0.9198475442932885   5723892 
round 10, total revenue = 12036787
11    261017   45.88516666666666    46.181294087526155   0.0010064536634030493   0.43395257780144586   6853091  113269   114      0.6961134288372854   0.029328633372271633 1.3101147429634123   5230909 
11    240812   57.38655000000001    55.28835685726673    0.0009634375451611349   0.4310208793581715    5361345  103795   100      0.7109541993608084   0.027163169718672855 0.9342511442141059   5738655 
round 11, total revenue = 12214436
12    261017   45.6947652173913     46.296621294216116   0.0010131712259371835   0.4348567334694675    6935102  113505   115      0.6962851450794333   0.029328378961127936 1.3197405544313134   5254898 
12    240812   56.983346534653464   55.34651446815467    0.0009712752555607912   0.4318181818181818    5455682  103987   101      0.7132184660503111   0.027162812387537545 0.947937542286977    5755318 
round 12, total revenue = 12390784
13    261017   45.89726956521739    46.39674056363285    0.001010882368453438    0.43584134366727073   6911814  113762   115      0.6964453579012309   0.029328127308497275 1.3095055763476315   5278186 
13    240812   57.109089108910894   55.39725895832733    0.0009700252590735778   0.43237463249339736   5442982  104121   101      0.7154703824064763   0.027162453332879616 0.9436485808470084   5768018 
round 13, total revenue = 12354796
14    261017   46.08329565217391    46.48875847610025    0.0010087984771529074   0.4367416681672075    6890421  113997   115      0.6966035256705216   0.029327878266766097 1.3001827126267955   5299579 
14    240812   56.65329411764706    55.44066544502115    0.0009785956193454923   0.43283142036111155   5543364  104231   102      0.717698438572337    0.027162092511063326 0.9592858937645493   5778636 
round 14, total revenue = 12433785
15    261017   46.27701739130435    46.59263182777248    0.0010068201118883567   0.4375998498182111    6868143  114221   115      0.6967641645449247   0.029327631697677638 1.2905538423899778   5321857 
15    240812   55.64725             55.472298903458324   0.0009968560693198374   0.43323422420809593   5756686  104328   104      0.71992096160209     0.027161729878009952 0.9947077348835747   5787314 
round 15, total revenue = 12624829
16    261017   46.421808695652174   46.667319375846844   0.0010052886926876176   0.4382664730649728    6851492  114395   115      0.6969165209566756   0.029327387471875285 1.2834095219113655   5338508 
16    240812   55.746201923076924   55.50762587723917    0.0009957203174815936   0.43372838562862315   5746395  104447   104      0.7221432511661843   0.02716136538932655  0.9911670422527923   5797605 
round 16, total revenue = 12597887
17    261017   46.57419130434783    46.745319823004216   0.001003674320774313    0.4389714079925829    6833968  114579   115      0.6970643100844948   0.029327145468449743 1.2759386052958608   5356032 
17    240812   55.30804761904762    55.54663363590278    0.001004313766750519    0.43415195256050365   5847655  104549   105      0.7243598208216441   0.02716099900043321  1.0069412097955261   5807345 
round 17, total revenue = 12681623
18    261017   46.30306896551724    46.81276310170215    0.0010110077830168124   0.4395767325499872    6924844  114737   116      0.6972096281072017   0.029326905574493634 1.2892651041973087   5371156 
18    240812   55.373000000000005   55.573594211487176   0.0010036225996692824   0.4344509409830075    5840835  104621   105      0.726555028369346    0.027160630666686066 1.00458707312228     5814165 
round 18, total revenue = 12765679
19    261017   46.422017241379315   46.88112898732414    0.0010098899568184985   0.4400632908967615    6911046  114864   116      0.6973395400676913   0.029326667684666324 1.2833992639491443   5384954 
19    240812   54.41171962616823    55.60329299855788    0.001021899204446694    0.4348080660432204    6054946  104707   107      0.7287363914034954   0.027160260343494263 1.040001690125169    5822054 
round 19, total revenue = 12965992
20    261017   46.52474137931035    46.93501817612579    0.0010088184648565912   0.4405306934031117    6899130  114986   116      0.6974640837653507   0.02932643170077112  1.2783576406324406   5396870 
20    240812   53.988092592592594   55.64136233073451    0.0010306228588332967   0.43515688586947493   6157286  104791   108      0.730910026724347    0.027159887986429553 1.0560089210343708   5830714 
round 20, total revenue = 13056416
