Max revenue's round: 13
This round's info:
round bids     cpc                  cpm                  ctr                     winrate               revenue  imps     clks     auc                  rmse                 roi                  cost    
13    261017   58.496859813084114   52.40074341973076    0.0008957872881923515   0.4576253653976561    5082836  119448   107      0.6921091715448645   0.028532413515579717 0.8120630806286591   6259164 
13    240812   56.7670157480315     57.82609846479619    0.0010186566565603093   0.5177233692673122    6887589  124674   127      0.7762661046437107   0.028043820140165425 0.9553608470927791   7209411 
round 13, total revenue = 11970425


all rounds' info:
round bids     cpc                  cpm                  ctr                     winrate               revenue  imps     clks     auc                  rmse                 roi                  cost    
1     261017   62.0328023255814     49.57321005436045    0.0007991451005900665   0.4122911534497753    3781179  107615   86       0.6881095317167649   0.02853689666317991  0.7087733590311652   5334821 
1     240812   53.83773504273504    55.48473050463766    0.0010305918415883446   0.4714341477999435    6687985  113527   117      0.7438201498834818   0.028053574015985065 1.0617509245493144   6299015 
round 1, total revenue = 10469164
2     261017   62.03025             49.97996648873344    0.0008057353708671727   0.4184286847216848    3869338  109217   88       0.6884801804286969   0.02853642094402715  0.7088436690163267   5458662 
2     240812   54.80385470085471    55.75114770632629    0.0010172851528536153   0.4776007840140857    6574949  115012   117      0.7468604283897565   0.028052706260844325 1.025404975724616    6412051 
round 2, total revenue = 10444287
3     261017   60.619402173913045   50.34788614142946    0.0008305572858832345   0.42437465758935244   4175015  110769   92       0.6888498030611444   0.028535969224731582 0.7486150671016687   5576985 
3     240812   54.77110924369748    56.0320661611733     0.0010230223001667783   0.4830407122568643    6691238  116322   119      0.7498444273153481   0.02805185196615413  1.026615884409403    6517762 
round 3, total revenue = 10866253
4     261017   60.45748936170213    50.68679985729575    0.0008383874420264003   0.4295505656719677    4280996  112120   94       0.6892064106853973   0.028535539724103425 0.753298079677579    5683004 
4     240812   53.778186991869916   56.28444644878024    0.0010466036435421151   0.4880280052489079    7038283  117523   123      0.7527354872831771   0.028051010016783746 1.0640338808145533   6614717 
round 4, total revenue = 11319279
5     261017   60.749957894736845   50.945384567852194   0.000838607734611548    0.4340062141546336    4298754  113283   95       0.689552991532936    0.02853513070234272  0.7448571764225611   5771246 
5     240812   54.52476422764228    56.517583408476106   0.0010365488821283803   0.492761988605219     6946454  118663   123      0.7555892972992363   0.02805017931830592  1.0357722141919252   6706546 
round 5, total revenue = 11245208
6     261017   60.971625            51.18692446939686    0.0008395204239578141   0.43809790166923995   4322724  114351   96       0.6898966741559669   0.02853474048422884  0.7385136118645353   5853276 
6     240812   55.20385365853659    56.74045909968329    0.0010278351118501868   0.49693952128631463   6862926  119669   123      0.7583653045681171   0.028049358808271332 1.0107291908747975   6790074 
round 6, total revenue = 11185650
7     261017   61.0870206185567     51.39685830268545    0.0008413711747970301   0.4416877061647326    4356559  115288   97       0.6902309420496949   0.028534367475385212 0.7352294959986945   5925441 
7     240812   55.3861935483871     56.95049504950495    0.0010282435278703749   0.5007806919920934    6896112  120594   124      0.7611119362144338   0.028048547463369898 1.0041095603189802   6867888 
round 7, total revenue = 11252671
8     261017   61.169591836734696   51.610131551759764   0.0008437220194228253   0.44499783539003207   4393380  116152   98       0.6905600435432131   0.028534010172803208 0.7328871554827495   5994620 
8     240812   55.989532258064514   57.145342903236426   0.001020643334540546    0.5045097420394332    6821298  121492   124      0.7637875457859433   0.028047744303536397 0.9825134364113568   6942702 
round 8, total revenue = 11214678
9     261017   60.57118             51.79724471733126    0.0008551467004164565   0.4480129646727991    4542882  116939   100      0.6908876509209909   0.028533667170747415 0.7500071816332454   6057118 
9     240812   56.065424            57.31676358253388    0.0010223192743986718   0.5077446306662459    6866822  122271   125      0.7664012762537792   0.028046948393875268 0.9798298502121379   7008178 
round 9, total revenue = 11409704
10    261017   59.92771568627451    51.96574795116809    0.0008671404767572347   0.45065263948325207   4699373  117628   102      0.6912008391818063   0.028533337163053434 0.7687976053503673   6112627 
10    240812   56.06145238095238    57.46337634023722    0.0010250069147291867   0.5104645947876352    6922257  122926   126      0.7689618331263406   0.028046158845095686 0.9799701093315542   7063743 
round 10, total revenue = 11621630
11    261017   59.846854368932036   52.11553939803855    0.0008708150152181265   0.453150561074566     4753774  118280   103      0.6915104991693075   0.028533018942694284 0.7711874937745631   6164226 
11    240812   56.479531746031746   57.59625921639405    0.0010197722508639736   0.5130848961015232    6869579  123557   126      0.7714551082304677   0.02804537481297918  0.9653137440856858   7116421 
round 11, total revenue = 11623353
12    261017   58.627641509433964   52.27257816245679    0.0008916029507010859   0.4554760801020623    5021470  118887   106      0.6918175669560067   0.02853271139935004  0.8080208800987363   6214530 
12    240812   56.432267716535435   57.72540775643349    0.0010229149047561515   0.515568161055097     6930102  124155   127      0.7738941160824861   0.028044595497257917 0.9669597641824957   7166898 
round 12, total revenue = 11951572
13    261017   58.496859813084114   52.40074341973076    0.0008957872881923515   0.4576253653976561    5082836  119448   107      0.6921091715448645   0.028532413515579717 0.8120630806286591   6259164 
13    240812   56.7670157480315     57.82609846479619    0.0010186566565603093   0.5177233692673122    6887589  124674   127      0.7762661046437107   0.028043820140165425 0.9553608470927791   7209411 
round 13, total revenue = 11970425
14    261017   58.882878504672895   52.52053150164219    0.0008919491172204531   0.4595945857932625    5041532  119962   107      0.6924080306956898   0.02853212436207142  0.8001837323830547   6300468 
14    240812   57.07029133858268    57.91484482372871    0.001014798478601336    0.5196917097154626    6849073  125148   127      0.7785760391161678   0.02804304802483214  0.9449699203648161   7247927 
round 14, total revenue = 11890605
15    261017   59.172308411214956   52.613342307979956   0.0008891548043443938   0.4610389361612462    5010563  120339   107      0.6926827859793331   0.028531843092340543 0.7913784816938082   6331437 
15    240812   57.34850393700788    57.996050389387015   0.001011291427115351    0.5214939454844443    6813740  125582   127      0.7808146890361778   0.028042278473632144 0.9355343623597125   7283260 
round 15, total revenue = 11824303
16    261017   59.43501869158878    52.70415613475324    0.0008867525794555173   0.4622878969569032    4982453  120665   107      0.6929640937705599   0.02853156893715576  0.7834603628214399   6359547 
16    240812   57.144453125         58.05980219396422    0.0010160181613246336   0.5231549922761324    6893510  125982   128      0.7829844167025021   0.028041510846541648 0.9424457480972699   7314490 
round 16, total revenue = 11875963
17    261017   59.68443925233645    52.77880165289256    0.000884297520661157    0.4635713382653237    4955765  121000   107      0.6932408112061992   0.02853130119889969  0.776007303207602    6386235 
17    240812   57.3884765625        58.13468980745032    0.001013002841156406    0.52471222364334      6862275  126357   128      0.7850948681684178   0.028040744539539246 0.9341862103468344   7345725 
round 17, total revenue = 11818040
18    261017   59.90990654205607    52.845413176811974   0.0008820813823122073   0.46473601336311426   4931640  121304   107      0.6935119482095562   0.02853103924601246  0.769323407733731    6410360 
18    240812   57.607               58.19485900542196    0.001010204645362924    0.5261656395860671    6834304  126707   128      0.7871597797637614   0.02803997898305871  0.9268491676358775   7373696 
round 18, total revenue = 11765944
19    261017   60.09918691588785    52.90203772715681    0.000880245481543638    0.46570529888857815   4911387  121557   107      0.6937833372324353   0.028530782507620738 0.7637509829933787   6430613 
19    240812   56.914869230769234   58.252893381831925   0.001023509219456123    0.5274404929986878    7031067  127014   130      0.7891789546303024   0.028039213640494567 0.9502812094662838   7398933 
round 19, total revenue = 11942454
20    261017   60.29276635514019    52.96394266292301    0.00087844605356058     0.46665925974170264   4890674  121806   107      0.6940556083236431   0.028530530468419604 0.7580881821814616   6451326 
20    240812   57.079723076923074   58.30273506556772    0.0010214263826577514   0.5285160207963059    7009636  127273   130      0.7911537707756522   0.028038448006755423 0.9446485374571921   7420364 
round 20, total revenue = 11900310
