Max revenue's round: 20
This round's info:
round bids     cpc                  cpm                  ctr                     winrate               revenue  imps     clks     auc                  rmse                 roi                  cost    
20    261017   54.02324409448819    53.12842750834372    0.0009834364521949218   0.4947532153078152    6601048  129139   127      0.708983237152194    0.028852974940082193 0.9621183765751459   6860952 
20    240812   47.463151315789474   56.12658513435716    0.0011825296799390064   0.5337690812750195    9657601  128538   152      0.8408848278192507   0.028375590797611677 1.3386563454558031   7214399 
round 20, total revenue = 16258649


all rounds' info:
round bids     cpc                  cpm                  ctr                     winrate               revenue  imps     clks     auc                  rmse                 roi                  cost    
1     261017   55.47830081300813    52.37176122060539    0.0009440044207036286   0.49918587678197207   6214169  130296   123      0.7036935647055831   0.02885833546236804  0.9106569315682056   6823831 
1     240812   49.26134722222222    55.235186021522125   0.0011212682790089235   0.5333039881733468    8890366  128426   144      0.7991328276461912   0.028401936362784656 1.2532879480390446   7093634 
round 1, total revenue = 15104535
2     261017   55.54604878048781    52.44376554392213    0.0009441493444686665   0.4991092534202753    6205836  130276   123      0.7040626492524331   0.028858010174422372 0.9083265565639232   6832164 
2     240812   49.30329861111111    55.284807662357885   0.0011213206665628406   0.5332790724714715    8884325  128420   144      0.8017860493903335   0.028400695878168184 1.2513706613330893   7099675 
round 2, total revenue = 15090161
3     261017   55.14496774193549    52.50570899848733    0.0009521396266691238   0.4989445131926273    6306024  130233   124      0.7044037851076637   0.02885768991103897  0.9222062200861776   6837976 
3     240812   49.02842068965517    55.342848913246556   0.0011287911814162048   0.5334285666827234    8985879  128456   145      0.8043626092450573   0.028399439920491956 1.2639929746588925   7109121 
round 3, total revenue = 15291903
4     261017   55.18187903225807    52.55901465572864    0.0009524687375180508   0.4987721106288096    6301447  130188   124      0.7047368300892976   0.028857374640793184 0.9209204517670524   6842553 
4     240812   48.74769178082192    55.38906875029184    0.0011362398244275998   0.5335863661279339    9088837  128494   146      0.8069215434721613   0.028398168349922707 1.2770308899768068   7117163 
round 4, total revenue = 15390284
5     261017   55.235137096774196   52.61337850190891    0.0009525345869917575   0.4987376301160461    6294843  130179   124      0.7050671839760179   0.02885706432804018  0.9190682882579564   6849157 
5     240812   48.80368493150685    55.44190353177351    0.0011360187987768345   0.5336901815524143    9080662  128519   146      0.8094283680746815   0.02839688102784763  1.274418420571768    7125338 
round 5, total revenue = 15375505
6     261017   55.28559677419355    52.67236769315877    0.0009527321900547052   0.4986341885777555    6288586  130152   124      0.7053751824272136   0.02885675893374747  0.917316736815603    6855414 
6     240812   48.86369178082192    55.49582270209721    0.0011357271765511233   0.5338272179127286    9071901  128552   146      0.8118739185787649   0.028395577816833408 1.2716253306829637   7134099 
round 6, total revenue = 15360487
7     261017   55.302911290322584   52.704656721465184   0.0009530177614842483   0.4984847730224468    6286439  130113   124      0.7056738411960619   0.028856458416235884 0.9167164535612589   6857561 
7     240812   48.570775510204086   55.54832535885168    0.00114365736958805     0.5337566234240818    9177096  128535   147      0.8142585999262794   0.028394258580627933 1.2853248447037944   7139904 
round 7, total revenue = 15463535
8     261017   55.335750000000004   52.760688032479315   0.0009534647679389783   0.49825107176927175   6282367  130052   124      0.7059723064874981   0.02885616273183678  0.9155789882670787   6861633 
8     240812   48.59812925170068    55.583933086948065   0.00114374635284964     0.5337150972542897    9173075  128525   147      0.8165940488677452   0.028392923184194858 1.2840385362388322   7143925 
round 8, total revenue = 15455442
9     261017   54.464825396825404   52.79751344447949    0.0009693873625739543   0.4979713964990786    6493432  129979   126      0.7062614672742983   0.028855871835472866 0.9462102233449636   6862568 
9     240812   48.30933108108108    55.627764940208046   0.0011514911031751589   0.5337317077222066    9278219  128529   148      0.8188893446260963   0.02839157149377326  1.2976927545053478   7149781 
round 9, total revenue = 15771651
10    261017   54.48384126984127    52.83871216027955    0.0009698051923062121   0.4977568510863277    6491036  129923   126      0.7065437508185415   0.02885558568116966  0.9455309598127536   6864964 
10    240812   48.02814765100672    55.67419497887768    0.001159199296700561    0.5337649286580403    9382806  128537   149      0.8211257746244884   0.028390203376955876 1.311144723018968    7156194 
round 10, total revenue = 15873842
11    261017   54.52247619047619    52.89124309009439    0.0009700814560460712   0.4976150978671887    6486168  129886   126      0.7068229563130466   0.02885530422250386  0.9441523460835723   6869832 
11    240812   48.39096621621621    55.71353113233967    0.001151320907365342    0.5338106074448117    9266137  128548   148      0.8232929169380043   0.028388818702780892 1.2938165670021893   7161863 
round 11, total revenue = 15752305
12    261017   54.52043650793651    52.90963215132937    0.0009704550355833513   0.4974235394629469    6486425  129836   126      0.7070900606748682   0.028855027412994852 0.944225079426311    6869575 
12    240812   47.770673333333335   55.74781384203647    0.0011669882367585736   0.5337607760410611    9484399  128536   150      0.825429986989644    0.028387417341833077 1.323601328067248    7165601 
round 12, total revenue = 15970824
13    261017   54.08983464566929    52.93811795349984    0.0009787073356812034   0.49714386419275375   6592591  129763   127      0.7073539990426738   0.028854755206444732 0.9597027924818569   6869409 
13    240812   47.805166666666665   55.790671438574655   0.0011670427137633237   0.5337358603391857    9479225  128530   150      0.8275297384512444   0.028385999166350994 1.3219247570869257   7170775 
round 13, total revenue = 16071816
14    261017   54.09165354330709    52.97092229753175    0.0009792808839744925   0.49685269541830607   6592360  129687   127      0.7076080700624625   0.028854487557232092 0.9596368950920281   6869640 
14    240812   47.53452317880795    55.84291315916411    0.0011747864378296793   0.5337524708071026    9583287  128534   151      0.8295774655391807   0.028384564050337548 1.3351449131499127   7177713 
round 14, total revenue = 16175647
15    261017   54.51465873015873    52.99790904742064    0.0009721772140178696   0.4965423708034343    6487153  129606   126      0.7078541205640774   0.028854224420564224 0.9444311396075644   6868847 
15    240812   47.5724238410596     55.88569917067326    0.001174749879413092    0.5337690812750195    9577564  128538   151      0.8315632152085936   0.028383111869672035 1.333284517325692    7183436 
round 15, total revenue = 16064717
16    261017   54.47018253968254    53.0111147156054     0.0009732134581518213   0.4960136696077267    6492757  129468   126      0.7080884568878328   0.028853965752692126 0.9460188135550497   6863243 
16    240812   47.60791390728477    55.92826134312566    0.001174768158336964    0.5337607760410611    9572205  128536   151      0.8335164842776525   0.028381642502221867 1.3315451337811135   7188795 
round 16, total revenue = 16064962
17    261017   54.477920634920636   53.04937670507678    0.0009737775613827642   0.4957263320013639    6491782  129393   126      0.7083247103968535   0.028853711511092194 0.9457423992070182   6864218 
17    240812   47.62721854304636    55.96922813516584    0.0011751521471819696   0.5335863661279339    9569290  128494   151      0.8354217357662668   0.02838015582795286  1.330600093719018    7191710 
round 17, total revenue = 16061072
18    261017   54.47411904761905    53.083007223399484   0.0009744628853382005   0.4953776957056437    6492261  129302   126      0.7085481416301092   0.02885346165461829  0.9458781868016835   6863739 
18    240812   47.690721854304634   56.02684913601954    0.0011747955777893615   0.5337483181901234    9559701  128533   151      0.837284297856909    0.028378651729037162 1.327496747461812    7201299 
round 18, total revenue = 16051962
19    261017   54.460904761904764   53.1070953162245     0.0009751416277125963   0.4950328905780083    6493926  129212   126      0.708770025044068    0.02885321614362746  0.9463503308183503   6862074 
19    240812   47.729509933774835   56.07634371790483    0.0011748778438268339   0.5337109446373104    9553844  128524   151      0.839092938740927    0.02837713008995815  1.3256052734254677   7207156 
round 19, total revenue = 16047770
20    261017   54.02324409448819    53.12842750834372    0.0009834364521949218   0.4947532153078152    6601048  129139   127      0.708983237152194    0.028852974940082193 0.9621183765751459   6860952 
20    240812   47.463151315789474   56.12658513435716    0.0011825296799390064   0.5337690812750195    9657601  128538   152      0.8408848278192507   0.028375590797611677 1.3386563454558031   7214399 
round 20, total revenue = 16258649
