Max revenue's round: 20
This round's info:
round bids     cpc                  cpm                  ctr                     winrate               revenue  imps     clks     auc                  rmse                 roi                  cost    
20    311776   68.54618253968255    51.76955859787091    0.0007552507912151146   0.5351021246022786    10641181 166832   126      0.7979169330525415   0.02269910403960582  1.2320717847624223   8636819 
20    255379   71.66154285714286    69.33630049414285    0.0009675524378865891   0.566589265366377     7327384  144695   140      0.9354282381346736   0.024065493026122733 0.7303562699898013   10032616
round 20, total revenue = 17968565


all rounds' info:
round bids     cpc                  cpm                  ctr                     winrate               revenue  imps     clks     auc                  rmse                 roi                  cost    
1     311776   118.15589361702129   56.807461358265904   0.00048078398477858364  0.6270976598583599    3275346  195514   94       0.5615396068747438   0.02273225864000885  0.2948994359597409   11106654
1     255379   121.993375           74.23607237395917    0.0006085254414344973   0.7721778219822303    240795   197198   120      0.6987979666528006   0.02456489108954055  0.016448639116673346 14639205
round 1, total revenue = 3516141
2     311776   102.38983870967742   53.224608316052475   0.0005198231483396401   0.5738318536385097    4706745  178907   93       0.5886176533931672   0.022724409996279657 0.49428890530656866  9522255 
2     255379   105.24978448275863   68.55008057135478    0.0006513085124899636   0.697406599602943     2175025  178103   116      0.7469434914189542   0.024540023543779172 0.1781496808700157   12208975
round 2, total revenue = 6881770
3     311776   95.30081632653061    52.55194998846493    0.0005514323173099106   0.5700214256389202    5654520  177719   98       0.6137465276819232   0.022721514331718543 0.6054427013067109   9339480 
3     255379   99.35302564102564    67.4361363306744     0.0006787527193618565   0.6749771907635318    2883696  172375   117      0.7827975188686327   0.024527251369963553 0.2480747234415067   11624304
round 3, total revenue = 8538216
4     311776   92.21277227722773    52.29594816162433    0.0005671226107854367   0.571217797393        6139510  178092   101      0.6365163036128253   0.022719253282305264 0.6592061622442286   9313490 
4     255379   95.86257983193278    67.31962467911835    0.0007022513351627275   0.663543204413832     3348353  169455   119      0.8096056191824632   0.024515359181784158 0.29351828646170414  11407647
round 4, total revenue = 9487863
5     311776   90.02933009708738    52.08099410278012    0.0005784891884302163   0.5710830852920045    6485979  178050   103      0.6571055340525611   0.022717226731489397 0.6994461675434576   9273021 
5     255379   91.00388709677419    67.48930647592162    0.000741609052415014    0.6547288539778133    4091518  167204   124      0.8303544618766482   0.024502777145969195 0.362579159592793    11284482
round 5, total revenue = 10577497
6     311776   86.87610377358492    51.873926905657825   0.0005971023636240734   0.5693959765985837    7009133  177524   106      0.6755332742077115   0.022715394699955635 0.7611287034550505   9208867 
6     255379   87.396046875         67.70786829681637    0.0007747246096114272   0.6469600084580173    4685306  165220   128      0.8465193431311562   0.024488910094890515 0.41882847604484397  11186694
round 6, total revenue = 11694439
7     311776   84.62052777777778    51.72169715217096    0.000611219269253407    0.5667402237503849    7384983  176696   108      0.6919155694890664   0.022713738886436248 0.8080719184568756   9139017 
7     255379   84.73799236641221    67.92728552196793    0.0008016154693427977   0.6399116607082023    5143323  163420   131      0.8595126149196086   0.02447337418843499  0.4633341732220476   11100677
round 7, total revenue = 12528306
8     311776   81.01526785714286    51.62204446669549    0.0006371890858612293   0.563776557528482     8062290  175772   112      0.706507093928515    0.022712232340942953 0.8885329154226882   9073710 
8     255379   84.70684615384616    68.09821527958147    0.0008039281164582638   0.6332000673508785    5108110  161706   130      0.8702228998350068   0.024455874570058243 0.46387223265034433  11011890
round 8, total revenue = 13170400
9     311776   80.3863125           51.514945356754595   0.0006408422498140413   0.5605627116904445    8132733  174770   112      0.7195679630552233   0.02271084618907218  0.9033090987971366   9003267 
9     255379   81.5814776119403     68.28223786532084    0.0008369821173149114   0.6269074591097937    5684082  160099   134      0.8794100061951957   0.024436177152263767 0.5199528573119557   10931918
round 9, total revenue = 13816815
10    311776   79.13820353982301    51.4555649537093     0.0006501987997215078   0.557429051626809     8346383  173793   113      0.7312451371601145   0.022709555003781263 0.9333266760725636   8942617 
10    255379   80.41757037037038    68.46811006489617    0.0008514073448073613   0.6208850375324517    5883628  158561   135      0.887444170091834    0.024414101755432106 0.5419515838256095   10856372
round 10, total revenue = 14230011
11    311776   78.03209649122807    51.44586584004673    0.0006592910885821193   0.5546065123678539    8546341  172913   114      0.7415711257012779   0.022708338445953824 0.9607316332606725   8895659 
11    255379   79.74507407407407    68.60906112980524    0.0008603548485775467   0.6144279678438712    5974415  156912   135      0.8946641555134062   0.024389522751155863 0.5549549792231449   10765585
round 11, total revenue = 14520756
12    311776   76.95657391304348    51.425418666542704   0.0006682394505328483   0.5519796263984399    8744994  172094   115      0.7507715614595691   0.022707180986566166 0.988134245332715    8850006 
12    255379   78.62458088235294    68.79499073549849    0.0008749806989551701   0.6086326596940234    6171057  155432   136      0.9012039924029345   0.024362372740617682 0.5771149252362049   10692943
round 12, total revenue = 14916051
13    311776   75.33106837606837    51.44213315590108    0.0006828807059935915   0.5495387714256389    9087265  171333   117      0.759002234701345    0.022706070993219023 1.031034516013926    8813735 
13    255379   78.0420294117647     68.93590101646478    0.0008833176371253207   0.6028882562779242    6250284  153965   136      0.9071094514262308   0.024332646893500256 0.5888874358424514   10613716
round 13, total revenue = 15337549
14    311776   75.06334188034188    51.47079921935896    0.0006856982107379168   0.5472807400184748    9118589  170629   117      0.766384393147979    0.02270499976829087  1.0382785547157836   8782411 
14    255379   77.53926470588235    69.0673425813128     0.0008907402313304778   0.5978643506318061    6318660  152682   136      0.9123851630786688   0.02430040630915158  0.5991897843028295   10545340
round 14, total revenue = 15437249
15    311776   73.56440336134453    51.51750762096442    0.0007003048385767922   0.5450259160422868    9452836  169926   119      0.7730236576568693   0.02270396074423285  1.0798102480145448   8754164 
15    255379   77.00714705882352    69.1732738008745     0.0008982708286548395   0.5928521922319376    6391028  151402   136      0.9171502226835756   0.024265779171233737 0.6102401495965042   10472972
round 15, total revenue = 15843864
16    311776   72.0965041322314     51.54497057502777    0.000714944104370022    0.5428384481165965    9789323  169244   121      0.7790569426778127   0.022702948873670473 1.1221556002130753   8723677 
16    255379   75.85474452554745    69.240045839774      0.0009127978252758381   0.5877068983745727    6595900  150088   137      0.9215957781076793   0.024228958827796094 0.6347032842255175   10392100
round 16, total revenue = 16385223
17    311776   71.30558196721312    51.60052553843964    0.0007236533818932434   0.5407375808272606    9966719  168589   122      0.7845037618585524   0.022701960190654222 1.1456945694707412   8699281 
17    255379   74.69584782608696    69.2860157956646     0.0009275751974458075   0.5825655202659576    6803973  148775   138      0.9257237375221506   0.024190198336516516 0.6600655004105054   10308027
round 17, total revenue = 16770692
18    311776   71.14215573770493    51.65629891501658    0.0007260997137262604   0.5389157600328441    9986657  168021   122      0.7894085839918525   0.02270099150432602  1.1506236128702367   8679343 
18    255379   73.51556115107914    69.32607191316147    0.0009430122116689281   0.577181365734849     7017337  147400   139      0.9293559795087859   0.02414980147894279  0.6867177242267408   10218663
round 18, total revenue = 17003994
19    311776   69.83747580645161    51.71879647159298    0.0007405593612078284   0.5370554500667145    10312153 167441   124      0.7938685786719417   0.02270004018868778  1.1908008305458515   8659847 
19    255379   72.85056115107913    69.33018389954675    0.0009516767311615933   0.571926430912487     7109772  146058   139      0.93255341289135     0.02410811072291011  0.7021145484774785   10126228
round 19, total revenue = 17421925
20    311776   68.54618253968255    51.76955859787091    0.0007552507912151146   0.5351021246022786    10641181 166832   126      0.7979169330525415   0.02269910403960582  1.2320717847624223   8636819 
20    255379   71.66154285714286    69.33630049414285    0.0009675524378865891   0.566589265366377     7327384  144695   140      0.9354282381346736   0.024065493026122733 0.7303562699898013   10032616
round 20, total revenue = 17968565
