Max revenue's round: 20
This round's info:
round bids     cpc                  cpm                  ctr                     winrate               revenue  imps     clks     auc                  rmse                 roi                  cost    
20    311776   133.86981034482758   64.4210941162317     0.00048122197193148396  0.7731608590783127    2219102  241053   116      0.5425691421459611   0.02276877134199676  0.1429014473531863   15528898
20    255379   134.22705263157897   82.29777523718202    0.0006131236112519707   0.849412050325203     -1360198 216922   133      0.6866546324671507   0.02458964865211924  -0.0761921865307566  17852198
round 20, total revenue = 858904


Here are train dataset's quality scores:
id    score1               score2               score3              
3476  0.8204727620874716   1.0                  9.715516909576106   
3358  0.8398971380861835   1.0                  14.773638396265943  


all rounds' info:
round bids     cpc                  cpm                  ctr                     winrate               revenue  imps     clks     auc                  rmse                 roi                  cost    
1     311776   154.70975            79.21490182949644    0.0005120226865436499   0.9772208252078415    -266721  304674   156      0.5044914975608439   0.02350799348172991  -0.011051339686089597 24134721
1     255379   157.11205194805197   94.7967386662383     0.0006033702538464854   0.999428300682515     -5099256 255233   154      0.6497351840049459   0.026554334533075822 -0.21075437267537075 24195256
round 1, total revenue = -5365977
2     311776   152.04511971830988   74.86011927464374    0.0004923546340279463   0.9250551678127886    135593   288410   142      0.5078493598217979   0.02301017382427597  0.006280242887500917 21590407
2     255379   154.6168954248366    93.63895991830078    0.0006056191961493702   0.9892512696815322    -4684385 252634   153      0.6535675804262345   0.02524295318161315  -0.19801778674129628 23656385
round 2, total revenue = -4548792
3     311776   150.37006870229007   71.67931400874774    0.00047668604947346204  0.8814469362619316    344521   274814   131      0.5104946849228568   0.022890536695796666 0.01748972598341222  19698479
3     255379   151.99176666666668   91.88937612600812    0.0006045681166897075   0.971540338085747     -4198765 248111   150      0.6565338197897705   0.024927089625004454 -0.1841663353256196  22798765
round 3, total revenue = -3854244
4     311776   148.01168548387096   69.39866673724968    0.0004688728900719947   0.8482500256594478    618551   264464   124      0.5128798944947495   0.022841552201812866 0.03370216682433912  18353449
4     255379   148.28833783783784   90.18971065057389    0.0006082050144037742   0.9528543850512375    -3594674 243339   148      0.6591018874357105   0.024798700296243793 -0.16379128791907147 21946674
round 4, total revenue = -2976123
5     311776   148.96029914529916   67.84338493758052    0.0004554460841368518   0.8239601508775531    472645   256891   117      0.5151198778792472   0.02281624307446712  0.027119312178343853 17428355
5     255379   145.444602739726     88.79810317934907    0.0006105286927577079   0.9364004088041695    -3130912 239137   146      0.6614980161380396   0.024732488215562287 -0.14744172238622888 21234912
round 5, total revenue = -2658267
6     311776   143.2628376068376    66.70759973256074    0.0004656308701327645   0.8059375962229293    1139248  251272   117      0.5172415635115916   0.022801355028551674 0.06796711942761115  16761752
6     255379   144.30997202797204   87.65190392252639    0.0006073863274364474   0.92190430693205      -2904326 235435   143      0.6637990415892268   0.024693277019185413 -0.14073852099448322 20636326
round 6, total revenue = -1765078
7     311776   141.6329391304348    65.8925752567894     0.0004652348222196151   0.7928352406856204    1307212  247187   115      0.5192779591554836   0.022791857392704975 0.08025718409399729  16287788
7     255379   142.75900000000001   86.66924577289225    0.0006071017993463968   0.9094365629123773    -2645019 232251   141      0.6659481257306705   0.024667841887849346 -0.13140327404927185 20129019
round 7, total revenue = -1337807
8     311776   139.83826315789474   65.28316768431269    0.0004668476725186432   0.7832257774812686    1500438  244191   114      0.5212526844969052   0.02278546229297601  0.0941211407012688   15941562
8     255379   140.84310000000002   85.8870464019235     0.0006098065606474403   0.8989815137501518    -2358034 229581   140      0.6679978323175502   0.024650236267858026 -0.11958768303168561 19718034
round 8, total revenue = -857596
9     311776   137.7830701754386    64.86131471257438    0.00047074952408874865  0.7767339371856717    1734730  242167   114      0.5231867481004341   0.022780992423377812 0.11044121607383078  15707270
9     255379   140.45991304347828   85.23989991160911    0.0006068628270133114   0.890437349977876     -2271468 227399   138      0.6699575749943072   0.024637438502497173 -0.11718584104763916 19383468
round 9, total revenue = -536738
10    311776   137.55049557522122   64.56938115079282    0.0004694231080794779   0.7720959919942523    1745794  240721   113      0.5250838573598194   0.02277778460964554  0.11231878416846564  15543206
10    255379   138.46384057971014   84.70913943219904    0.0006117780575603355   0.8832832770118139    -1996010 225572   138      0.6718130806405858   0.024627769881789798 -0.1044593340698482  19108010
round 10, total revenue = -250216
11    311776   136.62683185840706   64.37460179795521    0.00047117100588755275  0.7692317561326081    1850168  239828   113      0.5269360393852782   0.022775438467212885 0.11983859918936873  15438832
11    255379   136.80439130434783   84.26585312509764    0.0006159586861333417   0.8772882656757212    -1767006 224041   138      0.673621289084116    0.024620232094432166 -0.0935963471805666  18879006
round 11, total revenue = 83162
12    311776   136.0671150442478    64.25018804218831    0.00047219482842194996  0.7675638920250436    1913416  239308   113      0.5287408823776513   0.022773698654914055 0.12444509424812743  15375584
12    255379   135.37378260869565   83.88412577961178    0.000619648237370177    0.8720646568433583    -1569582 222707   138      0.6753707004133098   0.024614198775692583 -0.08401761692344899 18681582
round 12, total revenue = 343834
13    311776   135.76602654867256   64.17210512446198    0.00047266688696568775  0.7667973160217592    1947439  239069   113      0.5305388686848109   0.022772394991409754 0.12693877761200442  15341561
13    255379   137.15143703703706   83.55721828602374    0.0006092332686493073   0.8676907654897231    -1775444 221590   135      0.676988702354556    0.024609259590416568 -0.0958898960240975  18515444
round 13, total revenue = 171995
14    311776   135.7041946902655    64.14878245700636    0.00047271038749701944  0.7667267525402853    1954426  239047   113      0.5323221450103215   0.02277140992375341  0.1274522526677298   15334574
14    255379   136.05534814814817   83.28030832010882    0.0006121060983903877   0.86361838678983      -1627472 220550   135      0.6785602721306512   0.024605136038059406 -0.08860620557908024 18367472
round 14, total revenue = 326954
15    311776   134.5662192982456    64.14426088301826    0.0004766743185438854   0.7670795699476547    2101451  239157   114      0.5340951562402363   0.02277065986582529  0.13698668802531122  15340549
15    255379   136.17394776119403   83.05065699344145    0.0006098865337963616   0.860340905086166     -1631309 219713   134      0.6800306325078584   0.024601633448563708 -0.08939997673081548 18247309
round 15, total revenue = 470142
16    311776   134.75132456140352   64.17024591773223    0.0004762123572929416   0.7678236939341065    2080349  239389   114      0.5358316516349457   0.02277008398746073  0.13542483161477892  15361651
16    255379   135.43276119402987   82.86034544948156    0.0006118190659257873   0.8576233754537373    -1531990 219019   134      0.6814461138821997   0.02459861233618385  -0.08441651113980116 18147990
round 16, total revenue = 548359
17    311776   135.0344210526316    64.21251887508656    0.0004755270424720732   0.768930257620856     2048076  239734   114      0.5375433912068792   0.022769637204143833 0.1330444401310543   15393924
17    255379   134.7436194029851    82.68940486821919    0.0006136795585170937   0.8550233182838056    -1439645 218355   134      0.6827985747233469   0.024595970628230213 -0.07973378962645754 18055645
round 17, total revenue = 608431
18    311776   134.18474782608698   64.26633182571612    0.00047893917056065035  0.7701490813917684    2163754  240114   115      0.5392443873098304   0.022769285634745305 0.1402190075901842   15431246
18    255379   134.15199253731345   82.53422556874268    0.00061522921879663     0.8528696564713621    -1360367 217805   134      0.6841129484679294   0.024593632264981773 -0.07567530191167103 17976367
round 18, total revenue = 803387
19    311776   134.56994782608695   64.33293148315971    0.00047806313759072807  0.771560351021246     2119456  240554   115      0.5409025291301987   0.022769003562566878 0.13695518554953545  15475544
19    255379   134.64015037593984   82.39987115773974    0.0006120007362414872   0.850970518327662     -1415140 217320   133      0.6854103013256702   0.02459153967057263  -0.0790265782252219  17907140
round 19, total revenue = 704316
20    311776   133.86981034482758   64.4210941162317     0.00048122197193148396  0.7731608590783127    2219102  241053   116      0.5425691421459611   0.02276877134199676  0.1429014473531863   15528898
20    255379   134.22705263157897   82.29777523718202    0.0006131236112519707   0.849412050325203     -1360198 216922   133      0.6866546324671507   0.02458964865211924  -0.0761921865307566  17852198
round 20, total revenue = 858904
