Max revenue's round: 20
This round's info:
round bids     cpc                  cpm                  ctr                     winrate               revenue  imps     clks     auc                  rmse                 roi                  cost    
20    311776   92.97143243243242    44.36746933563773    0.0004772161531218965   0.2486817458688289    2221057  77533    37       0.5326895620871039   0.023415981335446423 0.6456668031999367   3439943 
20    255379   50.76341807909605    63.665140897464056   0.001254153942082179    0.5526335368217433    12962875 141131   177      0.7600767001550868   0.031046721075226665 1.4427039134124455   8985125 
round 20, total revenue = 15183932


Here are train dataset's quality scores:
id    score1               score2               score3              
3476  0.8005887794599209   0.4669051878354204   1.3035848853482614  
3358  0.9254589368335213   0.7861356932153393   16.00047948889076   


all rounds' info:
round bids     cpc                  cpm                  ctr                     winrate               revenue  imps     clks     auc                  rmse                 roi                  cost    
1     311776   103.1774090909091    47.63999832098558    0.0004617289650974878   0.3056489274350816    2192194  95294    44       0.5129325241292231   0.023417356275706392 0.482882748734197    4539806 
1     255379   57.65141104294479    63.09245818870306    0.0010943783863625683   0.5832233660559404    10814820 148943   163      0.7013277036048531   0.031070032219856488 1.150858023364456    9397180 
round 1, total revenue = 13007014
2     311776   102.67118604651164   47.28806460941935    0.0004605777573076552   0.2994489633583085    2164139  93361    43       0.5138715972604018   0.023417204366499748 0.49019414201262507  4414861 
2     255379   57.258411042944786   63.01947346032046    0.0011006151290690687   0.5799184741110271    10878879 148099   163      0.7051456367652442   0.031068826009300388 1.1656206964422726   9333121 
round 2, total revenue = 13043018
3     311776   107.48830000000001   46.94837300720681    0.00043677658877484165  0.2937365287899004    1820468  91580    40       0.5148344484334126   0.023417073101357794 0.4234107340054685   4299532 
3     255379   56.913938650306754   62.95319720689725    0.0011061121176957581   0.5770364830311028    10935028 147363   163      0.7088606463044834   0.03106763441066071  1.1787281453474259   9276972 
round 3, total revenue = 12755496
4     311776   105.00022500000001   46.663137311542435   0.0004444098792316153   0.2886912398645181    1919991  90007    40       0.5158067019733992   0.02341695816288028  0.4571397347005685   4200009 
4     255379   56.27979878048781    62.929188455795625   0.0011181487819678054   0.574326784896174     11106113 146671   164      0.7124929646642865   0.031066451083484367 1.203277244889347    9229887 
round 4, total revenue = 13026104
5     311776   105.35784615384615   46.389044436416185   0.0004402998554913295   0.28410140613773993   1858044  88576    39       0.5167962401041729   0.023416856294597457 0.45219369591691905  4108956 
5     255379   56.38094478527607    62.91008536243095    0.0011158040292162674   0.5720243246312343    11021906 146083   163      0.7160446864974429   0.031065271313944313 1.1993246206186792   9190094 
round 5, total revenue = 12879950
6     311776   108.93832432432433   46.15872107005028    0.0004237142562669629   0.2800824951247049    1630282  87323    37       0.5177967195122855   0.02341676500492732  0.4044644155210064   4030718 
6     255379   56.201754601226995   62.921198134525696   0.0011195593194727768   0.5701056077437847    11051114 145593   163      0.7194766957499685   0.031064091553658767 1.2063368106534673   9160886 
round 6, total revenue = 12681396
7     311776   106.9828918918919    45.93938374049788    0.0004294086926246156   0.276368290054398     1702633  86165    37       0.5188085343089274   0.02341668236271924  0.4301352047447849   3958367 
7     255379   55.3702              62.953198966408266   0.001136950904392765    0.5682730373288328    11323917 145125   165      0.7228579572780965   0.03106290909850637  1.2394717736255243   9136083 
round 7, total revenue = 13026550
8     311776   105.23005405405405   45.73446254683848    0.0004346140744482163   0.2730582212870779    1767488  85133    37       0.519835231494814    0.023416606853464684 0.4539572499070248   3893512 
8     255379   55.23267272727273    62.97953753869969    0.0011402587350729766   0.5666245071051261    11346609 144704   165      0.7261608121438574   0.03106172186133695  1.2450479739100406   9113391 
round 8, total revenue = 13114097
9     311776   103.64797297297298   45.5687516338316     0.000439649231207966    0.2699309760853946    1826025  84158    37       0.5208699235077097   0.023416537276507356 0.47615043122836526  3834975 
9     255379   54.77939759036145    63.01805984836935    0.0011503970949008303   0.5650347131126678    11490620 144298   166      0.7294144426690674   0.031060528208904946 1.2636247467938215   9093380 
round 9, total revenue = 13316645
10    311776   102.333              45.434398099260825   0.00044398579245464144  0.26729446782305244   1874679  83336    37       0.5219176024226952   0.023416472670467012 0.4951188766087186   3786321 
10    255379   54.38037724550899    63.07051184110008    0.0011598027640808389   0.5638286624976995    11626477 143990   167      0.7325759560772891   0.031059326843512453 1.2802342734803402   9081523 
round 10, total revenue = 13501156
11    311776   101.00691891891893   45.27921684557416    0.00044827836875136303  0.2647349379041363    1923744  82538    37       0.522962053379358    0.023416412258400236 0.5147477186470502   3737256 
11    255379   54.319856287425154   63.136247216035635   0.0011623051224944321   0.5626147803852314    11636584 143680   167      0.7356402109480392   0.031058116716274526 1.2827748170737623   9071416 
round 11, total revenue = 13560328
12    311776   99.83805405405406    45.14687981227543    0.0004522011195033121   0.2624384173252592    1966992  81822    37       0.5240220435772497   0.023416355406976643 0.5324817921347219   3694008 
12    255379   53.590544378698226   63.17479649277       0.0011788422234777938   0.5613656565340142    11899198 143361   169      0.7386176488081013   0.03105689696306888  1.3138410224712873   9056802 
round 12, total revenue = 13866190
13    311776   98.74362162162163    45.03283618883274    0.0004560581782324664   0.26021887508980807   2007486  81130    37       0.5250979483603614   0.023416301595744676 0.5494671705103634   3653514 
13    255379   53.212052941176474   63.24095189491125    0.0011884704385455918   0.560112616934047     12033951 143041   170      0.7415316123412118   0.031055666856962465 1.3302991173273548   9046049 
round 13, total revenue = 14041437
14    311776   97.73427027027027    44.90683754315376    0.00045947892606114794  0.2582815867802525    2044832  80526    37       0.526176536853009    0.023416250393752794 0.5654693034173192   3616168 
14    255379   52.83593567251462    63.291197321228424   0.0011978816408876934   0.5589809655453267    12169055 142752   171      0.7443724851868376   0.03105442577273689  1.3468875571461696   9034945 
round 14, total revenue = 14213887
15    311776   96.80778378378379    44.80720540405304    0.00046284713535151364  0.25640203222826646   2079112  79940    37       0.5272542432872778   0.023416201441595022 0.5804514267336108   3581888 
15    255379   52.78239766081872    63.35621678915633    0.0012003285109608945   0.5578414826591067    12178210 142461   171      0.747155739212173    0.031053173160380074 1.3492680419110128   9025790 
round 15, total revenue = 14257322
16    311776   95.95064864864865    44.7102664853156     0.00046597148758248955  0.25468284922508466   2110826  79404    37       0.5283297164247996   0.023416154437499608 0.5945697309483986   3550174 
16    255379   52.09526011560693    63.39629012176335    0.0012169301003791477   0.5566667580341375    12439520 142161   173      0.7498855637227972   0.03105190852527415  1.3802549353784974   9012480 
round 16, total revenue = 14550346
17    311776   95.09516216216217    44.61278338489628    0.00046913830704468223  0.2529636662219029    2142479  78868    37       0.5294185893428017   0.02341610912646113  0.608914654765454    3518521 
17    255379   51.74238505747127    63.4540296719174     0.0012263452796278677   0.5555860113791659    12572825 141885   174      0.7525416786712487   0.031050631413414367 1.3964879056555048   9003175 
round 17, total revenue = 14715304
18    311776   94.25835135135135    44.515968038394774   0.00047227611559277037  0.2512829723904342    2173441  78344    37       0.5304980598938283   0.023416065291684506 0.6231983458917828   3487559 
18    255379   51.41730285714286    63.528795441869      0.0012355528569512203   0.5546149056891914    12701972 141637   175      0.7551217513760123   0.03104934140042534  1.4116395281277188   8998028 
round 18, total revenue = 14875413
19    311776   93.58548648648649    44.44839094771703    0.0004749496168311875   0.2498684953299805    2198337  77903    37       0.5315936327020705   0.023416022747800087 0.6348688855946998   3462663 
19    255379   50.824372881355934   63.61942546781516    0.0012517503288496626   0.5536947047329656    12952086 141402   177      0.7576264641861026   0.031048038083451537 1.439774324209858    8995914 
round 19, total revenue = 15150423
20    311776   92.97143243243242    44.36746933563773    0.0004772161531218965   0.2486817458688289    2221057  77533    37       0.5326895620871039   0.023415981335446423 0.6456668031999367   3439943 
20    255379   50.76341807909605    63.665140897464056   0.001254153942082179    0.5526335368217433    12962875 141131   177      0.7600767001550868   0.031046721075226665 1.4427039134124455   8985125 
round 20, total revenue = 15183932
