Max revenue's round: 20
This round's info:
round bids     cpc                  cpm                  ctr                     winrate               revenue  imps     clks     auc                  rmse                 roi                  cost    
20    311776   91.6678085106383     46.64321363227923    0.000508828719592071    0.2962671918300318    2882613  92369    47       0.5719216747294176   0.022720152884053504 0.6690701183528778   4308387 
20    255379   55.731393617021276   83.61799492426299    0.0015003750937734434   0.4906511498596204    12834498 125302   188      0.8968222143234201   0.028597980302075398 1.224957819144296    10477502
round 20, total revenue = 15717111


Here are train dataset's quality scores:
id    score1               score2               score3              
3476  0.8088090795551728   0.4477317554240631   7.628644904392551   
3358  0.956397841723971    0.8787878787878788   3.8618201862825368  


all rounds' info:
round bids     cpc                  cpm                  ctr                     winrate               revenue  imps     clks     auc                  rmse                 roi                  cost    
1     311776   104.17218181818183   47.40976417045925    0.0004551096400496483   0.31009442676793597   2148424  96680    44       0.5503184123026473   0.022720788489191582 0.4687222378335169   4583576 
1     255379   54.543494318181814   78.88744165406614    0.0014463217408454407   0.4764996338774919    12224345 121688   176      0.8669513587512906   0.028682246588147327 1.2734150341861243   9599655 
round 1, total revenue = 14372769
2     311776   104.06659090909092   47.395534669965116   0.00045543468135098486  0.30987311403058604   2153070  96611    44       0.5515264446303235   0.02272075625244326  0.470212473219726    4578930 
2     255379   55.18080113636364    79.37607068131294    0.0014384726036354126   0.4790996910474236    12112179 122352   176      0.868696922940071    0.02867802412521923  1.2471583856415804   9711821 
round 2, total revenue = 14265249
3     311776   101.62224444444445   47.37830109509848    0.00046621978636773344  0.30958444524273837   2311999  96521    45       0.5527249294224847   0.02272072349756184  0.5055758789468885   4573001 
3     255379   55.43494350282486    79.81830975603803    0.0014398555263607448   0.48135907807611433   12136015 122929   177      0.8704330778267226   0.02867379410513893  1.2368562528377285   9811985 
round 3, total revenue = 14448014
4     311776   101.39653333333334   47.35156339182864    0.000466993908323907    0.30907125628656473   2322156  96361    45       0.5539091427419347   0.022720690339693175 0.5089273269040099   4562844 
4     255379   55.91972881355932    80.19731319580612    0.0014341506101217003   0.4832738792148141    12050208 123418   177      0.8721344238412565   0.02866955351603579  1.2174642586952726   9897792 
round 4, total revenue = 14372364
5     311776   101.17711111111112   47.32767850646043    0.0004677706052951633   0.30855806733039104   2332030  96201    45       0.5550899077865533   0.0227206568795849   0.5121997289681242   4552970 
5     255379   56.34929943502825    80.55751554801712    0.0014296098861158227   0.48480885272477375   11974174 123810   177      0.8738197980737883   0.028665299301097506 1.200559745076764    9973826 
round 5, total revenue = 14306204
6     311776   100.89735555555555   47.29021674599785    0.0004686962952161731   0.3079486554449348    2344619  96011    45       0.5562621019746555   0.022720623203874087 0.516392567055496    4540381 
6     255379   56.7379604519774     80.88970777756299    0.0014256717572008505   0.4861480387972386    11905381 124152   177      0.875486372187922    0.02866102840556717  1.1854856785864325   10042619
round 6, total revenue = 14250000
7     311776   100.56986666666667   47.24744743490698    0.0004697972563840227   0.30722698347531563   2359356  95786    45       0.5574157392617882   0.02272058938584082  0.5213304449046368   4525644 
7     255379   57.073005649717516   81.16796966020392    0.001422177940975598    0.4873423421659573    11846078 124457   177      0.8771369190624771   0.028656737814163148 1.172655856974544    10101922
round 7, total revenue = 14205434
8     311776   100.20060000000001   47.20752761346385    0.0004711301889755536   0.3063577696807965    2375973  95515    45       0.558567164072006    0.02272055548645147  0.5269369644493147   4509027 
8     255379   57.36385875706215    81.4422314911366     0.0014197481350766022   0.4881763966496854    11794597 124670   177      0.878760125351869    0.028652424580239148 1.1616397970217474   10153403
round 8, total revenue = 14170570
9     311776   99.83273333333334    47.15714945520963    0.00047236159805177084  0.3055591193677512    2392527  95266    45       0.5597099980934828   0.022720521555557722 0.5325634678271856   4492473 
9     255379   57.31834269662921    81.70564022070776    0.001425471086160918    0.4889634621484147    11869335 124871   178      0.8803532181772781   0.028648085847920113 1.1633563387605101   10202665
round 9, total revenue = 14261862
10    311776   99.43551111111113    47.099544224919214   0.0004736692525499195   0.30471556502104075   2410402  95003    45       0.5608516561137165   0.022720487633153496 0.538685709867121    4474598 
10    255379   56.91441666666667    81.9272661841737     0.0014394817865568395   0.4896448024308968    12075405 125045   180      0.8819368462429822   0.028643718868342726 1.1787098465093055   10244595
round 10, total revenue = 14485807
11    311776   99.06033333333333    47.05159329118333    0.000474979153692699    0.3038752181053064    2427285  94741    45       0.5619871152121441   0.022720453750620834 0.5445132764207672   4457715 
11    255379   57.10382777777778    82.13751797986255    0.001438389004315167    0.49001679856213703   12041311 125140   180      0.883490656618444    0.028639321011010754 1.1714831531530918   10278689
round 11, total revenue = 14468596
12    311776   98.7062              47.00394717348515    0.00047620055450909015  0.3030958123781176    2443221  94498    45       0.5631106947047954   0.022720419931918773 0.5500546064988825   4441779 
12    255379   56.98328729281768    82.34381861003553    0.0014450520937287932   0.49046710966837526   12130025 125255   181      0.8850337636816614   0.028634889771153676 1.1760766338875166   10313975
round 12, total revenue = 14573246
13    311776   96.21447826086957    46.96526841898617    0.00048813098888971423  0.30225867289335934   2612134  94237    46       0.5642343539263444   0.022720386194686797 0.5901972630893028   4425866 
13    255379   56.51493442622951    82.53252308257056    0.0014603666078795957   0.49068639159836946   12349767 125311   183      0.8865565917577767   0.02863042277385968  1.1941103048055484   10342233
round 13, total revenue = 14961901
14    311776   95.83039130434783    46.92068121341139    0.0004896221394358702   0.3013381402032228    2629802  93950    46       0.5653483858834805   0.02272035255124717  0.5965707529471226   4408198 
14    255379   56.368717391304344   82.72063421170165    0.0014674918649907483   0.490972241257112     12444156 125384   184      0.8880893467400668   0.02862591777564348  1.1998016938935834   10371844
round 14, total revenue = 15073958
15    311776   95.47652173913043    46.8806507050372     0.0004910175805642432   0.300481756132608     2646080  93683    46       0.5664562189188104   0.0227203190095001   0.6024882056139456   4391920 
15    255379   56.183545945945944   82.88773345667396    0.0014753026364056844   0.4910270617396105    12546044 125398   185      0.8895998262625047   0.028621372664008184 1.2070518674506607   10393956
round 15, total revenue = 15192124
16    311776   93.07174468085105    46.830806783144915   0.0005031688934566633   0.29959971261418455   2816628  93408    47       0.5675612614427163   0.02272028557371173  0.6438931119712726   4374372 
16    255379   56.29097837837838    83.04755335098409    0.0014753261667038821   0.49101923024211075   12526169 125396   185      0.8910885109574189   0.028616785455470365 1.2028396658251896   10413831
round 16, total revenue = 15342797
17    311776   92.70334042553192    46.781663373990725   0.000504638378285518    0.2987272913886893    2833943  93136    47       0.5686575736523101   0.022720252245199617 0.6504259641312932   4357057 
17    255379   56.398762162162164   83.20524250785499    0.0014753026364056844   0.4910270617396105    12506229 125398   185      0.8925566393773489   0.028612154292437443 1.198629814666241    10433771
round 17, total revenue = 15340172
18    311776   92.35631914893617    46.73902790938065    0.0005060728744939271   0.29788052961100275   2850253  92872    47       0.5697611013271573   0.022720219022922542 0.6566273040101163   4340747 
18    255379   56.4922054054054     83.35772396630934    0.0014755615109749872   0.4909409152671128    12488942 125376   185      0.8940025108232855   0.028607477439257106 1.194993081083274    10451058
round 18, total revenue = 15339195
19    311776   92.00921276595744    46.689552045432464   0.0005074443160838255   0.29707546443600535   2866567  92621    47       0.5708400127047999   0.022720185903983316 0.6628769598234034   4324433 
19    255379   55.66780319148936    83.48660614569705    0.0014997287724560452   0.49086260029211487   12846453 125356   188      0.8954169932809819   0.028602753277698584 1.2274994321844812   10465547
round 19, total revenue = 15713020
20    311776   91.6678085106383     46.64321363227923    0.000508828719592071    0.2962671918300318    2882613  92369    47       0.5719216747294176   0.022720152884053504 0.6690701183528778   4308387 
20    255379   55.731393617021276   83.61799492426299    0.0015003750937734434   0.4906511498596204    12834498 125302   188      0.8968222143234201   0.028597980302075398 1.224957819144296    10477502
round 20, total revenue = 15717111
