Max revenue's round: 20
This round's info:
round bids     cpc                  cpm                  ctr                     winrate               revenue  imps     clks     auc                  rmse                 roi                  cost    
20    311776   83.54192592592592    47.265092303501454   0.000565764935146575    0.3061364569434466    3750736  95446    54       0.5941609943708408   0.022719417462594305 0.8314157628549338   4511264 
20    255379   55.75332307692308    84.55751551635635    0.0015166363339399879   0.5034634797692841    13308102 128574   195      0.9277732355968724   0.028483321072706447 1.2240826762723491   10871898
round 20, total revenue = 17058838


Here are train dataset's quality scores:
id    score1               score2               score3              
3476  0.8201756118507832   0.4516765285996055   9.398423713583561   
3358  0.9622721427178621   0.9074960127591707   3.7797002442099887  


all rounds' info:
round bids     cpc                  cpm                  ctr                     winrate               revenue  imps     clks     auc                  rmse                 roi                  cost    
1     311776   92.355               46.74641380201602    0.0005061600758163177   0.29782921071538543   2850315  92856    47       0.5731153558554846   0.022720117795097524 0.6566509663797304   4340685 
1     255379   55.81664021164021    83.7934581443561     0.001501227193658308    0.49298102036580926   12886655 125897   189      0.8985821789962045   0.028592349223631006 1.2215597271678953   10549345
round 1, total revenue = 15736970
2     311776   92.97808510638298    46.83833695966731    0.0005037567390861639   0.2992501026377912    2821030  93299    47       0.5743076815902886   0.02272008241084821  0.6455490541124996   4369970 
2     255379   55.90783157894737    84.00079078263758    0.0015024870113951778   0.4951738396657517    12937512 126457   190      0.9003278725859964   0.028586751967950713 1.2179361369954007   10622488
round 2, total revenue = 15758542
3     311776   91.55039583333333    46.91333497026828    0.0005124318092045564   0.300443266960895     2949581  93671    48       0.5754864334802372   0.022720046750793116 0.6712106879202916   4394419 
3     255379   55.931240837696336   84.16212617779598    0.001504742696877068    0.49703382032195287   13001133 126932   191      0.9020485363229749   0.028581178244124313 1.217007850046247    10682867
round 3, total revenue = 15950714
4     311776   91.99139583333333    46.97632877994808    0.0005106600280863015   0.30148568202812276   2928413  93996    48       0.5766477048093368   0.022720010836364747 0.6631990265393933   4415587 
4     255379   55.60140414507772    84.28425227772541    0.0015158655356581842   0.498553130836913     13200929 127320   193      0.9037435601737995   0.02857561847258345  1.2301595059803443   10731071
round 4, total revenue = 16129342
5     311776   92.36422916666668    47.03062545084228    0.0005091865744473205   0.302358103253618     2910517  94268    48       0.5777860341480863   0.022719974691217747 0.6564854314316757   4433483 
5     255379   55.782891191709844   84.35331541710086    0.0015121718077896436   0.499770928698131     13165902 127631   193      0.905418878099145    0.028570063819157943 1.2229037855683647   10766098
round 5, total revenue = 16076419
6     311776   90.74467346938775    47.06723756496703    0.0005186776894496724   0.3030092117417633    3050511  94471    49       0.5789293266107255   0.022719938339451323 0.686049375136203    4446489 
6     255379   55.957326424870466   84.43846412459636    0.0015089796014104658   0.5008281808606032    13132236 127901   193      0.9070892048426147   0.028564506187990644 1.2159743490691093   10799764
round 6, total revenue = 16182747
7     311776   90.97614285714286    47.09755839874909    0.0005176913080685888   0.3035865493174587    3039169  94651    49       0.5800681741873108   0.02271990180442346  0.681759582182456    4457831 
7     255379   56.0880518134715     84.50160806844438    0.0015065883969274964   0.5016230778568324    13107006 128104   193      0.9087443916677284   0.02855893819971237  1.2108095394787286   10824994
round 7, total revenue = 16146175
8     311776   91.18108163265306    47.12150902801215    0.000516790415119811    0.30411577542851276   3029127  94816    49       0.5811951620903442   0.022719865108007685 0.6779796560913884   4467873 
8     255379   56.21064766839378    84.56220964674337    0.001504380631683971    0.5023592386218131    13083345 128292   193      0.9103813699219252   0.028553353159532474 1.2059877468681601   10848655
round 8, total revenue = 16112472
9     311776   91.35538775510204    47.14694668548438    0.0005160828260274261   0.3045327414554039    3020586  94946    49       0.5823052873314868   0.022719828270172257 0.6747780701248812   4476414 
9     255379   56.29260103626943    84.60043139361942    0.0015028694683891263   0.5028643702105499    13067528 128421   193      0.911980359736291    0.028547745018876518 1.2027761680457183   10864472
round 9, total revenue = 16088114
10    311776   89.69026             47.17560488112771    0.0005259835893120135   0.3048983885866776    3165487  95060    50       0.5834106288387596   0.022719791308787825 0.7058708492984634   4484513 
10    255379   56.375896373056996   84.62610832840743    0.0015011044395358243   0.5034556482717842    13051452 128572   193      0.9135539130089498   0.028542108333350573 1.1995215682151303   10880548
round 10, total revenue = 16216939
11    311776   89.77916             47.18414496988553    0.0005255578796892902   0.3051453607718362    3161042  95137    50       0.5845096119664306   0.022719754239591855 0.7041816831433931   4488958 
11    255379   56.12246391752578    84.63544848922989    0.00150804940805174     0.503733666433027     13168242 128643   194      0.9150988686580472   0.028536438219117766 1.2094539573712053   10887758
round 11, total revenue = 16329284
12    311776   88.1401568627451     47.204553330463      0.0005355623930187867   0.30543402955968385   3307852  95227    51       0.5856089339419174   0.022719717076255783 0.7358716553937712   4495148 
12    255379   56.144345360824744   84.64147057909297    0.0015075689285381244   0.5038942121317728    13163997 128684   194      0.9166023420400002   0.028530730309216292 1.2085928547761142   10892003
round 12, total revenue = 16471849
13    311776   86.54573076923077    47.22525604432505    0.000545668233713902    0.3056553422970338    3455622  95296    52       0.5866925891889807   0.022719679830515788 0.7678515004739602   4500378 
13    255379   55.88705128205128    84.66090503010294    0.0015148572538356963   0.5040547578305186    13282025 128725   195      0.9180670320901938   0.028524980710906797 1.2187608248321362   10897975
round 13, total revenue = 16737647
14    311776   86.59375             47.22767033059238    0.0005453935224030877   0.30580929898388587   3453125  95344    52       0.5877755268759637   0.022719642512338625 0.7668711656441718   4502875 
14    255379   55.887764102564105   84.65738122611316    0.0015147748811484324   0.5040821680717679    13281886 128732   195      0.9195100197421577   0.028519185964795246 1.2187325256461805   10898114
round 14, total revenue = 16735011
15    311776   86.65465384615385    47.239581913677966   0.0005451476616310398   0.30594721851585754   3449958  95387    52       0.5888554547970536   0.02271960513010311  0.7656293483283112   4506042 
15    255379   55.87863076923077    84.642231267575      0.0015147513477403018   0.5040899995692676    13283667 128734   195      0.9209515470112767   0.02851334300621332  1.21909517633134     10896333
round 15, total revenue = 16733625
16    311776   83.47848148148148    47.24652293760678    0.0005659724769680645   0.3060241968592836    3754162  95411    54       0.5899251774192215   0.022719567690783815 0.832807656353223    4507838 
16    255379   55.8658717948718     84.63210845245494    0.0015149160969546301   0.5040351790867691    13286155 128720   195      0.9223637002507644   0.02850744912913923  1.2196019862592133   10893845
round 16, total revenue = 17040317
17    311776   83.5002962962963     47.256393057768086   0.0005659428188144546   0.306040234014164     3752984  95416    54       0.5909923088522099   0.022719530200128343 0.8323288273982616   4509016 
17    255379   55.84108717948718    84.61428238402362    0.001515269251690108    0.5039177066242722    13290988 128690   195      0.9237518218738139   0.028501501952793575 1.2205871386678608   10889012
round 17, total revenue = 17043972
18    311776   83.50816666666667    47.258866065814296   0.0005659190945294487   0.30605306373806834   3752559  95420    54       0.5920551149924911   0.022719492662823058 0.8321561364257787   4509441 
18    255379   55.81938461538462    84.60046167836407    0.001515610791148833    0.5038041499105251    13295220 128661   195      0.9251146733278856   0.028495499390938005 1.221450502444698    10884780
round 18, total revenue = 17047779
19    311776   83.54998148148148    47.26717373311961    0.0005657352987396675   0.306152494098327     3750301  95451    54       0.5931062408492404   0.022719455082644353 0.8312391850608828   4511699 
19    255379   55.784348717948724   84.5756270506461     0.0015161174952183986   0.5036357727142795    13302052 128618   195      0.9264569315352558   0.028489439623826298 1.2228457058261355   10877948
round 19, total revenue = 17052353
20    311776   83.54192592592592    47.265092303501454   0.000565764935146575    0.3061364569434466    3750736  95446    54       0.5941609943708408   0.022719417462594305 0.8314157628549338   4511264 
20    255379   55.75332307692308    84.55751551635635    0.0015166363339399879   0.5034634797692841    13308102 128574   195      0.9277732355968724   0.028483321072706447 1.2240826762723491   10871898
round 20, total revenue = 17058838
