Max revenue's round: 13
round bids     cpc                  cpm                  ctr                     revenue  imps     clks     auc                  rmse                 roi                  cost    
1     250550   314.5893493975904    104.21439233685891   0.00033127120335262424  -2040916 250550   83       0.5357996804138544   0.020799487033656392 -0.07816332448850129 26110916
round 1, total revenue = -2040916
2     250550   314.23054216867473   104.14416231087756   0.0003314259702195797   -2011135 250433   83       0.5365650939947793   0.019034455416041037 -0.07711071623224987 26081135
round 2, total revenue = -2011135
3     250550   311.3388674698795    103.59988293402611   0.00033275602168125984  -1771126 249432   83       0.5375059870090382   0.018627803204170647 -0.0685390412167024  25841126
round 3, total revenue = -1771126
4     250550   309.26612195121953   102.54347615119607   0.0003315703495236709   -1579822 247308   82       0.5384679009970821   0.018467965234964953 -0.06229625744218552 25359822
round 4, total revenue = -1579822
5     250550   310.2118             101.38883033051437   0.00032683743922866365  -1616944 244770   80       0.5394169715068637   0.018387680554989214 -0.06515483937103618 24816944
round 5, total revenue = -1616944
6     250550   303.2199875          100.2218609397659    0.0003305252459314408   -1057599 242039   80       0.5403639735913073   0.018341175595848247 -0.04359866778241325 24257599
round 6, total revenue = -1057599
7     250550   300.262835443038     99.11859165876223    0.0003301060935913454   -810764  239317   79       0.5412724452409646   0.018311596300481826 -0.03417950619128456 23720764
round 7, total revenue = -810764
8     250550   297.86360256410256   98.11261259359046    0.0003293877189055882   -613361  236803   78       0.5422195435312379   0.018291495999894318 -0.026400011604003397 23233361
round 8, total revenue = -613361
9     250550   296.440051948052     97.27754456694524    0.00032815250141702217  -495884  234647   77       0.5430715423588737   0.018277147676424736 -0.02172463506780285 22825884
round 9, total revenue = -495884
10    250550   295.21430263157896   96.4976688773623     0.0003268732849904949   -396287  232506   76       0.54392036639413     0.018266508069854727 -0.017662771028022595 22436287
round 10, total revenue = -396287
11    250550   290.7633157894737    95.79966098608828    0.00032947643593200646  -58012   230669   76       0.5447774641307387   0.018258376179057255 -0.002625213525995008 22098012
round 11, total revenue = -58012
12    250550   290.45629333333335   95.15835684893808    0.0003276167844631016   -34222   228926   75       0.5456262881659951   0.01825200608312568  -0.0015709535093794032 21784222
round 12, total revenue = -34222
13    250550   286.54536            94.54903893109956    0.00032996185640939905  259098   227299   75       0.5464496657593012   0.018246913317396123 0.01205617149061496  21490902
round 13, total revenue = 259098
14    250550   286.9302297297297    94.00717688520525    0.00032763078666808346  227163   225864   74       0.5472525515108861   0.018242771355062547 0.010698664526082879 21232837
round 14, total revenue = 227163
15    250550   291.6577638888889    93.51085649653109    0.00032061843734136066  -119359  224566   72       0.5480455761649288   0.018239353142789978 -0.005683935400123403 20999359
round 15, total revenue = -119359
16    250550   288.5210833333333    93.02547131789889    0.0003224217455555058   106482   223310   72       0.5488497125922993   0.018236496531534894 0.005125853021139703 20773518
round 16, total revenue = 106482
17    250550   289.7905633802817    92.5815117126684     0.00031947731711048515  14870    222238   71       0.549644468951276    0.0182340830238446   0.0007227171833179182 20575130
round 17, total revenue = 14870
18    250550   291.2391             92.16052240189143    0.00031644282104254347  -86737   221209   70       0.5504523093030893   0.01823202426224264  -0.004254579828051934 20386737
round 18, total revenue = -86737
19    250550   288.71084285714284   91.75327110441202    0.00031780334329117144  90241    220262   70       0.5512536557613992   0.018230253184679763 0.004465219006322639 20209759
round 19, total revenue = 90241
20    250550   286.48844285714284   91.40011667600986    0.00031903596446850887  245809   219411   70       0.552015798344115    0.018228718084666442 0.01225723839969411  20054191
round 20, total revenue = 245809
