Max revenue's round: 20
round bids     cpc                  cpm                  ctr                     revenue  imps     clks     auc                  rmse                 roi                  cost    
1     250550   294.8369743589744    97.729783481716      0.0003314705819858488   -377284  235315   78       0.5424015409095327   0.018287179794625578 -0.016405589460042325 22997284
round 1, total revenue = -377284
2     250550   285.30489393939393   88.96905711369821    0.0003118385243423042   309877   211648   66       0.5458102096608836   0.018221643625113287 0.016456451187281146 18830123
round 2, total revenue = 309877
3     250550   271.1472881355932    82.20553323124672    0.00030317667492266425  1112310  194606   59       0.5491582687395367   0.018209197135312744 0.0695294133090465   15997690
round 3, total revenue = 1112310
4     250550   263.1581509433962    76.79472962630562    0.0002918196884687175   1422618  181619   53       0.5524227249521989   0.01820478331944939  0.1019989271104785   13947382
round 4, total revenue = 1422618
5     250550   262.6985208333333    73.03182592176441    0.0002780062319730334   1310471  172658   48       0.5557798754817567   0.018202713989003652 0.10392703803607574  12609529
round 5, total revenue = 1310471
6     250550   266.2705909090909    70.36242102481562    0.00026425156749225264  1044094  166508   44       0.5591467909030269   0.01820157102928972  0.08911764911736232  11715906
round 6, total revenue = 1044094
7     250550   277.719425           68.49152239321299    0.00024662128834961034  491223   162192   40       0.5624304882816249   0.018200866016208832 0.044219359160778904 11108777
round 7, total revenue = 491223
8     250550   273.95110256410254   67.14276826394344    0.0002450903377847604   625907   159125   39       0.5657509362871601   0.018200394407483122 0.05858307298523141  10684093
round 8, total revenue = 625907
9     250550   266.190358974359     66.16670703259443    0.00024856913408711394  928576   156898   39       0.5690258789352574   0.01820005839050133  0.08944591801664203  10381424
round 9, total revenue = 928576
10    250550   254.03410000000002   65.45288475783751    0.00025765393212107157  1438636  155247   40       0.5722388169261265   0.018199806456701932 0.1415790242333608   10161364
round 10, total revenue = 1438636
11    250550   250.01860000000002   64.91923998208362    0.00025965764139981433  1599256  154049   40       0.5753100918327937   0.01819960942106467  0.1599137024205399   10000744
round 11, total revenue = 1599256
12    250550   260.4408947368421    64.5795665877102     0.00024796246631299387  1123246  153249   38       0.5782691907420552   0.0181994497725721   0.11349640498288631  9896754 
round 12, total revenue = 1123246
13    250550   258.28834210526315   64.30471329734263    0.0002489648304418471   1205043  152632   38       0.581145600740708    0.018199316512748642 0.12277618740459077  9814957 
round 13, total revenue = 1205043
14    250550   256.6536052631579    64.0984594555516     0.00024974696688881003  1267163  152154   38       0.5839417269744935   0.01819920247182313  0.12992763028849966  9752837 
round 14, total revenue = 1267163
15    250550   255.7092105263158    63.979917695473254   0.0002502057613168724   1303050  151875   38       0.5865634320390715   0.018199102829862843 0.13410072090522232  9716950 
round 15, total revenue = 1303050
16    250550   255.0042105263158    63.9032432503726     0.0002505968161015049   1329840  151638   38       0.5890563656006244   0.01819901426126058  0.13723612406812685  9690160 
round 16, total revenue = 1329840
17    250550   254.50742105263157   63.86340194272206    0.00025092942939968437  1348718  151437   38       0.5914752206733244   0.018198934419033433 0.13945596871231755  9671282 
round 17, total revenue = 1348718
18    250550   247.48143589743592   63.80833256204466    0.00025783078367336146  1658224  151262   39       0.5938336584849863   0.018198861612924205 0.17180506468446843  9651776 
round 18, total revenue = 1658224
19    250550   241.0013             63.78395617192462    0.00026466229091679015  1959948  151136   40       0.5960365314700573   0.018198794602466005 0.20331301117462852  9640052 
round 19, total revenue = 1959948
20    250550   240.6389             63.74920359491625    0.0002649164519739587   1974444  150991   40       0.5981114507016556   0.018198732460622237 0.2051251896513822   9625556 
round 20, total revenue = 1974444
