Max revenue's round: 20
round bids     cpc                  cpm                  ctr                     revenue  imps     clks     auc                  rmse                 roi                  cost    
1     250551   316.13184722222223   90.84574797147087    0.00028736664391680735  -1881493 250551   72       0.4980068189349207   0.019336956137437435 -0.08266122964780913 22761493
round 1, total revenue = -1881493
2     250551   320.0210140845071    90.74331950174326    0.00028355425271473243  -2131492 250393   71       0.499935900592243    0.017698579803852352 -0.09380950863614063 22721492
round 2, total revenue = -2131492
3     250551   316.5566338028169    90.14222288175701    0.0002847585969021473   -1885521 249334   71       0.5015745941886457   0.017329212416980374 -0.08389220432309445 22475521
round 3, total revenue = -1885521
4     250551   310.59322535211265   89.14953852870906    0.0002870298874923695   -1462119 247361   71       0.5030703394518325   0.01718585962719229  -0.06630288000894607 22052119
round 4, total revenue = -1462119
5     250551   307.9839             88.01839255968906    0.0002857889407845315   -1258873 244936   70       0.5044745378965014   0.01711447815259984  -0.05839233804104695 21558873
round 5, total revenue = -1258873
6     250551   309.9965588235294    86.94838310509817    0.00028048176868503545  -1359766 242440   68       0.5057712201200278   0.0170733949421582   -0.06450574451348275 21079766
round 6, total revenue = -1359766
7     250551   303.26467647058826   85.92141160784968    0.00028332152826965546  -901998  240010   68       0.5069906614482208   0.01704739291970442  -0.043739602729085704 20621998
round 7, total revenue = -901998
8     250551   301.528              84.99142192436653    0.00028186908653380954  -772376  237699   67       0.5081660760205668   0.017029792096531923 -0.03823193865909633 20202376
round 8, total revenue = -772376
9     250551   304.9028307692308    84.13326371289209    0.00027593467564940164  -968684  235563   65       0.5093452611463104   0.017017266754770746 -0.048877311934536115 19818684
round 9, total revenue = -968684
10    250551   304.016203125        83.31886093566       0.00027406059308425224  -897037  233525   64       0.5104918975243433   0.017008001679748693 -0.04610347402844534 19457037
round 10, total revenue = -897037
11    250551   303.75857142857143   82.59831236376978    0.00027192092712087534  -866790  231685   63       0.511648459329702    0.017000933943254085 -0.045294430257112085 19136790
round 11, total revenue = -866790
12    250551   303.9630483870968    81.9321655884808     0.0002695464663327769   -865709  230016   62       0.5128255928308029   0.016995405549767507 -0.045936663884601   18845709
round 12, total revenue = -865709
13    250551   304.66511475409834   81.3286479484666     0.0002669444055454418   -894572  228512   61       0.5140085485099439   0.01699099037954069  -0.04813519515004166 18584572
round 13, total revenue = -894572
14    250551   305.28240000000005   80.69280515956228    0.0002643218382702779   -916944  226996   60       0.5151663302002253   0.01698740197146591  -0.05005987898417989 18316944
round 14, total revenue = -916944
15    250551   301.7658333333333    80.2074519688667     0.00026579368208417685  -705950  225739   60       0.5162894560688388   0.016984441594484527 -0.03898994529422648 18105950
round 15, total revenue = -705950
16    250551   303.38100000000003   79.71053545663443    0.00026274069719802633  -789479  224556   59       0.5173780370144138   0.016981967624128024 -0.04410625583012779 17899479
round 16, total revenue = -789479
17    250551   305.13622413793104   79.20933885925024    0.00025958680940957427  -877901  223432   58       0.5184304095575101   0.016979876760708702 -0.04960480906747077 17697901
round 17, total revenue = -877901
18    250551   301.6255517241379    78.70168161737581    0.00026092511449214077  -674282  222286   58       0.5194726348760219   0.016978092114687086 -0.03854299364786734 17494282
round 18, total revenue = -674282
19    250551   298.2575344827586    78.20071695929697    0.00026219192448872575  -478937  221212   58       0.5204754911811191   0.016976555423108705 -0.027685920816984302 17298937
round 19, total revenue = -478937
20    250551   295.53151724137933   77.79969135802469    0.0002632534495279593   -320828  220320   58       0.521464706954808    0.01697522183191853  -0.018717182157127997 17140828
round 20, total revenue = -320828
