Max revenue's round: 11
round bids     cpc                  cpm                  ctr                     revenue  imps     clks     auc                  rmse                 roi                  cost    
1     250551   237.8343108108108    83.014112608427      0.0003490417859619167   3860261  212009   74       0.5214292902272264   0.018758278238638872 0.2193362640207335   17599739
round 1, total revenue = 3860261
2     250551   234.21681690140846   80.58868228098997    0.00034407726715419024  3960606  206349   71       0.5221779945359377   0.018753991610294878 0.23816899160606814  16629394
round 2, total revenue = 3960606
3     250551   234.69007462686568   78.21873958483602    0.0003332852474021161   3705765  201029   67       0.5229251562469942   0.018750938366811274 0.23567219645343637  15724235
round 3, total revenue = 3705765
4     250551   226.68710606060606   76.18531833527683    0.00033608139280276607  4178651  196381   66       0.5237061189948942   0.01874868874001385  0.27929640569175945  14961349
round 4, total revenue = 4178651
5     250551   223.2065             74.32590519102796    0.00033299167000525504  4274784  192197   64       0.5244827715434652   0.018746984816542026 0.29924531767668056  14285216
round 5, total revenue = 4274784
6     250551   213.45346875         72.58007650621613    0.00034002762724471365  4898978  188220   64       0.5252402777329113   0.018745664222569954 0.35860991952139454  13661022
round 6, total revenue = 4898978
7     250551   207.93038095238094   70.99138323470117    0.00034141900240619106  5170386  184524   63       0.5260088089585361   0.01874462061617726  0.3946975842188938   13099614
round 7, total revenue = 5170386
8     250551   203.39403225806453   69.5809285233455     0.0003420991646159109   5369570  181234   62       0.5267938550531688   0.01874378200658907  0.42580387821826854  12610430
round 8, total revenue = 5369570
9     250551   202.6915             68.25587203591974    0.0003367475796267714   5238510  178175   60       0.5275510890194995   0.01874309826433529  0.4307457392145206   12161490
round 9, total revenue = 5238510
10    250551   199.45888135593222   67.08398556631684    0.00033632989972808583  5341926  175423   59       0.5283234767392607   0.01874253362421186  0.4539337533057661   11768074
round 10, total revenue = 5341926
11    250551   193.4744745762712    66.01811378371032    0.00034122389492617416  5695006  172907   59       0.5290782606975518   0.018742062023653618 0.4989057374887801   11414994
round 11, total revenue = 5695006
12    250551   198.3212142857143    65.08126670104542    0.00032816089259762784  5134012  170648   56       0.5298470187757727   0.01874166411408073  0.46227422539984736  11105988
round 12, total revenue = 5134012
13    250551   196.77254545454545   64.22042356738923    0.0003263688205030827   5127510  168521   55       0.530619587977611    0.018741325292739967 0.47378283555817563  10822490
round 13, total revenue = 5127510
14    250551   195.52237037037037   63.40009487609063    0.00032426005656536544  5101792  166533   54       0.5313833099281948   0.018741034375501196 0.4832062410590888   10558208
round 14, total revenue = 5101792
15    250551   194.49630188679245   62.602050235631346   0.00032186756060826894  5061696  164664   53       0.5321658606442686   0.018740782682788056 0.49103092031434076  10308304
round 15, total revenue = 5061696
16    250551   190.22216981132075   61.87947288953267    0.0003253010569215472   5288225  162926   53       0.5329612965878103   0.018740563398023078 0.524533130326753    10081775
round 16, total revenue = 5288225
17    250551   186.4274150943396    61.227903950426025   0.0003284275755228505   5489347  161375   53       0.5337576853122563   0.018740371109599693 0.5555652040406641   9880653 
round 17, total revenue = 5489347
18    250551   186.39600000000002   60.60673061290847    0.0003251503820516989   5387408  159926   52       0.5345491286501036   0.01874020147878957  0.5558273782699199   9692592 
round 18, total revenue = 5387408
19    250551   183.11896153846155   60.05680119581465    0.00032796604290048125  5557814  158553   52       0.5353266886090596   0.018740050995548832 0.5836699682194824   9522186 
round 19, total revenue = 5557814
20    250551   183.80345098039217   59.572152140065455   0.0003241079088684821   5416024  157355   51       0.5361075152454019   0.018739916796633796 0.5777723348128905   9373976 
round 20, total revenue = 5416024
