Max revenue's round: 20
round bids     cpc                  cpm                  ctr                     revenue  imps     clks     auc                  rmse                 roi                  cost    
1     250550   291.6181219512195    68.93767189238744    0.00023639707790148583  -66343   173437   41       0.4881876476719035   0.01753493420042421  -0.005548770221797752 11956343
round 1, total revenue = -66343
2     250550   290.11045            67.86725306602256    0.00023393591325656337  -4418    170987   40       0.48877583352556697  0.017534399615256706 -0.00038071706827520345 11604418
round 2, total revenue = -4418
3     250550   289.2393846153846    66.88845141244278    0.00023125637437442187  29664    168644   39       0.48936474527855633  0.017533938821444585 0.002629708902288017 11280336
round 3, total revenue = 29664
4     250550   289.26731578947374   66.00588471954508    0.0002281830027682201   27842    166533   38       0.4899357169482093   0.017533538776720092 0.002532896634127712 10992158
round 4, total revenue = 27842
5     250550   282.5106842105263    65.21008576912797    0.00023082343222295115  284594   164628   38       0.490538368938436    0.017533189197867075 0.02650984974392212  10735406
round 5, total revenue = 284594
6     250550   276.26473684210526   64.4634117885455     0.00023333926915684698  521940   162853   38       0.491124169694315    0.017532881888662172 0.04971775737612473  10498060
round 6, total revenue = 521940
7     250550   293.24588571428575   63.71981822019693    0.00021729143126761612  -113606  161074   35       0.4917126666476896   0.0175326102514067   -0.011068819282423741 10263606
round 7, total revenue = -113606
8     250550   295.5235588235294    63.02920678731613    0.0002132798042844149   -187801  159415   34       0.4922892381121412   0.017532368926865848 -0.018690756315735156 10047801
round 8, total revenue = -187801
9     250550   289.7188823529412    62.39195591588548    0.0002153534329870788   9558     157880   34       0.49286186898025297  0.017532153525422204 0.000970311789054745 9850442 
round 9, total revenue = 9558
10    250550   284.78479411764704   61.861087507906184   0.00021722047239063907  177317   156523   34       0.49342190031006794  0.01753196042395003  0.018312796153710703 9682683 
round 10, total revenue = 177317
11    250550   279.9848529411764    61.33965449472592    0.00021908204622631176  340515   155193   34       0.4939860796360299   0.01753178661066445  0.03577031740687653  9519485 
round 11, total revenue = 340515
12    250550   275.5224705882353    60.84544037412315    0.0002208365809301117   492236   153960   34       0.49457229519152357  0.017531629565415614 0.05254573022975387  9367764 
round 12, total revenue = 492236
13    250550   271.2829117647059    60.37506218416988    0.0002225538711282172   636381   152772   34       0.49513465976917126  0.017531487166464303 0.06899471888420369  9223619 
round 13, total revenue = 636381
14    250550   267.5558235294117    59.96478668986975    0.00022412065601434372  763102   151704   34       0.49570630548819816  0.01753135761724775  0.08388595760884644  9096898 
round 14, total revenue = 763102
15    250550   263.9129117647059    59.55978520603229    0.00022567969413763805  886961   150656   34       0.49628863229730386  0.017531239388381845 0.09884733589144101  8973039 
round 15, total revenue = 886961
16    250550   260.31811764705884   59.14225575163879    0.00022719223804400847  1009184  149653   34       0.49684207868323516  0.017531131171381165 0.11402157721954677  8850816 
round 16, total revenue = 1009184
17    250550   257.1576764705882    58.78482536054056    0.00022859448011564192  1116639  148735   34       0.49740812460746353  0.017531031841466965 0.12771278687909604  8743361 
round 17, total revenue = 1116639
18    250550   254.30411764705883   58.445305159559005   0.00022982445467388586  1213660  147939   34       0.4979744297814509   0.017530940427479155 0.14036690669115487  8646340 
round 18, total revenue = 1213660
19    250550   251.57885294117648   58.13136111564182    0.0002310661664763769   1306319  147144   34       0.4985306242148297   0.01753085608738284  0.15272009793210667  8553681 
round 19, total revenue = 1306319
20    250550   249.06782352941178   57.847571555434115   0.00023225630165994945  1391694  146390   34       0.49909272954271816  0.017530778088211324 0.1643414869514635   8468306 
round 20, total revenue = 1391694
