Max revenue's round: 19
round bids     cpc                  cpm                  ctr                     revenue  imps     clks     auc                  rmse                 roi                  cost    
1     250550   272.97015625         60.803598774885145   0.00022274815536683836  544955   143660   32       0.5668448927764382   0.018199249556807896 0.06238720006594128  8735045 
round 1, total revenue = 544955
2     250550   266.1298125          60.02744746988461    0.00022555702010981806  763846   141871   32       0.567063616730213    0.018199127178443245 0.08969377491294779  8516154 
round 2, total revenue = 763846
3     250550   267.94112903225806   59.29170533228639    0.00022128631593975302  683825   140090   31       0.5672837356685182   0.018199019456854093 0.08232730468597158  8306175 
round 3, total revenue = 683825
4     250550   262.0545483870968    58.64761004064483    0.00022379924485803186  866309   138517   31       0.5675055382088428   0.0181989242892404   0.10663982665022587  8123691 
round 4, total revenue = 866309
5     250550   256.47132258064516   58.02476262762642    0.00022624269272593253  1039389  137021   31       0.567730130718228    0.018198839921834048 0.1307307073632454   7950611 
round 5, total revenue = 1039389
6     250550   251.21551612903227   57.44101875686879    0.00022865235253767232  1202319  135577   31       0.5679549156392726   0.018198764883945822 0.15438729449755326  7787681 
round 6, total revenue = 1202319
7     250550   254.4014             56.87235088974336    0.00022355360815523562  1067958  134196   30       0.5681781131641275   0.018198697935958824 0.13993083371396542  7632042 
round 7, total revenue = 1067958
8     250550   258.1157931034483    56.32577843995967    0.00021821903170948274  924642   132894   29       0.5684027056735128   0.018198638028017314 0.12352675717046532  7485358 
round 8, total revenue = 924642
9     250550   252.9553448275862    55.76871322355517    0.00022046860983137952  1074295  131538   29       0.5686277311091316   0.018198584266985104 0.1464474103034405   7335705 
round 9, total revenue = 1074295
10    250550   248.3151724137931    55.25439855133625    0.00022251720671848503  1208860  130327   29       0.5688527565447503   0.018198535889846965 0.16787064270379412  7201140 
round 10, total revenue = 1208860
11    250550   252.47564285714287   54.74659252834397    0.00021683910538380523  1050682  129128   28       0.5690726830713961   0.018198492242166204 0.14862565243210166  7069318 
round 11, total revenue = 1050682
12    250550   248.19114285714286   54.280786715198474   0.0002187055754299908   1170648  128026   28       0.5693003541673312   0.018198452760537148 0.16845426739068622  6949352 
round 12, total revenue = 1170648
13    250550   244.05078571428572   53.84081185638084    0.00022061314696775108  1286578  126919   28       0.5695255720146093   0.018198416958214166 0.1882772643047656   6833422 
round 13, total revenue = 1286578
14    250550   240.2472142857143    53.42218869123253    0.00022236340533672173  1393078  125920   28       0.5697518481260139   0.018198384413281917 0.20708995882515063  6726922 
round 14, total revenue = 1393078
15    250550   245.40748148148148   53.01607444331538    0.00021603283699122268  1203998  124981   27       0.5699873118941527   0.018198354758870244 0.18170806468214165  6626002 
round 15, total revenue = 1203998
16    250550   241.9002962962963    52.6361819412656     0.0002175945327358886   1298692  124084   27       0.57021729193        0.018198327675022965 0.19884102847392895  6531308 
round 16, total revenue = 1298692
17    250550   238.37707407407407   52.24893857106906    0.00021918608898955212  1393819  123183   27       0.5704364488100084   0.018198302881911654 0.21655994447639057  6436181 
round 17, total revenue = 1393819
18    250550   235.02092592592592   51.87972660305937    0.00022074513747516618  1484435  122313   27       0.5706624363039241   0.018198280134148318 0.23393267581373764  6345565 
round 18, total revenue = 1484435
19    250550   231.83122222222224   51.51550540714039    0.0002222112488272184   1570557  121506   27       0.5708915504873041   0.018198259216000216 0.2509100250613353   6259443 
round 19, total revenue = 1570557
20    250550   237.57315384615384   51.17777869837193    0.00021541903144289324  1363098  120695   26       0.5711138340567771   0.018198239937348565 0.2206766434047359   6176902 
round 20, total revenue = 1363098
