Max revenue's round: 19
round bids     cpc                  cpm                  ctr                     revenue  imps     clks     auc                  rmse                 roi                  cost    
1     206295   324.8498301886792    83.45835332897065    0.0002569136430839332   -1794041 206295   53       0.5057739460860506   0.02144727565550199  -0.10420147108902163 17217041
round 1, total revenue = -1794041
2     206295   324.77896226415095   83.44580935713905    0.00025693107944987665  -1790285 206281   53       0.5057540024880096   0.017830473544720508 -0.10400600466442053 17213285
round 2, total revenue = -1790285
3     206295   324.2505094339623    83.35326956842279    0.00025706442131403573  -1762277 206174   53       0.5056970077101218   0.016949361233214687 -0.10254574307996316 17185277
round 3, total revenue = -1762277
4     206295   322.7257924528302    83.09108971494084    0.00025746652935118434  -1681467 205852   53       0.5056534611382526   0.01659845814127886  -0.09830572329438854 17104467
round 4, total revenue = -1681467
5     206295   326.8147307692308    82.74233771039344    0.000253178115673186    -1862366 205389   52       0.5056292177736614   0.01642172134719801  -0.1095872596835916  16994366
round 5, total revenue = -1862366
6     206295   323.77096153846156   82.2464253088621     0.0002540265653165806   -1704090 204703   52       0.505617507771142    0.01631942552701356  -0.10121649385338283 16836090
round 6, total revenue = -1704090
7     206295   320.6965576923077    81.75579970192571    0.0002549319527787583   -1544221 203976   52       0.5056332430870274   0.01625449799139141  -0.092600176023093   16676221
round 7, total revenue = -1544221
8     206295   317.51051923076926   81.24949313019172    0.0002558954371875123   -1378547 203208   52       0.5056761492681341   0.01621049136323309  -0.08349493205767199 16510547
round 8, total revenue = -1378547
9     206295   314.30071153846154   80.74759886168258    0.0002569119187367839   -1211637 202404   52       0.5057106388849296   0.016179161635225543 -0.07413509000475231 16343637
round 9, total revenue = -1211637
10    206295   317.39309803921566   80.27577451238079    0.0002529222437674504   -1346048 201643   51       0.5057608638176109   0.016155988950514816 -0.08315586634449963 16187048
round 10, total revenue = -1346048
11    206295   320.28394000000003   79.75594900144429    0.0002490163852781513   -1464197 200790   50       0.5058087101560302   0.01613831867122533  -0.09143118446713251 16014197
round 11, total revenue = -1464197
12    206295   317.12532            79.28053719462805    0.00024999750002499977  -1306266 200002   50       0.5058662538402863   0.016124504196821397 -0.0823816906199732  15856266
round 12, total revenue = -1306266
13    206295   313.91906            78.78980287431041    0.00025098763634903346  -1145953 199213   50       0.5059123619752066   0.016113477846713332 -0.07300945664146676 15695953
round 13, total revenue = -1145953
14    206295   310.97               78.33865718114853    0.00025191708904765265  -998500  198478   50       0.5059687163623316   0.01610452136639643  -0.06421841335177027 15548500
round 14, total revenue = -998500
15    206295   314.12636734693876   77.85591372830689    0.00024784902453705345  -1133192 197701   49       0.5060253452026406   0.016097136338700562 -0.07362122302008707 15392192
round 15, total revenue = -1133192
16    206295   311.22371428571427   77.41726231572108    0.0002487511676075214   -990962  196984   49       0.5060977093588354   0.016090967599652818 -0.06498127667465663 15249962
round 16, total revenue = -990962
17    206295   314.361              76.91141795495206    0.0002446595409575363   -1121328 196191   48       0.5061669630456107   0.016085756191436384 -0.0743126532871444  15089328
round 17, total revenue = -1121328
18    206295   311.0349583333333    76.40298453996019    0.00024564114898647436  -961678  195407   48       0.5062260619645762   0.016081309479842747 -0.06441384737165798 14929678
round 18, total revenue = -961678
19    206295   307.707125           75.88962306806971    0.00024662939822426834  -801942  194624   48       0.5062936689322473   0.01607748161437399  -0.05429554158032577 14769942
round 19, total revenue = -801942
20    206295   310.88325531914893   75.37730145219119    0.00024246176068508344  -934513  193845   47       0.5063493829286094   0.016074160420799247 -0.06395730544810795 14611513
round 20, total revenue = -934513
