Max revenue's round: 20
round bids     cpc                  cpm                  ctr                     revenue  imps     clks     auc                  rmse                 roi                  cost    
1     206295   323.2089807692308    82.16226772977703    0.0002542078736000235   -1674867 204557   52       0.49016744022821335  0.01624674167266148  -0.09965373082324029 16806867
round 1, total revenue = -1674867
2     206295   313.7694285714286    77.82373783901437    0.00024802842709482784  -1115702 197558   49       0.49001328902317165  0.016086571042462163 -0.07256739024925492 15374702
round 2, total revenue = -1115702
3     206295   289.9341276595745    72.17983908131214    0.0002489525454073552   50096    188791   47       0.4901673487438186   0.016055380432044807 0.003676256910593925 13626904
round 3, total revenue = 50096
4     206295   278.70656818181817   67.58123963253001    0.00024248168987694055  540911   181457   44       0.4904327449727953   0.016044129070737066 0.044108870122364766 12263089
round 4, total revenue = 540911
5     206295   266.68564285714285   63.87279383671398    0.00023950593347437572  1021203  175361   42       0.49079676137924066  0.016038804003054588 0.09117235139606583  11200797
round 5, total revenue = 1021203
6     206295   265.6756923076923    60.83997533836352    0.00022900091013182232  987648   170305   39       0.49119718857477007  0.016035860878092674 0.09532037903933772  10361352
round 6, total revenue = 987648
7     206295   254.71805263157896   58.26016769090942    0.00022872414062923214  1378714  166139   38       0.49163905820109105  0.01603406232888965  0.1424396386262375   9679286 
round 7, total revenue = 1378714
8     206295   247.50664864864865   56.247365059086555   0.0002272559762179692   1609254  162812   37       0.49209172298598475  0.016032883356570105 0.17572599196352465  9157746 
round 8, total revenue = 1609254
9     206295   243.5160277777778    54.71894564043667    0.00022470367203250712  1709423  160211   36       0.49261153731657614  0.01603206966153383  0.19499321114729273  8766577 
round 9, total revenue = 1709423
10    206295   242.13685714285714   53.553852181386176   0.00022117183155553308  1710210  158248   35       0.4931886208782391   0.016031485587962222 0.20179969061180278  8474790 
round 10, total revenue = 1710210
11    206295   242.30823529411765   52.57988958738871    0.00021699588346044612  1655520  156685   34       0.49376094725137876  0.01603105323465294  0.2009496897485944   8238480 
round 11, total revenue = 1655520
12    206295   243.8339696969697    51.79607981976183    0.00021242355970389442  1556479  155350   33       0.49433382253088654  0.016030725181664634 0.19343502614359673  8046521 
round 12, total revenue = 1556479
13    206295   238.98663636363636   51.122455726398215   0.00021391344932195918  1716441  154268   33       0.49492380539220004  0.016030471166285677 0.21764130592315356  7886559 
round 13, total revenue = 1716441
14    206295   242.45725000000002   50.577453862751874   0.00020860359450068774  1553368  153401   32       0.49554379513496966  0.016030271105617774 0.200211583691558    7758632 
round 14, total revenue = 1553368
15    206295   239.24121875         50.13141644784661    0.000209543391852691    1656281  152713   32       0.496138169247228    0.016030111228471776 0.2163455842619093   7655719 
round 15, total revenue = 1656281
16    206295   236.34540625         49.72127224556075    0.00021037545444385275  1748947  152109   32       0.49672376085759673  0.016029981826199195 0.2312488091779867   7563053 
round 16, total revenue = 1748947
17    206295   234.21471875         49.414016812263064   0.00021097741882314158  1817129  151675   32       0.49728940886992434  0.016029875890618286 0.24244966991426536  7494871 
round 17, total revenue = 1817129
18    206295   232.55225000000002   49.17610208356737    0.00021146259424953908  1870328  151327   32       0.49785871625803946  0.016029788259634574 0.2513316899750486   7441672 
round 18, total revenue = 1870328
19    206295   231.2784375          48.98280517830196    0.00021179149127683794  1911090  151092   32       0.49843424458499297  0.016029715064546573 0.2582236508753653   7400910 
round 19, total revenue = 1911090
20    206295   230.09834375         48.80393313537303    0.00021210032345299326  1948853  150872   32       0.4989697942314698   0.01602965336261164  0.2646766389425608   7363147 
round 20, total revenue = 1948853
