Max revenue's round: 18
round bids     cpc                  cpm                  ctr                     revenue  imps     clks     auc                  rmse                 roi                  cost    
1     206296   331.74203508771933   91.66099197269942    0.00027630201264202894  -2322296 206296   57       0.5837794815298176   0.02062284965581159  -0.12281239872705996 18909296
round 1, total revenue = -2322296
2     206296   331.4776842105263    91.61415264962154    0.00027638105674539486  -2307228 206237   57       0.5871198404372103   0.0178420165057701   -0.1221128484318068  18894228
round 2, total revenue = -2307228
3     206296   335.8312321428572    91.3506887774928     0.00027201367840211393  -2510549 205872   56       0.5892041195945124   0.01721483267212878  -0.13349333787926748 18806549
round 3, total revenue = -2510549
4     206296   332.48316071428576   90.80296416953996    0.000273105452842979    -2323057 205049   56       0.5908384863992321   0.016975311560559765 -0.12476770440092642 18619057
round 4, total revenue = -2323057
5     206296   327.43203571428575   90.00861002572208    0.0002748924973983389   -2040194 203716   56       0.592199026797644    0.01685812541137333  -0.11126594755705574 18336194
round 5, total revenue = -2040194
6     206296   321.45966071428575   89.09194884637084    0.0002771481455819616   -1705741 202058   56       0.5933904566350928   0.016791814908456052 -0.09475422404977385 18001741
round 6, total revenue = -1705741
7     206296   314.90828571428574   88.08491381248034    0.0002797160881705069   -1338864 200203   56       0.5944690043224421   0.01675051168154735  -0.07592142474135327 17634864
round 7, total revenue = -1338864
8     206296   314.59720000000004   87.18599811547978    0.0002771353276999279   -1297846 198459   55       0.595518374483428    0.016722968831502177 -0.0750076605894776  17302846
round 8, total revenue = -1297846
9     206296   308.69285454545457   86.31736097694896    0.00027962215420907605  -973107  196694   55       0.5964900796835693   0.016703641067355134 -0.057315400356470834 16978107
round 9, total revenue = -973107
10    206296   303.1417454545455    85.48529766146936    0.00028199777478119534  -667796  195037   55       0.5974178909956537   0.01668953042300913  -0.040053030097651286 16672796
round 10, total revenue = -667796
11    206296   297.9189090909091    84.71043788450602    0.0002843405883265264   -380540  193430   55       0.5983077630168985   0.01667889760298801  -0.023224135426723806 16385540
round 11, total revenue = -380540
12    206296   293.04892727272727   83.97692387849737    0.00028656280935757827  -112691  191930   55       0.5991607165353976   0.016670675573489332 -0.006991758310790299 16117691
round 12, total revenue = -112691
13    206296   288.14112727272726   83.21044451678621    0.0002887836432944438   157238   190454   55       0.5999720729390522   0.016664179348642897 0.009921779491640524 15847762
round 13, total revenue = 157238
14    206296   283.7768909090909    82.53385120593103    0.0002908406351959473   397271   189107   55       0.6007761987603719   0.01665895235605286  0.025453478850126113 15607729
round 14, total revenue = 397271
15    206296   284.2046296296296    81.777660549481      0.0002877421830040284   366950   187668   54       0.6015603341481774   0.016654680477639804 0.023910132566193502 15347050
round 15, total revenue = 366950
16    206296   284.9390566037736    81.0641781270465     0.0002844965484664026   321230   186294   53       0.6023034678808601   0.016651141674896827 0.02127101657620266  15101770
round 16, total revenue = 321230
17    206296   280.53556603773586   80.37616563505149    0.00028650971700408144  554615   184985   53       0.6030610627782126   0.016648175282196392 0.03730163027120968  14868385
round 17, total revenue = 554615
18    206296   276.260641509434     79.68767824099271    0.00028845107216719275  781186   183740   53       0.6037887996238056   0.016645662643689076 0.05335308862686003  14641814
round 18, total revenue = 781186
19    206296   277.42967307692305   79.03546266367172    0.00028488467649153565  705657   182530   52       0.6045289560578796   0.016643514537674126 0.048914475414871254 14426343
round 19, total revenue = 705657
20    206296   284.71808000000004   78.45375187373247    0.0002755488933956441   314096   181456   50       0.6052356816818641   0.01664166279472859  0.022063649768922295 14235904
round 20, total revenue = 314096
