Max revenue's round: 15
round bids     cpc                  cpm                  ctr                     revenue  imps     clks     auc                  rmse                 roi                  cost    
1     206296   222.06452            86.4773147378915     0.0003894242751516159   5170161  192592   75       0.5375602101441609   0.020088357355204877 0.3104299597252186   16654839
round 1, total revenue = 5170161
2     206296   217.28289333333333   85.42874741819477    0.0003931683074890699   5528783  190758   75       0.537935012686321    0.02008281536828508  0.339267880392118    16296217
round 2, total revenue = 5528783
3     206296   215.3683918918919    84.35314261518512    0.0003916690925450552   5596739  188935   74       0.5382877886410466   0.020078527222247976 0.3511732034758043   15937261
round 3, total revenue = 5596739
4     206296   210.63574324324327   83.28904479972641    0.0003954174325652973   5946955  187144   74       0.5386282367179239   0.02007514300567265  0.3815319067854106   15587045
round 4, total revenue = 5946955
5     206296   208.9604383561644    82.26389615432322    0.0003936816787018212   5988888  185429   73       0.5389394718141185   0.020072426717262365 0.39260810462123263  15254112
round 5, total revenue = 5988888
6     206296   207.591625           81.32210887129682    0.00039174079817187626  6005403  183795   72       0.5392808547063777   0.020070214506997742 0.4017906550902523   14946597
round 6, total revenue = 6005403
7     206296   206.41038028169012   80.41668678665496    0.00038959613696224756  6005863  182240   71       0.5395771911824241   0.020068389747220066 0.4098128185359168   14655137
round 7, total revenue = 6005863
8     206296   205.38082857142857   79.53670991120578    0.0003872645293352881   5993342  180755   70       0.5398668086729133   0.02006686760368222  0.41688005654721705  14376658
round 8, total revenue = 5993342
9     206296   207.27295588235296   78.62723560454764    0.00037934150777092237  5693439  179258   68       0.5401615092220414   0.020065585182780656 0.4039458199513983   14094561
round 9, total revenue = 5693439
10    206296   203.41354411764706   77.77408490300816    0.0003823446724768063   5955879  177850   68       0.5404651489432584   0.020064495064957163 0.4305832055691242   13832121
round 10, total revenue = 5955879
11    206296   202.66874626865672   76.94420771096352    0.0003796550239126      5918194  176476   67       0.5407601416221932   0.020063560956625936 0.43584052971962334  13578806
round 11, total revenue = 5918194
12    206296   202.1990606060606    76.18218457076964    0.00037676824186237684  5860862  175174   66       0.5410382491982936   0.020062754702991598 0.4391758256827318   13345138
round 12, total revenue = 5860862
13    206296   198.7676212121212    75.43666871761845    0.0003795219173907293   6087337  173903   66       0.5413190443686167   0.02006205419589123  0.4640211430082471   13118663
round 13, total revenue = 6087337
14    206296   195.34140909090908   74.67568506837651    0.00038228292411683954  6313467  172647   66       0.5416011833360511   0.020061441882835835 0.48969950280522845  12892533
round 14, total revenue = 6313467
15    206296   192.43319696969695   74.02872997091447    0.0003846983323910167   6505409  171563   66       0.5418682484054533   0.02006090368765693  0.5122130930757475   12700591
round 15, total revenue = 6505409
16    206296   198.5753650793651    73.38594021305552    0.00036956215683514007  5822752  170472   63       0.5421504457988491   0.02006042821786977  0.46543857483880413  12510248
round 16, total revenue = 5822752
17    206296   195.4444761904762    72.70956922259293    0.00037202161268416544  6019998  169345   63       0.5424088638259692   0.020060006174930832 0.48891391392610833  12313002
round 17, total revenue = 6019998
18    206296   195.30243548387097   71.9957606711577     0.0003686372906348291   5933249  168187   62       0.5426810703799715   0.020059629910158888 0.4899967800147183   12108751
round 18, total revenue = 5933249
19    206296   192.12698387096773   71.29442781900886    0.00037107972228872396  6130127  167080   62       0.5429500050801375   0.02005929308662726  0.5146232670546437   11911873
round 19, total revenue = 6130127
20    206296   195.38275000000002   70.62197281862214    0.0003614544928793465   5737035  165996   60       0.5432201082995305   0.020058990419098723 0.4893842982556034   11722965
round 20, total revenue = 5737035
