Max revenue's round: 19
round bids     cpc                  cpm                  ctr                     revenue  imps     clks     auc                  rmse                 roi                  cost    
1     206296   230.05058            65.6042764583761     0.0002851732712796295   3047471  175332   50       0.5763439611617112   0.016774788968449708 0.26493921467183434  11502529
round 1, total revenue = 3047471
2     206296   229.70151020408164   64.75304337820734    0.0002819008169370613   3003626  173820   49       0.5769173696542762   0.01677384234386328  0.266861501003876    11255374
round 2, total revenue = 3003626
3     206296   234.01782978723406   63.84762026389268    0.0002728322894112047   2678162  172267   47       0.5774890225588047   0.016773036328053503 0.24349499465307153  10998838
round 3, total revenue = 2678162
4     206296   234.04371739130437   63.005922527257084   0.0002692057844129851   2619989  170873   46       0.5780464635601787   0.01677234441072421  0.2433574515203449   10766011
round 4, total revenue = 2619989
5     206296   234.3691777777778    62.21016091357384    0.0002654366137366397   2548387  169532   45       0.5786139364931911   0.0167717460556039   0.2416308439496168   10546613
round 5, total revenue = 2548387
6     206296   235.69811363636364   61.577979526885805   0.00026125783773513206  2433283  168416   44       0.5791409473019287   0.016771225152709558 0.2346301610582952   10370717
round 6, total revenue = 2433283
7     206296   231.56502272727275   60.92358885434107    0.0002630949533604401   2615139  167240   44       0.5796567557870034   0.016770768919575584 0.256666471355336    10188861
round 7, total revenue = 2615139
8     206296   227.79556818181817   60.32903171440781    0.0002648384786233214   2780995  166139   44       0.5801469828464001   0.016770367108388775 0.2774612005082308   10023005
round 8, total revenue = 2780995
9     206296   224.16270454545457   59.74232411641782    0.0002665132196614071   2940841  165095   44       0.580636708309215    0.016770011425329006 0.2981642088503288   9863159 
round 9, total revenue = 2940841
10    206296   220.68172727272727   59.18383567488495    0.0002681863895407308   3094004  164065   44       0.5811368837008196   0.016769695099538476 0.3186411199345499   9709996 
round 10, total revenue = 3094004
11    206296   222.28560465116277   58.62105953928808    0.00026371954959154137  2954719  163052   43       0.5816365574958426   0.01676941255918015  0.30912660969059186  9558281 
round 11, total revenue = 2954719
12    206296   218.99960465116277   58.09617318452987    0.00026527980850499407  3096017  162093   43       0.5821214341916989   0.01676915918519524  0.3287695220433126   9416983 
round 12, total revenue = 3096017
13    206296   220.66054761904763   57.52181954728551    0.0002606801268643284   2954257  161117   42       0.5826132496402717   0.016768931122149527 0.31876768701937463  9267743 
round 13, total revenue = 2954257
14    206296   217.64909523809524   57.04767253914465    0.0002621084754647745   3080738  160239   42       0.5830969559441034   0.016768725131515793 0.33701451725155673  9141262 
round 14, total revenue = 3080738
15    206296   214.97               56.61823449365699    0.0002633773758834116   3193260  159467   42       0.5835934529607741   0.016768538476842027 0.3536772572917151   9028740 
round 15, total revenue = 3193260
16    206296   212.52014285714287   56.23394885558223    0.00026460526564478634  3296154  158727   42       0.5840572626001898   0.016768368833119024 0.36928197058295653  8925846 
round 16, total revenue = 3296154
17    206296   210.2477142857143    55.8850958800076     0.00026580596164799694  3391596  158010   42       0.5845375413273785   0.016768214214685866 0.3840816343170709   8830404 
round 17, total revenue = 3391596
18    206296   207.99454761904764   55.516322963998604   0.00026691239553875     3486229  157355   42       0.5850010165690727   0.01676807291746047  0.3990751360126084   8735771 
round 18, total revenue = 3486229
19    206296   205.7767142857143    55.152529609965285   0.00026802123749234227  3579378  156704   42       0.5854650770067793   0.016767943472330363 0.4141541768227281   8642622 
round 19, total revenue = 3579378
20    206296   213.870875           54.80531086838143    0.00025625420417053717  3085165  156095   40       0.5859222822911996   0.016767824607304704 0.36063407418144244  8554835 
round 20, total revenue = 3085165
