Max revenue's round: 20
round bids     cpc                  cpm                  ctr                     revenue  imps     clks     auc                  rmse                 roi                  cost    
1     206295   242.73435294117647   53.02566804376739    0.0002184514363181938   1641032  155641   34       0.5056176907399313   0.016030891622911905 0.19884143498435958  8252968 
round 1, total revenue = 1641032
2     206295   237.7605588235294    52.35897352859262    0.00022021723782813987  1810141  154393   34       0.505505896809628    0.016030621389909405 0.2239204073203157   8083859 
round 2, total revenue = 1810141
3     206295   232.57391176470588   51.65743160260263    0.00022211189213201286  1986487  153076   34       0.5053962070204027   0.016030379340791524 0.25121514185307064  7907513 
round 3, total revenue = 1986487
4     206295   242.17334375000002   51.024815970713334   0.00021069542659239653  1562453  151878   32       0.5053126817680567   0.016030161761099698 0.2016186236434207   7749547 
round 4, total revenue = 1562453
5     206295   244.96851612903228   50.40069554598369    0.0002057435638767397   1426976  150673   31       0.5052449833159909   0.01602996552493623  0.187907754834591    7594024 
round 5, total revenue = 1426976
6     206295   240.3299677419355    49.80998575946194    0.00020725665728440294  1570771  149573   31       0.505177925254688    0.016029787986873743 0.2108352642583201   7450229 
round 6, total revenue = 1570771
7     206295   236.23370967741937   49.29220962791449    0.00020865866135372354  1697755  148568   31       0.505112605396884    0.016029626896293874 0.23183097110638795  7323245 
round 7, total revenue = 1697755
8     206295   232.63512903225808   48.84214340379132    0.0002099517111064455   1809311  147653   31       0.5050620145266241   0.016029480328994896 0.25088588817404633  7211689 
round 8, total revenue = 1809311
9     206295   229.37890322580645   48.42512939253609    0.0002111141378371016   1910254  146840   31       0.5050167297512558   0.01602934663220519  0.2686432619024783   7110746 
round 9, total revenue = 1910254
10    206295   226.106              48.00256131051439    0.0002123011388928838   2011714  146019   31       0.5049621135676298   0.0160292243800848   0.28700697902753575  7009286 
round 10, total revenue = 2011714
11    206295   222.9824193548387    47.5988996233379     0.00021346480929329377  2108545  145223   31       0.5049259772317298   0.016029112337492154 0.305035620485052    6912455 
round 11, total revenue = 2108545
12    206295   227.3464             47.21562872095921    0.00020768144435521834  1909608  144452   30       0.5048925854276703   0.016029009430309177 0.2799850800364554   6820392 
round 12, total revenue = 1909608
13    206295   224.46020000000001   46.858536585365854   0.00020876100344455656  1996194  143705   30       0.5048741970643389   0.01602891472100403  0.29644364568863435  6733806 
round 13, total revenue = 1996194
14    206295   229.42937931034484   46.51852784070252    0.00020275750202757503  1785548  143028   29       0.5048514174500628   0.01602882738840258  0.2683641514209466   6653452 
round 14, total revenue = 1785548
15    206295   226.904              46.21652221551082    0.0002036831532961553   1858784  142378   29       0.5048574554201118   0.016028746710861217 0.28248069668229736  6580216 
round 15, total revenue = 1858784
16    206295   224.36006896551726   45.90892220850238    0.00020462162638913389  1932558  141725   29       0.5048492218245904   0.016028672052203822 0.29702224349344847  6506442 
round 16, total revenue = 1932558
17    206295   221.9946896551724    45.623536581908894   0.00020551634209258157  2001154  141108   29       0.5048411711978583   0.016028602849916706 0.3108421667744149   6437846 
round 17, total revenue = 2001154
18    206295   219.67193103448275   45.32992258211419    0.00020635282062958957  2068514  140536   29       0.504841537135437    0.016028538605197134 0.32470269929170237  6370486 
round 18, total revenue = 2068514
19    206295   217.4617931034483    45.054024318802064   0.00020718133367625416  2132608  139974   29       0.5048456539331978   0.0160284788745308   0.3381661019486261   6306392 
round 19, total revenue = 2132608
20    206295   215.38051724137932   44.79563807966493    0.00020798370555244776  2192965  139434   29       0.5048659634688175   0.016028423262535927 0.35109713602309306  6246035 
round 20, total revenue = 2192965
