Max revenue's round: 12
This round's info:
round bids     cpc                  cpm                  ctr                     winrate               revenue  imps     clks     auc                  rmse                 roi                  cost    
12    313056   115.28551219512195   82.02384340401902    0.0007114843994030473   0.9203784626392723    -878530  288130   205      0.5977223654732069   0.02699853870347429  -0.03717303339788851 23633530
12    249420   146.84714159292037   72.60690376385959    0.0004944386589773433   0.9162938016197578    469273   228542   113      0.41068461293577607  0.02268000048399477  0.028280144659484877 16593727
round 12, total revenue = -409257


all rounds' info:
round bids     cpc                  cpm                  ctr                     winrate               revenue  imps     clks     auc                  rmse                 roi                  cost    
1     313056   119.64928125         85.67550227763127    0.0007160553024854151   0.9992621128488194    -1937439 312825   224      0.5853138910935307   0.030091334869612723 -0.07228861853275863 26801439
1     249420   156.12293700787401   79.6053100684937     0.0005098886274761717   0.9986127816534359    -650613  249074   127      0.42401888919818     0.023947467916475375 -0.03281348087639193 19827613
round 1, total revenue = -2588052
2     313056   118.58330941704037   85.0677574076993     0.0007173670377888367   0.9929820862721047    -1691078 310859   223      0.5867097081774608   0.028127759103431047 -0.06394921388448484 26444078
2     249420   153.4306349206349    78.42988182124297    0.0005111748501973703   0.9882567556731617    -306260  246491   126      0.42089098837654615  0.023114371992830594 -0.015841913982121078 19332260
round 2, total revenue = -1997338
3     313056   117.18548868778281   84.3755982498037     0.0007200174628669727   0.980453976285393     -1366993 306937   221      0.5879694983478123   0.027593170739432644 -0.05278374274021929 25897993
3     249420   152.31817886178862   77.09646967807777    0.0005061540930582818   0.9742963675727688    -162136  243009   123      0.41896835431703217  0.022902268452122405 -0.008654113853243446 18735136
round 3, total revenue = -1529129
4     313056   116.4323256880734    83.84672075369481    0.000720132662971307    0.9669899315138506    -1184247 302722   218      0.5891626593050401   0.027360168692174183 -0.0466565075976134  25382247
4     249420   150.41688429752065   75.94022981791478    0.000504865063337617    0.9609012909951087    70557    239668   121      0.4175316298428965   0.022812417575605946 0.003876663881203331 18200443
round 4, total revenue = -1113690
5     313056   117.04431455399062   83.39055057532781    0.0007124698956382124   0.9549729121946233    -1287439 298960   213      0.5903102971974004   0.02723438591981954  -0.05164124867596596 24930439
5     249420   147.99083333333334   75.011510080296      0.0005068659212921702   0.9491981396840671    361100   236749   120      0.4163272474715977   0.022764801672561376 0.020333466599845713 17758900
round 5, total revenue = -926339
6     313056   115.87360377358492   83.02786049136944    0.0007165381742472124   0.9450928907288153    -1033204 295867   212      0.5914144955256678   0.027157578162354742 -0.04205965478650208 24565204
6     249420   148.81911111111114   74.28099229965231    0.000499136110577846    0.9398003367813327    255164   234405   117      0.4152817395942181   0.02273618620016185  0.014654629184423744 17411836
round 6, total revenue = -778040
7     313056   116.19633971291867   82.75161942147211    0.0007121706210877469   0.9374329193498927    -1086035 293469   209      0.5924923218715293   0.02710676452962107  -0.044720339089484536 24285035
7     249420   147.89455172413795   73.74479553983244    0.0004986309142569755   0.9327118915884853    360232   232637   116      0.4143593199678929   0.022717564596071358 0.020997719251041397 17155768
round 7, total revenue = -725803
8     313056   116.27508695652175   82.5276550075948     0.0007097621439617071   0.9316128743739139    -1091943 291647   207      0.5935500838195216   0.027071201853095955 -0.04536730175479663 24068943
8     249420   147.57698260869566   73.37789413153355    0.000497217742458504    0.9272993344559378    393647   231287   115      0.41352015942028936  0.02270477184316425  0.02319479183539462  16971353
round 8, total revenue = -698296
9     313056   116.61238048780488   82.3547945913358     0.0007062268538454914   0.9272302719002351    -1150538 290275   205      0.5946110281008884   0.027045248933708098 -0.048128513150383814 23905538
9     249420   147.60394736842105   73.08744771510105    0.0004951591676113782   0.9230574933846524    387150   230229   114      0.41275974124114334  0.02269563550654907  0.023007871348469856 16826850
round 9, total revenue = -763388
10    313056   116.0519463414634    82.2235666566439     0.0007085065718304699   0.9242467801287948    -1035649 289341   205      0.5956510945628508   0.027025681059992788 -0.04353176746040009 23790649
10    249420   147.99358407079646   72.88163846978532    0.0004924648519554777   0.9199663218667308    339725   229458   113      0.4120439847984589   0.022688918545879056 0.020314501794654456 16723275
round 10, total revenue = -695924
11    313056   115.61797073170732   82.1167430032498     0.0007102420366277016   0.9219883982418481    -946684  288634   205      0.5966953565674684   0.027010531602417658 -0.039941634526896905 23701684
11    249420   147.3150353982301    72.71988170229868    0.0004936351642975091   0.9177852618073932    416401   228914   113      0.41133621945855003  0.022683867895728738 0.025014178571851224 16646599
round 11, total revenue = -530283
12    313056   115.28551219512195   82.02384340401902    0.0007114843994030473   0.9203784626392723    -878530  288130   205      0.5977223654732069   0.02699853870347429  -0.03717303339788851 23633530
12    249420   146.84714159292037   72.60690376385959    0.0004944386589773433   0.9162938016197578    469273   228542   113      0.41068461293577607  0.02268000048399477  0.028280144659484877 16593727
round 12, total revenue = -409257
13    313056   115.62658333333333   81.94996734206065    0.0007087467689485533   0.9194265562710825    -943823  287832   204      0.5987437232398586   0.026988859127021956 -0.04001314576593185 23587823
13    249420   146.5366725663717    72.5324210553981     0.0004949779450092644   0.9152954855264213    504356   228293   113      0.41007280399994805  0.0226769932162976   0.030458774281275688 16558644
round 13, total revenue = -439467
14    313056   115.48720098039216   81.89414316552015    0.0007091187808718685   0.918944214453644     -915389  287681   204      0.5997637395745046   0.026980910491913417 -0.03885453056528758 23559389
14    249420   147.6245625          72.47568721480202    0.0004909459915574823   0.9146459786705156    378049   228131   112      0.4095020876519111   0.02267462259451947  0.022865012724423824 16533951
round 14, total revenue = -537340
15    313056   115.97913793103449   81.84751472254862    0.0007057089419928108   0.918857967903506     -1010765 287654   203      0.6007730672647665   0.026974279568941207 -0.04293132385580641 23543765
15    249420   147.52657142857143   72.44440936872473    0.0004910600759389332   0.9144334856867934    389024   228078   112      0.40894081533442717  0.022672729739129045 0.023544426863538383 16522976
round 15, total revenue = -621741
16    313056   115.9488669950739    81.81250043447734    0.0007055912020076329   0.9190112951037515    -1004620 287702   203      0.6017760588293853   0.02696866655112541  -0.04268146057247929 23537620
16    249420   147.51199107142858   72.43185076393608    0.0004910234770599969   0.9145016438136476    390657   228095   112      0.40839918912732454  0.022671199182344625 0.02364559588164231  16521343
round 16, total revenue = -613963
17    313056   115.98098029556651   81.79677734273217    0.0007052602688327074   0.9194425278544414    -1011139 287837   203      0.6027862142117357   0.026963849870721677 -0.04294652694668512 23544139
17    249420   147.52779464285715   72.42786193957885    0.0004909438395314993   0.9146499879720953    388887   228132   112      0.4078944862369995   0.02266994549642795  0.023535940231117467 16523113
round 17, total revenue = -622252
18    313056   116.019960591133     81.7819338440063     0.0007048953768585973   0.9199184810385362    -1019052 287986   203      0.6037929589318594   0.026959663243290372 -0.04326807702360712 23552052
18    249420   147.58357142857142   72.43111547360303    0.0004907803407417794   0.9149546948921498    382640   228208   112      0.4073985640841118   0.02266890456921813  0.023149111641346067 16529360
round 18, total revenue = -636412
19    313056   116.09018226600986   81.77152086940531    0.0007043792961064827   0.9205924818562813    -1033307 288197   203      0.6048140740991057   0.026955980252988395 -0.04384679364484219 23566307
19    249420   147.66783928571428   72.43692186405046    0.0004905395935529082   0.9154037366690723    373202   228320   112      0.40694010219957155  0.022668027738174574 0.02256524325407445  16538798
round 19, total revenue = -660105
20    313056   116.17183251231528   81.76519821650221    0.0007038298049385969   0.9213112031074313    -1049882 288422   203      0.6058256422662277   0.026952703738334933 -0.044518816656929375 23582882
20    249420   147.78216964285713   72.45555905759987    0.0004902862045719189   0.9158768342554727    360397   228438   112      0.4064938954449798   0.02266727774040684  0.021774144776188747 16551603
round 20, total revenue = -689485
