Max revenue's round: 20
This round's info:
round bids     cpc                  cpm                  ctr                     winrate               revenue  imps     clks     auc                  rmse                 roi                  cost    
20    313056   45.447242857142854   60.35872122438654    0.0013281052365292183   0.5050853521414699    13766079 158120   210      0.9468724783932407   0.02643657428243181  1.4423923877827571   9543921 
20    249420   88.34098924731182    56.9211348598746     0.000644334361035092    0.5786825435009222    5827288  144335   93       0.7014010898411258   0.022558729314520676 0.7092858172243623   8215712 
round 20, total revenue = 19593367


all rounds' info:
round bids     cpc                  cpm                  ctr                     winrate               revenue  imps     clks     auc                  rmse                 roi                  cost    
1     313056   90.34987878787878    67.17425270782523    0.00074349023605815     0.5671221762240621    2725816  177541   132      0.6290166541352182   0.026740885494186687 0.22855726525768846  11926184
1     249420   179.08313888888887   55.7876915621782     0.00031151839256509436  0.46332691845080587   -1010993 115563   36       0.42409399924719393  0.022575133107911656 -0.15681620873483187 6446993 
round 1, total revenue = 1714823
2     313056   76.88855147058824    62.88771214472149    0.0008179073599634347   0.5311445875498313    4639157  166278   136      0.678463807194094    0.02672896496854341  0.4436479537849043   10456843
2     249420   169.96905714285714   54.095325131170945   0.00031826572460012185  0.4409069040173202    -663917  109971   35       0.43111874712395315  0.022571080930144524 -0.11160300269780198 5948917 
round 2, total revenue = 3975240
3     313056   67.02427272727272    61.56901786513168    0.000918607772376152    0.5355112184401513    6772262  167645   154      0.7275667116969218   0.02672008924855853  0.6561164408552126   10321738
3     249420   156.17362500000002   54.35434612372749    0.0003480379361350387   0.46078903055087805   -206945  114930   40       0.44164865167828476  0.022569725582998416 -0.03312739266953687 6246945 
round 3, total revenue = 6565317
4     313056   62.8201265060241     60.98007122432153    0.0009707091439631832   0.546256899724011     7997859  171009   166      0.7725736820059512   0.026710816846301257 0.766949641359855    10428141
4     249420   146.42222222222222   54.756839410963      0.0003739653624970914   0.4824472776842274    206000   120332   45       0.45475225986333445  0.022568664983017468 0.031264228259219914 6589000 
round 4, total revenue = 8203859
5     313056   59.67967796610169    60.7243425023713     0.0010175045270328534   0.5556673566390677    9083697  173955   177      0.810840142004563    0.02670076545110614  0.8599296072450066   10563303
5     249420   125.41380000000001   55.10932768745256    0.00043941996564534816  0.5018242322187475    1407241  125165   55       0.4698818179070253   0.022567693149173108 0.20401423128874174  6897759 
round 5, total revenue = 10490938
6     313056   58.8502817679558     60.59998065697999    0.001029731359586742    0.5614778186650312    9439099  175774   181      0.8409638528598646   0.02668980593292503  0.8861422012840713   10651901
6     249420   123.48908620689656   55.412259392213905   0.00044872191619731383  0.5182262849811563    1595633  129256   58       0.4866568798293859   0.022566794029333183 0.22278012282810974  7162367 
round 6, total revenue = 11034732
7     313056   56.979617021276596   60.557331268054696   0.0010627893698450476   0.5650522590207503    10155832 176893   188      0.8638301739660357   0.02667787108129609  0.9480650415490123   10712168
7     249420   121.00459016393442   55.65526861451461    0.0004599434495758718   0.5317336220030471    1829720  132625   61       0.5044441270464053   0.02256596305803575  0.24788654542301605  7381280 
round 7, total revenue = 11985552
8     313056   55.04713846153846    60.53980643851377    0.0010997811717463398   0.566377900439538     10910808 177308   195      0.8819296736290223   0.026664926259490296 1.0164535905450545   10734192
8     249420   114.68865151515152   55.890330345408096   0.0004873222381381337   0.5429957501403255    2396549  135434   66       0.5226710428430184   0.022565193001159247 0.31660803405689525  7569451 
round 8, total revenue = 13307357
9     313056   54.72868877551021    60.546735829673864   0.0011063070792364223   0.5659243074721455    11029177 177166   196      0.8959541454587218   0.026650958386533852 1.0281867240654572   10726823
9     249420   112.06636231884058   56.09415306492564    0.000500544069640914    0.5526822227567958    2686421  137850   69       0.5409999162671405   0.02256447581823632  0.34741591388849696  7732579 
round 9, total revenue = 13715598
10    313056   54.22621319796954    60.522727401490044   0.0011161156907736325   0.5638128641521006    11184436 176505   197      0.9067419416469086   0.026635969911534014 1.0469804814649366   10682564
10    249420   107.7746301369863    56.28320635261294    0.0005222305683728583   0.5604402213134472    3155452  139785   73       0.5591492267692089   0.022563804208504554 0.40107184601860707  7867548 
round 10, total revenue = 14339888
11    313056   52.09325980392157    60.53974068292905    0.001162141530608757    0.5607239599304916    12016975 175538   204      0.9156376051796857   0.026619975141507875 1.1307938957516332   10627025
11    249420   103.53714285714285   56.41632404661991    0.0005448897129068097   0.566566434127175     3654640  141313   77       0.5769517613132774   0.022563172111800235 0.45841381974722667  7972360 
round 11, total revenue = 15671615
12    313056   50.689725961538464   60.52886806859216    0.0011941052534890262   0.5564148267402638    12544537 174189   208      0.9227800884340477   0.02660299778799631  1.1897928602775008   10543463
12    249420   100.7159375          56.54505835374369    0.0005614310878429116   0.5712974099911795    4022725  142493   80       0.5941005415282924   0.022562574702776405 0.49926619111300036  8057275 
round 12, total revenue = 16567262
13    313056   49.937717703349286   60.508809359545936   0.0012116855183289174   0.5509780997648983    12762017 172487   209      0.9282878655430755   0.026585069170249102 1.2227687828944438   10436983
13    249420   97.7447951807229     56.63675013787759    0.000579434946210286    0.5743043861759282    4420182  143243   83       0.610340010052365    0.022562008211383405 0.5448392901208926   8112818 
round 13, total revenue = 17182199
14    313056   49.45941148325359    60.53145440385077    0.0012238611942308707   0.545496652356128     12861983 170771   209      0.9326362315533121   0.026566226788338292 1.244264472042563    10337017
14    249420   96.98063095238095    56.67594061334669    0.0005844047420270496   0.576280971854703     4537627  143736   84       0.6258360849205964   0.02256146971368132  0.5570119364777429   8146373 
round 14, total revenue = 17399610
15    313056   48.87368899521532    60.516265677672386   0.0012382176774828042   0.5391719053460083    12984399 168791   209      0.9361472157693952   0.02654651310659999  1.2711606650127596   10214601
15    249420   94.0506551724138     56.742673471935205   0.0006033203422976102   0.5781493063908267    4954593  144202   87       0.6406791635090493   0.0225609569446905   0.605517789569744    8182407 
round 15, total revenue = 17938992
16    313056   48.00456190476191    60.49143419481431    0.0012601184511344067   0.5323360676684044    13229042 166651   210      0.9390569958476115   0.026525974451271903 1.3122802416198938   10080958
16    249420   92.1779775280899     56.79363101419176    0.0006161301488404292   0.5791436131825836    5235160  144450   89       0.6546751852032824   0.022560468146228103 0.6381353122440223   8203840 
round 16, total revenue = 18464202
17    313056   47.360861904761904   60.458102086841286   0.0012765414237692013   0.5254874527241132    13364219 164507   210      0.9414958333980266   0.026504659966543602 1.3437073468639618   9945781 
17    249420   89.33394565217392    56.834497399867224   0.0006362026997123257   0.5797770828321707    5673277  144608   92       0.6676887750369067   0.02256000194824051  0.6902869217030432   8218723 
round 17, total revenue = 19037496
18    313056   46.73003333333333    60.4491006529506     0.001293581372428237    0.5185653684963712    13496693 162340   210      0.9435719705670409   0.02648262060436274  1.3753460479734303   9813307 
18    249420   89.42707608695653    56.874868653909964   0.0006359915938502378   0.5799695293079945    5664709  144656   92       0.6797576775467479   0.022559557277861523 0.6885266365320006   8227291 
round 18, total revenue = 19161402
19    313056   46.08762380952381    60.399407139291064   0.0013105341987019472   0.5118573034856384    13631599 160240   210      0.9453433886125095   0.026459908147563455 1.4084556942825577   9678401 
19    249420   89.42579347826087    56.90827909164482    0.0006363743264461953   0.5796207200705638    5664827  144569   92       0.6909405152100849   0.02255913329004612  0.6885508545888119   8227173 
round 19, total revenue = 19296426
20    313056   45.447242857142854   60.35872122438654    0.0013281052365292183   0.5050853521414699    13766079 158120   210      0.9468724783932407   0.02643657428243181  1.4423923877827571   9543921 
20    249420   88.34098924731182    56.9211348598746     0.000644334361035092    0.5786825435009222    5827288  144335   93       0.7014010898411258   0.022558729314520676 0.7092858172243623   8215712 
round 20, total revenue = 19593367
