Max revenue's round: 18
This round's info:
round bids     cpc                  cpm                  ctr                     winrate               revenue  imps     clks     auc                  rmse                 roi                  cost    
18    313056   93.63206857142856    65.4599684397659     0.0006991191099214989   0.7995853776960032    3039388  250315   175      0.5785661201321715   0.0264707409371423   0.18549127124455284  16385612
18    249421   159.77688571428573   60.58908740262414    0.000379210591893561    0.7400900485524474    -614382  184594   70       0.4961312275712688   0.021634330957728272 -0.05493213661693601 11184382
round 18, total revenue = 2425006


all rounds' info:
round bids     cpc                  cpm                  ctr                     winrate               revenue  imps     clks     auc                  rmse                 roi                  cost    
1     313056   107.45102314814815   74.8534049312241     0.0006966281263606018   0.9904457988347133    766579   310065   216      0.5726432345820631   0.02814413223794605  0.03302878602615722  23209421
1     249421   172.44729357798164   76.66699976343331    0.00044458221507990246  0.9829725644592877    -2337755 245174   109      0.49263927857374534  0.022611224679071226 -0.12437013729231455 18796755
round 1, total revenue = -1571176
2     313056   104.36535576923077   72.74406868264437    0.0006970135649563026   0.9532352039251764    1380006  298416   208      0.5723912869051843   0.027057132932405317 0.06357132768693413  21707994
2     249421   168.6342929292929    71.9355179248535     0.0004265770423991727   0.9304749800538046    -1745795 232080   99       0.4924132709622405   0.02197441671992376  -0.10457121516017417 16694795
round 2, total revenue = -365789
3     313056   101.44417412935324   71.01360698215456    0.0007000264686624967   0.9171905346008382    1920721  287132   201      0.5724850497115164   0.02678042687047336  0.09419787733164416  20390279
3     249421   163.99004347826087   68.56487654573466    0.0004181038988188565   0.8822071918563393    -1195084 220041   92       0.49239781419933626  0.02181371198409836  -0.07921239120826795 15087084
round 3, total revenue = 725637
4     313056   99.89296907216496    69.68942750287687    0.0006976409666283085   0.8882755800879076    2154764  278080   194      0.5727035436636871   0.02666374281399519  0.11118931623517046  19379236
4     249421   162.4171627906977    66.29586596421282    0.0004081826379989558   0.8447163630969325    -981876  210690   86       0.49249836960543414  0.021745759897338554 -0.07029529758139319 13967876
round 4, total revenue = 1172888
5     313056   98.55087301587302    68.70848688069232    0.0006971880083662561   0.8659441122355106    2352885  271089   189      0.5729996784102168   0.02660203684298582  0.12632183361908803  18626115
5     249421   156.69490476190478   64.68631806565756    0.0004128169844702182   0.8158094146042234    -478372  203480   84       0.4926532138655808   0.021709711755486825 -0.036343905186694316 13162372
round 5, total revenue = 1874513
6     313056   97.68346486486486    67.96457624250174    0.0006957633652381579   0.8493528314422979    2463559  265895   185      0.5733363711241114   0.02656488039654683  0.13632332916893566  18071441
6     249421   157.083075           63.47784754178684    0.0004041036727972561   0.7937142421849003    -486646  197969   80       0.4928340614494502   0.02168797591605424  -0.03872520957461521 12566646
round 6, total revenue = 1976913
7     313056   97.41055248618785    67.34674311208217    0.0006913700969064053   0.836268910354697     2459690  261799   181      0.5737123021318123   0.026540537987039328 0.13950693397144057  17631310
7     249421   157.8514025974026    62.62137292885995    0.00039671090594345067  0.778186279423144     -527558  194096   77       0.49303880304487857  0.021673751533437056 -0.04340412872273924 12154558
round 7, total revenue = 1932132
8     313056   96.71748603351956    66.91052794310892    0.0006918141763932906   0.8264974956557293    2556570  258740   179      0.5741136295239949   0.02652361651322651  0.1476725104448076   17312430
8     249421   160.33648648648648   62.02377467380395    0.0003868350618936099   0.7669602800084997    -690900  191296   74       0.4932707582251072   0.02166390014129818  -0.05823057927163314 11864900
round 8, total revenue = 1865670
9     313056   95.40683240223464    66.59085077926686    0.0006979673164131499   0.8192112593274047    2791177  256459   179      0.5745432712455272   0.026511322461368506 0.16343868887738208  17077823
9     249421   159.48697260273974   61.56658470162079    0.0003860289257290923   0.7581759354665405    -619549  189105   73       0.493499186358767    0.021656787802973452 -0.05321420592689797 11642549
round 9, total revenue = 2171628
10    313056   95.4348757062147     66.32392054623482    0.0006949652321066084   0.8135573188183584    2755027  254689   177      0.5749850319692386   0.026502076901240436 0.16309681527433179  16891973
10    249421   159.56613888888887   61.25314296072765    0.00038387306597285165  0.7519896079319704    -616762  187562   72       0.49372968922570265  0.021651485839943474 -0.05368393913983073 11488762
round 10, total revenue = 2138265
11    313056   95.13188636363637    66.09667053538297    0.0006947898655423703   0.8091651333946642    2792788  253314   176      0.5754234348568955   0.026494926079402084 0.16680120875253804  16743212
11    249421   160.24449295774647   61.01605663261202    0.00038076850883543827  0.747591421732733     -656359  186465   71       0.4939887196751797   0.021647430008255825 -0.057689926106752894 11377359
round 11, total revenue = 2136429
12    313056   94.49484659090909    65.92027856721009    0.0006976071282764743   0.8058973474394358    2904907  252291   176      0.5758764641264926   0.02648926305060554  0.1746672332359635   16631093
12    249421   161.35229999999999   60.83617100351724    0.00037703937907000544  0.744351919044507     -724661  185657   70       0.494269673139604    0.021644259116368712 -0.064159606029787   11294661
round 12, total revenue = 2180246
13    313056   94.05535795454546    65.79676774421775    0.0006995536370827024   0.8036549371358479    2982257  251589   176      0.5763327192647881   0.02648468510575934  0.18015605292410303  16553743
13    249421   160.51020000000003   60.713898195179944   0.00037825570085377717  0.7419583755978847    -665714  185060   70       0.49455985916710526  0.02164173212732093  -0.05924981714557704 11235714
round 13, total revenue = 2316543
14    313056   94.22908000000001    65.68526610554996    0.0006970806263369011   0.8019236174997445    2934911  251047   175      0.5767865550015598   0.02648091583323487  0.17798030077339183  16490089
14    249421   160.0364285714286    60.63921923124807    0.0003789088507694556   0.7406794135217163    -632550  184741   70       0.4948437172581155   0.021639682696549516 -0.05646482274125088 11202550
round 14, total revenue = 2302361
15    313056   93.98225142857143    65.60310008256782    0.0006980371196196296   0.800824772564653     2978106  250703   175      0.5772312556646988   0.02647776016032703  0.1810740678452722   16446894
15    249421   159.77361428571427   60.59506859111891    0.0003792557917777344   0.7400018442713324    -614153  184572   70       0.49514690494747815  0.02163799285634961  -0.05491278597494151 11184153
round 15, total revenue = 2363953
16    313056   93.8333542857143     65.54805681074262    0.000698558175924891    0.8002274353470306    3004163  250516   175      0.577671176176948    0.026475077219349212 0.18294822608616113  16420837
16    249421   159.66575714285716   60.57746570479293    0.0003794017376599585   0.739717185000461     -606603  184501   70       0.49546565313640895  0.02163657707344039  -0.054274362254792444 11176603
round 16, total revenue = 2397560
17    313056   93.71149714285714    65.49875189213152    0.0006989404063439826   0.7997898139629971    3025488  250379   175      0.5781177390461083   0.02647276332584218  0.18448646520701348  16399512
17    249421   159.7008285714286    60.5828912071535     0.000379352391274895    0.7398134078525865    -609058  184525   70       0.4957894844218652   0.021635372205865974 -0.05448205027650809 11179058
round 17, total revenue = 2416430
18    313056   93.63206857142856    65.4599684397659     0.0006991191099214989   0.7995853776960032    3039388  250315   175      0.5785661201321715   0.0264707409371423   0.18549127124455284  16385612
18    249421   159.77688571428573   60.58908740262414    0.000379210591893561    0.7400900485524474    -614382  184594   70       0.4961312275712688   0.021634330957728272 -0.05493213661693601 11184382
round 18, total revenue = 2425006
19    313056   93.5814342857143     65.42456904300582    0.0006991191099214989   0.7995853776960032    3048249  250315   175      0.5790131375555575   0.02646895127827081  0.1861327072750877   16376751
19    249421   159.9688142857143    60.614912010046716   0.0003789170550566481   0.7406633763796954    -627817  184737   70       0.49646010737436275  0.021633417484743043 -0.05606601715316476 11197817
round 19, total revenue = 2420432
20    313056   93.59385714285715    65.40921379993371    0.0006988622522533316   0.7998792548298068    3046075  250407   175      0.5794759030834085   0.026467349289774022 0.18597527004977432  16378925
20    249421   160.1512142857143    60.63380929201146    0.0003786034939693872   0.7412767970619956    -640585  184890   70       0.49680268041707676  0.02163260436570253  -0.057141085857696096 11210585
round 20, total revenue = 2405490
