Max revenue's round: 20
This round's info:
round bids     cpc                  cpm                  ctr                     winrate               revenue  imps     clks     auc                  rmse                 roi                  cost    
20    313056   73.9346076923077     57.5873351587449     0.000778895526143928    0.5331410354696923    4818501  166903   130      0.6265272984826329   0.026559627694154278 0.5013266921215931   9611499 
20    249421   126.67386363636363   43.68714777278748    0.0003448789396540237   0.511508654042763     1070350  127581   44       0.48425868414076156  0.020522838570050765 0.19203753375256788  5573650 
round 20, total revenue = 5888851


all rounds' info:
round bids     cpc                  cpm                  ctr                     winrate               revenue  imps     clks     auc                  rmse                 roi                  cost    
1     313056   93.85405820105821    70.96871336723386    0.0007561603059848688   0.7984098691607892    3240583  249947   189      0.618394174657437    0.02661741768102119  0.18268727136136217  17738417
1     249421   178.40214285714288   61.12533283734044    0.0003426266739760357   0.819113065860533     -1918150 204304   70       0.4853162824917546   0.02058722584631322  -0.153597610534787   12488150
round 1, total revenue = 1322433
2     313056   89.08079888268158    68.61155669916782    0.0007702171237769038   0.7423655831544516    3923537  232402   179      0.619135070914387    0.026593585837047694 0.24605977261368955  15945463
2     249421   171.399453125        57.442803655120045   0.0003351399471107271   0.7656332065062685    -1305565 190965   64       0.48505755556727015  0.020563186620090983 -0.11901702574350032 10969565
round 2, total revenue = 2617972
3     313056   86.4303076923077     66.70040641125165    0.0007717247362893282   0.6995234079525708    4152278  218990   169      0.6197774519651584   0.026581694133318703 0.284271720924106    14606722
3     249421   156.848              54.84469753733953    0.0003496678155752036   0.7223569787628147    -368424  180171   63       0.48487129357350284  0.02055046138873329  -0.037284504743445884 9881424 
round 3, total revenue = 3783854
4     313056   85.40186163522013    65.13284727551803    0.0007626630851880277   0.6659511397321884    4070104  208480   159      0.6203361869379194   0.02657493684460022  0.29973747497587433  13578896
4     249421   158.75080701754385   52.86438044049775    0.00033300227843664196  0.6862693999302384    -441796  171170   57       0.48473404186234487  0.020542839909593297 -0.04882373301376227 9048796 
round 4, total revenue = 3628308
5     313056   82.86759090909091    63.77392594961695    0.0007695882702754026   0.6392051262393948    4332391  200107   154      0.6208533519939927   0.026570742296573323 0.33948626697464246  12761609
5     249421   155.30125925925927   51.23825700180849    0.0003299281489808886   0.6562077772120231    -232268  163672   54       0.48461566082898044  0.02053787961679579  -0.027696229121225317 8386268 
round 5, total revenue = 4100123
6     313056   80.63852             62.559946624462754   0.0007758072274201307   0.6176115455381784    4554222  193347   150      0.6213331561959246   0.026567964903857582 0.37651335862810975  12095778
6     249421   151.27598076923078   49.94698845670311    0.00033017130811332493  0.6314384113607114    -14351   157494   52       0.484520008648424    0.020534452215129045 -0.0018243528670408935 7866351 
round 6, total revenue = 4539871
7     313056   79.91159310344828    61.63492502539934    0.0007712889035463332   0.6005219513441684    4507819  187997   145      0.6217730249281368   0.026566032321187493 0.3890350034231795   11587181
7     249421   146.20133333333334   48.90863413642237    0.00033452933035099344  0.6112276031288464    244732   152453   51       0.4844460539273548   0.02053197450472576  0.03282231808191444  7456268 
round 7, total revenue = 4752551
8     313056   78.71380281690142    60.84970166804582    0.0007730499542702844   0.5867576408054789    4584640  183688   142      0.622190647824627    0.026564633251060156 0.41017199052370146  11177360
8     249421   139.63764705882352   48.033022399384876   0.0003439833269258008   0.5944286968619322    579480   148263   51       0.4843745057907005   0.020530118820657545 0.08137026926835844  7121520 
round 8, total revenue = 5164120
9     313056   78.55406521739131    60.17597393225495    0.0007660453187969758   0.5754433711540428    4477539  180146   138      0.6225918539307762   0.026563586897436736 0.41303953770969704  10840461
9     249421   137.08428            47.323639677706666   0.0003452156562204409   0.5806928847210139    695786   144837   50       0.48432740549572206  0.02052868880220887  0.1015121500437541   6854214 
round 9, total revenue = 5173325
10    313056   77.14843795620438    59.62617623829403    0.0007728760013539434   0.5662245732392927    4637664  177260   137      0.6229838029921517   0.026562782616011457 0.43878480161856903  10569336
10    249421   138.07572916666666   46.71526647071677    0.0003383307606098412   0.5688093624835118    620365   141873   48       0.4842790064091545   0.020527560563030144 0.09360277082247287  6627635 
round 10, total revenue = 5258029
11    313056   76.12176470588236    59.189617220776995   0.0007775649638375118   0.5587019574772565    4743440  174905   136      0.6233629946886983   0.026562149733246408 0.4581900515428068   10352560
11    249421   139.82584782608694   46.17828783940956    0.0003302557328087532   0.5584373408814816    514011   139286   46       0.4842462310214079   0.02052665258708322  0.07991478219256905  6431989 
round 11, total revenue = 5257451
12    313056   77.05731060606061    58.81455161527209    0.0007632572581717675   0.5524347081672288    4480435  172943   132      0.6237373553650034   0.026561641464579178 0.4404862968481251   10171565
12    249421   136.39495652173915   45.74542485089753    0.0003353894162765942   0.5498895441843309    671832   137154   46       0.4842149454240134   0.02052590932866149  0.10707905813169172  6274168 
round 12, total revenue = 5152267
13    313056   75.98312121212122    58.513683645549534   0.0007700879183706806   0.5475346263927221    4622228  171409   132      0.6241128731719054   0.0265612258851634   0.46085075513182155  10029772
13    249421   136.30308888888888   45.353063397465284   0.00033273687168187396  0.5422237902983309    661361   135242   45       0.48420486068932217  0.02052529180379141  0.1078252241450793   6133639 
round 13, total revenue = 5283589
14    313056   76.29385384615384    58.270035426617554   0.0007637579239884614   0.5437078350199326    4511799  170211   130      0.6244792641112258   0.026560880632738804 0.45490094423373756  9918201 
14    249421   133.7344666666667    45.01732456632482    0.00033661722133704363  0.5359733141956772    776949   133683   45       0.48419175817417404  0.020524771952531808 0.12910309334367556  6018051 
round 14, total revenue = 5288748
15    313056   75.58514615384615    58.06168345791355    0.0007681626141164652   0.5405901819482776    4603931  169235   130      0.6248250436617918   0.026560589681553486 0.4685425066728109   9826069 
15    249421   134.41075            44.703339481163454   0.00033258753099111085  0.530412435199923     729927   132296   44       0.48418148244071973  0.020524329132963433 0.12342204771567751  5914073 
round 15, total revenue = 5333858
16    313056   75.03018461538461    57.897441072244746   0.0007716553193762651   0.538143335377696     4676076  168469   130      0.625177722603541    0.026560341313188886 0.4794045965500654   9753924 
16    249421   132.31025            44.43499599282525    0.0003358394077014082   0.5252765404677232    822349   131015   44       0.484167539531014    0.02052394786966376  0.14125700767703184  5821651 
round 16, total revenue = 5498425
17    313056   74.6341076923077     57.793520410290625   0.0007743580274122742   0.5362650771746907    4727566  167881   130      0.6255299386930514   0.026560126803825152 0.48725567213340487  9702434 
17    249421   130.5205681818182    44.19284961254627    0.00033858916052973814  0.5210106606901584    901095   129951   44       0.4841894661890169   0.020523616366609702 0.15690578200405544  5742905 
round 17, total revenue = 5628661
18    313056   74.31015384615385    57.69490796593366    0.0007764067893787552   0.5348499948890933    4769680  167438   130      0.6258731002356424   0.026559939553715054 0.4937393378273183   9660320 
18    249421   129.03347727272728   43.99436652460287    0.0003409531189461449   0.5173982944499461    966527   129050   44       0.48419691514077756  0.020523325500314334 0.1702389425718097   5677473 
round 18, total revenue = 5736207
19    313056   74.11251538461539    57.64267338342986    0.0007777724596754894   0.5339108657875907    4795373  167144   130      0.6262000619498793   0.02655977449708042  0.49772274526040294  9634627 
19    249421   127.76915909090908   43.82888171640627    0.0003430317772164531   0.5142630331848561    1022157  128268   44       0.48422751314262485  0.02052306812289885  0.18181884481654859  5621843 
round 19, total revenue = 5817530
20    313056   73.9346076923077     57.5873351587449     0.000778895526143928    0.5331410354696923    4818501  166903   130      0.6265272984826329   0.026559627694154278 0.5013266921215931   9611499 
20    249421   126.67386363636363   43.68714777278748    0.0003448789396540237   0.511508654042763     1070350  127581   44       0.48425868414076156  0.020522838570050765 0.19203753375256788  5573650 
round 20, total revenue = 5888851
