Max revenue's round: 20
This round's info:
round bids     cpc                  cpm                  ctr                     winrate               revenue  imps     clks     auc                  rmse                 roi                  cost    
20    313056   80.29364864864866    56.50538895581056    0.0007037342293793191   0.5038395686394767    3408405  157730   111      0.5960354997865617   0.02685201362234207  0.38242565717392074  8912595 
20    249421   149.68873076923077   44.43830783283855    0.000296871431833752    0.3511332245480533    34093    87580    26       0.4173831420690286   0.024358136975557144 0.008759972938716162 3891907 
round 20, total revenue = 3442498


all rounds' info:
round bids     cpc                  cpm                  ctr                     winrate               revenue  imps     clks     auc                  rmse                 roi                  cost    
1     313056   104.0371724137931    64.10926128576438    0.000616214952774561    0.601317336195441     807688   188246   116      0.5331696383486295   0.02686909849359984  0.0669263439659167   12068312
1     249421   133.8311914893617    51.95567706870632    0.00038821799679513656  0.48538815897618887   806934   121066   47       0.42758919966289     0.024362022472829543 0.12828704818041656  6290066 
round 1, total revenue = 1614622
2     313056   100.73726086956522   63.086618418258155   0.0006262490946616349   0.5865819533885311    1180215  183633   115      0.5364188372830503   0.02686679518526425  0.10187629722951268  11584785
2     249421   131.56248888888888   50.94319100968902    0.00038721668645774174  0.46593510570481234   874688   116214   45       0.42684953520513325  0.024361299411331565 0.14774356486617596  5920312 
round 2, total revenue = 2054903
3     313056   98.12444736842106    62.24507545405983    0.0006343482905982906   0.5740570377184913    1467813  179712   114      0.5396803418068395   0.026864944563083595 0.13121656199739912  11186187
3     249421   133.7609285714286    50.10130025327293    0.00037455855598758604  0.449569202272463     724041   112132   42       0.42616232056875447  0.024360736552575236 0.1288797230453266   5617959 
round 3, total revenue = 2191854
4     313056   97.65006306306306    61.48236782248138    0.0006296193355530724   0.5631484462843709    1481843  176297   111      0.5429389891707985   0.02686341886629212  0.13671201551928808  10839157
4     249421   130.92470731707317   49.36011954022989    0.00037701149425287356  0.43600979869377476   823087   108750   41       0.4255022931007695   0.02436029014687656  0.1533346386202608   5367913 
round 4, total revenue = 2304930
5     313056   96.73332110091742    60.80698961937716    0.0006286043829296425   0.5538945108862312    1555068  173400   109      0.5462098431136366   0.026862131662529154 0.14748463855798766  10543932
5     249421   139.05648648648648   48.66437773111628    0.00034996122051340255  0.4238857193259589    441910   105726   37       0.4248693172719241   0.024359930401863124 0.08588965401965758  5145090 
round 5, total revenue = 1996978
6     313056   96.21965420560748    60.22241135249593    0.0006258847202236807   0.5460939895737504    1581497  170958   107      0.5494814042742545   0.026861022806131722 0.15361046468540682  10295503
6     249421   134.06916216216217   48.090265726944      0.00035869744355362525  0.41356180914999136   626441   103151   37       0.4242592458870395   0.02435963646095203  0.12628435625904258  4960559 
round 6, total revenue = 2207938
7     313056   94.17185981308411    59.69849159892883    0.0006339313221319051   0.539162322395993     1800611  168788   107      0.5527603629328491   0.02686004941399413  0.17869605867736943  10076389
7     249421   133.56694444444443   47.60990534278585    0.00035644976038654995  0.4049217988862205    627590   100996   36       0.4236755213891727   0.02435939337056417  0.1305192360884367   4808410 
round 7, total revenue = 2428201
8     313056   92.43934579439252    59.25386099229599    0.0006410025999544709   0.5332145047531432    1985990  166926   107      0.5560480203701351   0.02685918025723486  0.20078738167285243  9891010 
8     249421   137.497              47.17830255323443    0.00034312241396710063  0.39728010071325187   459102   99090    34       0.42311245154964694  0.02435919018388651  0.09820577903517895  4674898 
round 8, total revenue = 2445092
9     313056   91.76255660377359    58.843146744423805   0.0006412544388721182   0.5280237401615047    2039169  165301   106      0.5593485350266578   0.026858392167375483 0.209643716437553    9726831 
9     249421   134.2780294117647    46.82419847797994    0.00034871079567598616  0.39091335533094645   568547   97502    34       0.42255862480525797  0.02435901873905618  0.12453243960675972  4565453 
round 9, total revenue = 2607716
10    313056   90.48231132075472    58.48603573388621    0.0006463808768827368   0.5238359910048043    2174875  163990   106      0.5626718928174679   0.02685766767079947  0.22675911324271136  9591125 
10    249421   135.4520303030303    46.49673372584101    0.0003432708511036678   0.38542865275979166   513083   96134    33       0.4220216850059432   0.024358872850865392 0.11478580027324892  4469917 
round 10, total revenue = 2687958
11    313056   89.34310377358491    58.163582540550166   0.0006510136774288645   0.5201082234488398    2295631  162823   106      0.565996056836547    0.026856993394329697 0.24240143124306984  9470369 
11    249421   145.96716666666666   46.18191118001287    0.00031638561078242163  0.3801644608914245    150985   94821    30       0.42150331271445474  0.024358747763420077 0.03447921507462295  4379015 
round 11, total revenue = 2446616
12    313056   87.51115887850467    57.86165643982228    0.0006611917517873805   0.5169330726770929    2513306  161829   107      0.5693279295294257   0.026856358967618444 0.26840966823563434  9363694 
12    249421   148.1556896551724    45.894112243372      0.0003097694887735265   0.37534129042863273   82485    93618    29       0.42099022606388026  0.024358639771728387 0.019198117544102604 4296515 
round 12, total revenue = 2595791
13    313056   86.64452336448599    57.609032554729104   0.0006648894854252497   0.5140581876724931    2606036  160929   107      0.5726873554270054   0.0268557562531037   0.2810965504773829   9270964 
13    249421   145.72862068965517   45.65630266626334    0.00031329674603517566  0.37111550350612016   152870   92564    29       0.4204987427764263   0.02435854595516503  0.03617257396246684  4226130 
round 13, total revenue = 2758906
14    313056   85.90896261682244    57.38275943867359    0.0006679484618457851   0.511703976285393     2684741  160192   107      0.5760446738156012   0.02685517879646955  0.2920654215683      9192259 
14    249421   143.2891724137931    45.40313804331199    0.0003168637049015537   0.3669378280096704    223614   91522    29       0.4200258541026495   0.024358463986556906 0.053813051302574536 4155386 
round 14, total revenue = 2908355
15    313056   84.50301851851853    57.18822688991378    0.0006767595748947263   0.5097618317489523    2861674  159584   108      0.5793989511677438   0.026854621428348855 0.31356254422644997  9126326 
15    249421   146.61457142857142   45.217517733621186   0.0003084108031898489   0.3639950124488315    122792   90788    28       0.4195553507437466   0.02435839199333719  0.029911273679677133 4105208 
round 15, total revenue = 2984466
16    313056   83.97610185185185    57.022439484438856   0.0006790317510216913   0.508056066646223     2918581  159050   108      0.5827351944665018   0.026854079971541402 0.32180462717622815  9069419 
16    249421   144.71               45.01888804942003    0.00031109728456513045  0.36085173261273107   176120   90004    28       0.4191056646782899   0.02435832845515619  0.04346624283048856  4051880 
round 16, total revenue = 3094701
17    313056   82.7755504587156     56.87965327029157    0.0006871552403467297   0.5066984820607175    3076465  158625   109      0.5860636725140376   0.0268535510229969   0.3409756792298395   9022535 
17    249421   154.13207692307694   44.869548665927695   0.00029111103646725563  0.35808131632861706   -81434   89313    26       0.41866164373565895  0.024358272127412074 -0.020320733916017082 4007434 
round 17, total revenue = 2995031
18    313056   82.35679816513762    56.73533092324806    0.0006888967539690565   0.5054175610753348    3122109  158224   109      0.5893941732044236   0.026853031789531932 0.3477940191097341   8976891 
18    249421   152.48873076923078   44.70297666027737    0.00029315593640771224  0.35558353145885874   -38707   88690    26       0.4182214447179967   0.02435822198346904  -0.009762890422924065 3964707 
round 18, total revenue = 3083402
19    313056   82.03070642201835    56.610151570790016   0.0006901092778544566   0.5045295410405806    3157653  157946   109      0.5927221137664467   0.026852519962674015 0.3531518237688348   8941347 
19    249421   151.10288461538462   44.57211091193756    0.0002949785573279481   0.3533864430019926    -2675    88142    26       0.4178021714171839   0.0243581771705236   -0.0006808911401426689 3928675 
round 19, total revenue = 3154978
20    313056   80.29364864864866    56.50538895581056    0.0007037342293793191   0.5038395686394767    3408405  157730   111      0.5960354997865617   0.02685201362234207  0.38242565717392074  8912595 
20    249421   149.68873076923077   44.43830783283855    0.000296871431833752    0.3511332245480533    34093    87580    26       0.4173831420690286   0.024358136975557144 0.008759972938716162 3891907 
round 20, total revenue = 3442498
