Max revenue's round: 20
This round's info:
round bids     cpc                  cpm                  ctr                     winrate               revenue  imps     clks     auc                  rmse                 roi                  cost    
20    313056   47.279932835820894   51.07141360074807    0.0010801921774739626   0.39626137176735154   8538489  124052   134      0.6970981224234984   0.029005138822671094 1.3477190711214928   6335511 
20    249421   254.7466             40.21193035626904    0.00015785070480339695  0.2539922460418329    -1037466 63351    10       0.4245821841874794   0.02274120990229095  -0.4072541105553519  2547466 
round 20, total revenue = 7501023


all rounds' info:
round bids     cpc                  cpm                  ctr                     winrate               revenue  imps     clks     auc                  rmse                 roi                  cost    
1     313056   64.74729166666667    58.69221181447349    0.0009064813415923856   0.5074363692118982    6660390  158856   144      0.6474135174153877   0.029011693539098438 0.7143574216424754   9323610 
1     249421   245.3190625          45.75301029269487    0.0001865040972618867   0.34395259420818614   -1509105 85789    16       0.42503288693424734  0.022742936343997662 -0.3844750649982612  3925105 
round 1, total revenue = 5151285
2     313056   63.378836879432626   57.78291034884097    0.0009117067020141605   0.4940170448737606    6714584  154655   141      0.6500542378050435   0.029011286139364392 0.7513732574669756   8936416 
2     249421   249.61746666666667   45.08497393105275    0.00018061626268829246  0.3329671519238557    -1479262 83049    15       0.4248432957484433   0.022742661655920655 -0.3950743831494698  3744262 
round 2, total revenue = 5235322
3     313056   61.31592142857143    56.932146173232525   0.0009285051067780873   0.4816390677706225    6955771  150780   140      0.65272046163701     0.02901093724077355  0.8102965333287357   8584229 
3     249421   256.5450714285714    44.505960346964066   0.0001734820322180917   0.3235493402720701    -1477631 80700    14       0.42467267300996425  0.022742437278403856 -0.41140946828891944 3591631 
round 3, total revenue = 5478140
4     313056   59.47325899280576    56.13542253760228    0.0009438766848877873   0.4704110446693243    7162217  147265   139      0.6553884171841953   0.02901062305351563  0.8663850254687948   8266783 
4     249421   266.15323076923073   44.005138184084345   0.000165337606674552    0.3152380914197281    -1496992 78627    13       0.42453930305819876  0.02274225170801978  -0.4326576477633474  3459992 
round 4, total revenue = 5665225
5     313056   57.94018115942029    55.42401136796867    0.0009565729733476588   0.4608280946539916    7322255  144265   138      0.6580599693706806   0.0290103278193373   0.9157689496100738   7995745 
5     249421   257.259              43.553817703517524   0.00016929949079922383  0.3078610060901047    -1381367 76787    13       0.42443171153730624  0.02274209654614644  -0.4130428867405999  3344367 
round 5, total revenue = 5940888
6     313056   57.16708823529412    54.87059255286113    0.0009598283601050165   0.4526091178575079    7321276  141692   136      0.660737903472692    0.029010040963602463 0.9416766434409761   7774724 
6     249421   249.51138461538463   43.15485012572675    0.00017295743916554687  0.301349926429611     -1280648 75163    13       0.42433534560573216  0.022741965544418343 -0.39481719348092026 3243648 
round 6, total revenue = 6040628
7     313056   56.56311940298507    54.36342901407239    0.0009611108720288047   0.4453580190125728    7294542  139422   134      0.6634252348544913   0.029009755325543916 0.962409449330018    7579458 
7     249421   242.58661538461538   42.79933228380653    0.00017642907551164433  0.29542019316737567   -1190626 73684    13       0.42426743234514563  0.022741853976199752 -0.3775419152429616  3153626 
round 7, total revenue = 6103916
8     313056   55.76828571428572    53.94981197675349    0.0009673923321428832   0.4391642389859961    7345818  137483   133      0.6661019821866327   0.029009466031572624 0.9903785561686366   7417182 
8     249421   236.20992307692308   42.440348840423475   0.00017967216739917628  0.2900878434454196    -1107729 72354    13       0.4242079460505018   0.022741758212600587 -0.3607381178866647  3070729 
round 8, total revenue = 6238089
9     313056   55.08388636363636    53.573676881249035   0.0009725834616603179   0.43353585301032405   7380927  135721   132      0.6687633620599457   0.029009169762671205 1.0151083615856973   7271073 
9     249421   230.77769230769232   42.13696821584573    0.0001825868340847484   0.2854571186868788    -1037110 71199    13       0.42418639665050806  0.02274167543026661  -0.34569065800920634 3000110 
round 9, total revenue = 6343817
10    313056   54.08988636363636    53.23371084750565    0.0009841712457967686   0.42843133496882346   7512135  134123   132      0.6714179361713506   0.029008864269139647 1.052139641295739    7139865 
10    249421   225.88692307692307   41.8625172851298     0.00018532510299798993  0.2812393503353767    -973530  70147    13       0.4241627016392594   0.022741603406088794 -0.3315239415228177  2936530 
round 10, total revenue = 6538605
11    313056   53.15293939393939    52.915620851936765   0.0009955351755762036   0.423540836144332     7635812  132592   132      0.6740627254862753   0.02900854804392096  1.0883134830480596   7016188 
11    249421   220.98292307692307   41.56578985444338    0.00018809503139740138  0.277097758408474     -909778  69114    13       0.42415952986610017  0.02274154037046845  -0.31668928124623624 2872778 
round 11, total revenue = 6726034
12    313056   52.3229696969697     52.62757170288641    0.0010058215733487763   0.4192093427374016    7745368  131236   132      0.6766843485689396   0.029008220099530534 1.1214392195790943   6906632 
12    249421   217.011              41.36391361083823    0.00019060745128513407  0.2734452993132094    -858143  68203    13       0.42416391437605566  0.02274148490078768  -0.3041827372805987  2821143 
round 12, total revenue = 6887225
13    313056   51.55708333333334    52.34704787397698    0.0010153221340225217   0.41528672186445875   7846465  130008   132      0.6792907616214319   0.029007879813822364 1.1529534415736602   6805535 
13    249421   213.39015384615385   41.16933305630584    0.0001929298625745748   0.2701536759134155    -811072  67382    13       0.42418484185974364  0.02274143584296507  -0.29237597293797707 2774072 
round 13, total revenue = 7035393
14    313056   50.87239393939394    52.10717611273201    0.0010242721460053386   0.41165797812531946   7936844  128872   132      0.6818927545616527   0.0290075268221874   1.1819299506966032   6715156 
14    249421   210.43107692307694   41.01293833675657    0.0001948996266922535   0.2674233524843538    -772604  66701    13       0.4242202599933554   0.02274139225294021  -0.28242538028164893 2735604 
round 14, total revenue = 7164240
15    313056   50.22867424242424    51.87329343191331    0.0010327426358408638   0.40828158540325055   8021815  127815   132      0.6844730586770026   0.02900716094149844  1.2098930874477862   6630185 
15    249421   224.793              40.85845412823193    0.00018176034897987003  0.2646970383407973    -885516  66021    12       0.42424467020835566  0.022741353352503556 -0.3282708981151548  2697516 
round 15, total revenue = 7136299
16    313056   49.348992481203005   51.704461127610465   0.0010477308355850356   0.40548975263211695   8199584  126941   133      0.6870402598841945   0.02900678211602539  1.249286042512009    6563416 
16    249421   222.22341666666665   40.762473249770714   0.00018343014368694588  0.262287457752154     -854681  65420    12       0.42429212242248343  0.022741318495589042 -0.3205036522928689  2666681 
round 16, total revenue = 7344903
17    313056   48.84657894736842    51.515712597832035   0.0010546432054809728   0.402832081161198     8266405  126109   133      0.6895941280951927   0.029006390378721807 1.2724211683197122   6496595 
17    249421   239.40136363636364   40.60841339110858    0.00016962482073740537  0.2599981557286676    -972415  64849    11       0.42434520297917816  0.022741287142290758 -0.3692600672510789  2633415 
round 17, total revenue = 7293990
18    313056   48.42537593984963    51.36188554658841    0.0010606398928195476   0.4005545333742206    8322425  125396   133      0.6921276516798461   0.02900598582337086  1.2921866448259667   6440575 
18    249421   236.53863636363636   40.45658799017321    0.0001710358553347638   0.2578531879833695    -940925  64314    11       0.42442026827728063  0.022741258838645945 -0.36162648808094006 2601925 
round 18, total revenue = 7381500
19    313056   48.018977443609025   51.21716187497494    0.0010666025101247042   0.3983153173873045    8376476  124695   133      0.6946228595515501   0.029005568584469704 1.311586083446958    6386524 
19    249421   257.3732             40.32924880127864    0.00015669560312137643  0.2558645823727754    -1063732 63818    10       0.4244950848088609   0.022741233200767763 -0.4133033276191927  2573732 
round 19, total revenue = 7312744
20    313056   47.279932835820894   51.07141360074807    0.0010801921774739626   0.39626137176735154   8538489  124052   134      0.6970981224234984   0.029005138822671094 1.3477190711214928   6335511 
20    249421   254.7466             40.21193035626904    0.00015785070480339695  0.2539922460418329    -1037466 63351    10       0.4245821841874794   0.02274120990229095  -0.4072541105553519  2547466 
round 20, total revenue = 7501023
