Max revenue's round: 20
This round's info:
round bids     cpc                  cpm                  ctr                     winrate               revenue  imps     clks     auc                  rmse                 roi                  cost    
20    313056   53.34276351351352    56.083264662423275   0.001051375312571039    0.44965756925278544   8533271  140768   148      0.7468685481357258   0.027756640350056226 1.0808820670095198   7894729 
20    249421   295.584              40.551369334453724   0.00013719067789343714  0.23379346566648357   -1156672 58313    8        0.39235687560193727  0.02274174155123756  -0.4891469091696438  2364672 
round 20, total revenue = 7376599


all rounds' info:
round bids     cpc                  cpm                  ctr                     winrate               revenue  imps     clks     auc                  rmse                 roi                  cost    
1     313056   57.7334537815126     53.177607492550024   0.0009210882774101165   0.4126897424103036    6338719  129195   119      0.6815779339630283   0.02777476635308987  0.9226287833059521   6870281 
1     249421   302.0636666666667    42.12164360638974    0.0001394462434731411   0.25876329579305674   -1359573 64541    9        0.4049604137833072   0.022742037560676692 -0.500105386171348   2718573 
round 1, total revenue = 4979146
2     313056   57.87636666666667    53.39887130753026    0.000922636896249481    0.41545921496473476   6374836  130062   120      0.6854359285244731   0.027773933459967863 0.9178812768136216   6945164 
2     249421   300.1396666666667    42.05010974641573    0.00014010180731331435  0.2575524915704772    -1342257 64239    9        0.4041371831694024   0.022742020296525743 -0.4969008872536008  2701257 
round 2, total revenue = 5032579
3     313056   56.60620161290323    53.59617146696802    0.0009468250817018417   0.41834048860267814   6744831  130964   124      0.6892278737498116   0.02777308749555871  0.9609158861967848   7019169 
3     249421   297.8828888888889    41.96190327124746    0.00014086711535451558  0.2561532509291519    -1321946 63890    9        0.4033292206008035   0.022742003054730165 -0.4930893796443494  2680946 
round 3, total revenue = 5422885
4     313056   57.135766129032255   53.78300311242693    0.000941319365368557    0.4207873351732597    6679165  131730   124      0.6929766359192036   0.027772228412400058 0.9427410800674962   7084835 
4     249421   295.7103333333333    41.881361533377394   0.000141629685582098    0.25477405671535275   -1302393 63546    9        0.4025429318154595   0.02274198588014446  -0.48936515576617207 2661393 
round 4, total revenue = 5376772
5     313056   56.74830158730159    53.960350162251906   0.0009508716323296355   0.42327890217724623   6835714  132510   126      0.696674619358997    0.02777135615723336  0.9560056758568818   7150286 
5     249421   293.5538888888889    41.788352340129386   0.00014235325751704286  0.25347905749716343   -1282985 63223    9        0.4017841006350138   0.022741968812805827 -0.485614036415801   2641985 
round 5, total revenue = 5552729
6     313056   56.3307421875        54.127986847735514   0.0009608960355531533   0.4255117295308188    6997665  133209   128      0.7003178082695565   0.027770470671137863 0.97050483784734     7210335 
6     249421   291.1975555555556    41.68566884046445    0.00014315253698107206  0.2520637797138172    -1261778 62870    9        0.40104681885456206  0.022741951888235943 -0.4814516910627302  2620778 
round 6, total revenue = 5735887
7     313056   56.40065891472868    54.31155850166465    0.0009629596452725399   0.4279170499846673    7043315  133962   129      0.7039085936368492   0.02776957188971486  0.9680621137391188   7275685 
7     249421   288.9937777777778    41.59048243439884    0.00014391480243695733  0.2507286876405756    -1241944 62537    9        0.4003103766611229   0.02274193513774431  -0.4774974009436574  2600944 
round 7, total revenue = 5801371
8     313056   56.84603100775194    54.465589209584216   0.0009581247493278272   0.4300764080547889    6985862  134638   129      0.7074542144681124   0.02776865974331592  0.9526429203977888   7333138 
8     249421   286.9851111111111    41.52117159116484    0.00014468057743626016  0.2494016141383444    -1223866 62206    9        0.3995875855305947   0.022741918588728833 -0.4738402998839274  2582866 
round 8, total revenue = 5761996
9     313056   55.98906060606061    54.627511272082195   0.0009756818685786089   0.4321591025247879    7261444  135290   132      0.7109613285364254   0.027767734157308637 0.9825301371101173   7390556 
9     249421   284.821              41.435875468770206   0.00014548040863830337  0.2480304384955557    -1204389 61864    9        0.39889903089269746  0.022741902264970647 -0.4698424624588777  2563389 
round 9, total revenue = 6057055
10    313056   55.57266417910448    54.7868409823281     0.0009858595370874472   0.4341779106613513    7427263  135922   134      0.714437663614113    0.027766795052373592 0.9973848948875192   7446737 
10    249421   282.75377777777777   41.347003103319416   0.00014622971062765042  0.24675949499039776   -1185784 61547    9        0.3982275789532079   0.022741886186920364 -0.4659664631654396  2544784 
round 10, total revenue = 6241479
11    313056   54.71007299270073    54.930999860753836   0.001004038138791783    0.4358613155473781    7711720  136449   137      0.7178873940192168   0.027765842344826857 1.0288768398245296   7495280 
11    249421   280.76622222222227   41.271616633456375   0.00014699637408943913  0.2454725143432189    -1167896 61226    9        0.3975733540953873   0.02274187037197382  -0.4621860179445454  2526896 
round 11, total revenue = 6543824
12    313056   54.26401438848921    55.06221849107567    0.0010147096397415776   0.43757346928345087   7886302  136985   139      0.7212705466935254   0.027764875946962354 1.0455545217374473   7542698 
12    249421   278.81388888888887   41.20740619098448    0.0001477953854996305   0.24414544084098772   -1150325 60895    9        0.396923607034968    0.022741854834735727 -0.45842009305291265 2509325 
round 12, total revenue = 6735977
13    313056   54.62413669064748    55.205181151253846   0.0010106371376429615   0.4393367320862721    7836245  137537   139      0.7246006221213388   0.027763895767409175 1.0320687286762182   7592755 
13    249421   276.9026666666667    41.13705617272742    0.00014856143015136759  0.24288652519234546   -1133124 60581    9        0.3962864226839246   0.02274183958727016  -0.4546820302681568  2492124 
round 13, total revenue = 6703121
14    313056   54.57143571428571    55.338265971316815   0.0010140518615094887   0.4410073597056118    7899999  138060   140      0.7278944496734969   0.02776290171149918  1.034031147378122    7640001 
14    249421   274.7301111111111    41.05487663135523    0.00014943712018065288  0.2414632288379888    -1113571 60226    9        0.39567259129016163  0.02274182463933724  -0.45036967593650495 2472571 
round 14, total revenue = 6786428
15    313056   54.91641428571429    55.48473651545112    0.001010348859027467    0.44262368394153123   7851702  138566   140      0.731163667243022    0.027761893681640764 1.0212535986508327   7688298 
15    249421   272.7406666666667    40.97666266025641    0.00015024038461538462  0.24017223890530467   -1095666 59904    9        0.39508599983059     0.022741809998615532 -0.4463605231831948  2454666 
round 15, total revenue = 6756036
16    313056   54.82677304964539    55.604046637751836   0.0010141768983449495   0.44410265256056425   7920425  139029   141      0.7343818154658694   0.027760871577695315 1.024558328455516    7730575 
16    249421   270.86077777777774   40.916212088151866   0.00015105993722620386  0.2388692211161049    -1078747 59579    9        0.3945110071101204   0.022741795670910062 -0.44251802996783507 2437747 
round 16, total revenue = 6841678
17    313056   54.75938732394366    55.73634337077363    0.0010178408870985083   0.44564231319636105   7986167  139511   142      0.7375723946958261   0.027759835297352913 1.0270497064430268   7775833 
17    249421   268.89011111111114   40.83441887149028    0.00015186285097192225  0.23760629618195742   -1061011 59264    9        0.39394263779830685  0.02274178166034606  -0.43843230464654914 2420011 
round 17, total revenue = 6925156
18    313056   54.29103472222222    55.854175894834604   0.0010287918839751375   0.44710850454870693   8166091  139970   144      0.7407119838383086   0.027758784736504834 1.04453646109209     7817909 
18    249421   266.9166666666667    40.752018728370764   0.00015267693560426138  0.2363393619623047    -1043250 58948    9        0.3933988652763852   0.0227417679695487   -0.43428036216047455 2402250 
round 18, total revenue = 7122841
19    313056   54.56443055555555    55.97308656750442    0.0010258163788681826   0.44840539711744865   8126722  140376   144      0.7438146910315094   0.027757719789610395 1.0342922829000067   7857278 
19    249421   297.815              40.635841107946305   0.000136446589688049    0.23506841845714674   -1174520 58631    8        0.3928752428427694   0.022741754599809157 -0.49297382603293993 2382520 
round 19, total revenue = 6952202
20    313056   53.34276351351352    56.083264662423275   0.001051375312571039    0.44965756925278544   8533271  140768   148      0.7468685481357258   0.027756640350056226 1.0808820670095198   7894729 
20    249421   295.584              40.551369334453724   0.00013719067789343714  0.23379346566648357   -1156672 58313    8        0.39235687560193727  0.02274174155123756  -0.4891469091696438  2364672 
round 20, total revenue = 7376599
