Max revenue's round: 20
This round's info:
round bids     cpc                  cpm                  ctr                     winrate               revenue  imps     clks     auc                  rmse                 roi                  cost    
20    313056   48.971558659217884   55.035277941711975   0.001123821243360665    0.5087843708473884    11103091 159278   179      0.836479802730929    0.026966950708166956 1.2666217502371973   8765909 
20    249421   128.7041875          38.81235275269993    0.00030156247055054     0.2127206610509941    356733   53057    16       0.399025670091161    0.025717673679148866 0.17323299989753635  2059267 
round 20, total revenue = 11459824


all rounds' info:
round bids     cpc                  cpm                  ctr                     winrate               revenue  imps     clks     auc                  rmse                 roi                  cost    
1     313056   54.33065333333334    54.76107538586624    0.0010079222690346122   0.47538140141061025   8500402  148821   150      0.7796823063734755   0.02699025632952243  1.0430455588116125   8149598 
1     249421   123.35235000000002   40.917635546415006   0.0003317134659081485   0.2417318509668392    552953   60293    20       0.4006396855222962   0.02571765580663704  0.224135575852426    2467047 
round 1, total revenue = 9053355
2     313056   53.66612418300654    54.80667618945907    0.00102125273669034     0.47855974649902894   8772083  149816   153      0.783438738961193    0.026989169243010033 1.0683438889955896   8210917 
2     249421   135.88455555555555   40.808896155899625   0.000300320341697811    0.24030053604147206   272078   59936    18       0.4004655673466053   0.025717653820617727 0.11123739841254136  2445922 
round 2, total revenue = 9044161
3     313056   52.73420382165605    54.88048521808299    0.0010406999867426754   0.4818946131043647    9147730  150860   157      0.7871010865932944   0.026988068399711886 1.104895721482691    8279270 
3     249421   142.5704705882353    40.700218303946265   0.00028547439126784215  0.23875295183645323   143302   59550    17       0.40032449296378747  0.025717652219093213 0.05912535307616708  2423698 
round 3, total revenue = 9291032
4     313056   53.07221656050955    54.91773219793836    0.0010347736679760617   0.4846545027087805    9094662  151724   157      0.7906729367821826   0.026986953482263064 1.091489807542613    8332338 
4     249421   141.2154705882353    40.57915821501014    0.00028735632183908046  0.23718933048941349   166337   59160    17       0.4001823487304278   0.025717650994100012 0.06928794253920688  2400663 
round 4, total revenue = 9260999
5     313056   53.0869746835443     54.96698471781698    0.001035413772313822    0.4874399468465706    9150258  152596   158      0.7941649822691039   0.02698582417285754  1.0909083755795064   8387742 
5     249421   139.8984705882353    40.46748340990301    0.00028926322953888036  0.23562570914237374   188726   58770    17       0.4000521916860942   0.02571765013669012  0.07935418711216621  2378274 
round 5, total revenue = 9338984
6     313056   52.381142857142855   54.9895607154268     0.001049796887124013    0.489889987733824     9437636  153363   161      0.7976321664346672   0.026984680154371898 1.119083203333806    8433364 
6     249421   138.6824705882353    40.36920600674646    0.00029109090597763735  0.23414628279094382   209398   58401    17       0.39993385162729134  0.025717649637066103 0.08881821443992667  2357602 
round 6, total revenue = 9647034
7     313056   51.996202453987735   55.01243647079441    0.0010580087366856416   0.49212600940406825   9617619  154063   163      0.8010843444685856   0.02698352111139923  1.1347712863881871   8475381 
7     249421   137.45470588235295   40.26831411880267    0.0002929569697909666   0.2326548285829982    230270   58029    17       0.39981149962895635  0.025717649484710503 0.09854369139780805  2336730 
round 7, total revenue = 9847889
8     313056   50.986323353293415   55.036979102702496   0.001079445927515529    0.4941895379740366    10022284 154709   167      0.8044829750411179   0.026982346731191778 1.1770544079215326   8514716 
8     249421   144.439              40.11915839177835    0.00027775848899381985  0.23095088224327542   104976   57604    16       0.3997058762027309   0.02571764966850896  0.04542401982843969  2311024 
round 8, total revenue = 10127260
9     313056   51.179502994011976   55.052637342110515   0.0010756774513529703   0.49592085761014004   9990023  155251   167      0.8077759484876771   0.02698115670451291  1.1688370051773862   8546977 
9     249421   143.1071875          40.008299697716275   0.0002795687651797103   0.22945541874982459   126285   57231    16       0.3996120940768211   0.025717650176866252 0.055153152248205564 2289715 
round 9, total revenue = 10116308
10    313056   50.75457988165681    55.05683145692389    0.001084765780453676    0.4976553715629153    10181476 155794   169      0.8109362537713026   0.026979950726400047 1.1869947551298021   8577524 
10    249421   141.772875           39.901598972717196   0.00028144734296117784  0.22792387168682668   147634   56849    16       0.3995290590859003   0.025717650997815037 0.06508385331114996  2268366 
round 10, total revenue = 10329110
11    313056   50.90891715976331    55.06097045873438    0.001081558468154823    0.4991311458652765    10155393 156256   169      0.8139421703888876   0.026978728496841912 1.1803645842958657   8603607 
11    249421   140.4529375          39.79470878858175    0.0002833312673761754   0.22640836176584972   168753   56471    16       0.3994456593732037   0.025717652119116714 0.07509321405257188  2247247 
round 11, total revenue = 10324146
12    313056   50.7365              55.05192310147184    0.0010850555931424487   0.5004663702340795    10244795 156674   170      0.8168348360799276   0.026977489721374055 1.1877740876883507   8625205 
12    249421   139.044875           39.68812773169209    0.00028543394880028544  0.22474049899567397   191282   56055    16       0.39936994313258073  0.02571765352835441  0.08598033548521655  2224718 
round 12, total revenue = 10436077
13    313056   50.865458823529416   55.04534314505605    0.0010821752996670719   0.5017984002862108    10222872 157091   170      0.8195847690304376   0.026976234111597185 1.1822274401396626   8647128 
13    249421   137.59               39.54729996766428    0.0002874285919591851   0.22318088693413946   214560   55666    16       0.3993054360078624   0.025717655213017943 0.09746347845046878  2201440 
round 13, total revenue = 10437432
14    313056   50.122849710982656   55.058021626358      0.0010984615189246507   0.5030825155882653    10531747 157493   173      0.8221985300607645   0.026974961385623858 1.2145588417267954   8671253 
14    249421   136.3045             39.44923394171807    0.0002894198939999638   0.22164533058563635   235128   55283    16       0.3992489284474231   0.025717657160580786 0.10781375523185222  2180872 
round 14, total revenue = 10766875
15    313056   49.94503448275862    55.057468497177574   0.0011023612070221677   0.5042005264233875    10623564 157843   174      0.8247502424816384   0.02697367126845869  1.2224431547508088   8690436 
15    249421   135.0275             39.347976541725856   0.00029140713218956033  0.2201338299501646    255560   54906    16       0.399194171551507    0.025717659358569175 0.11829071855733092  2160440 
round 15, total revenue = 10879124
16    313056   49.75828             55.052436919536454   0.001106397506496134    0.5052482622917306    10717301 158171   175      0.8272441080099199   0.02697236349231781  1.2307845046090822   8707699 
16    249421   133.7275625          39.24938547895953    0.00029350258649154344  0.21856219003211438   276359   54514    16       0.399146368684113    0.025717661794623616 0.12916138735423371  2139641 
round 16, total revenue = 10993660
17    313056   49.572920454545454   55.05530244708911    0.001110592273811477    0.5062161402432792    10811166 158474   176      0.829641529479099    0.026971037796893107 1.2391256956865884   8724834 
17    249421   132.489875           39.13956536991562    0.00029541552039290264  0.21714691224876814   296162   54161    16       0.39910333151458743  0.025717664456552988 0.1397097325361655   2119838 
round 17, total revenue = 11107328
18    313056   49.10102808988764    55.05223673767621    0.001121203340934       0.507123326178064     11018017 158758   178      0.8319705509063613   0.026969693929566642 1.2606451294012815   8739983 
18    249421   131.19125            39.03339779827432    0.0002975304968759298   0.21560333732925455   316940   53776    16       0.39907113873919087  0.02571766733238169  0.1509913961487523   2099060 
round 18, total revenue = 11334957
19    313056   49.16577528089888    55.03850773865302    0.0011194475714905634   0.5079187110293366    11006492 159007   178      0.834240846011921    0.02696833164558052  1.2576680498949437   8751508 
19    249421   129.92775            38.920187969220976   0.0002995525433883137   0.21414796669085603   337156   53413    16       0.39905086020846525  0.025717670410390102 0.1621843678505939   2078844 
round 19, total revenue = 11343648
20    313056   48.971558659217884   55.035277941711975   0.001123821243360665    0.5087843708473884    11103091 159278   179      0.836479802730929    0.026966950708166956 1.2666217502371973   8765909 
20    249421   128.7041875          38.81235275269993    0.00030156247055054     0.2127206610509941    356733   53057    16       0.399025670091161    0.025717673679148866 0.17323299989753635  2059267 
round 20, total revenue = 11459824
