Max revenue's round: 14
This round's info:
round bids     cpc                  cpm                  ctr                     winrate               revenue  imps     clks     auc                  rmse                 roi                  cost    
14    313056   46.31106481481482    57.6808727792738     0.0012455095344908115   0.5539679801696821    13972810 173423   216      0.8864199243726023   0.028432845888994536 1.396835409504368    10003190
14    249421   153.32271428571428   39.210821474891766   0.0002557404599674844   0.21948031641281207   -32518   54743    14       0.40557014497036536  0.024026000074471386 -0.01514918579764996 2146518 
round 14, total revenue = 13940292


all rounds' info:
round bids     cpc                  cpm                  ctr                     winrate               revenue  imps     clks     auc                  rmse                 roi                  cost    
1     313056   44.68918316831684    55.13207074716926    0.0012336781932111055   0.5230310232035164    13394785 163738   202      0.8589310262148337   0.028488206651900046 1.483822529982946    9027215 
1     249421   146.50964285714286   38.597975198057995   0.0002634500668034098   0.21305744103343344   62865    53141    14       0.40704217987308183  0.024026000580924627 0.030648884641917767 2051135 
round 1, total revenue = 13457650
2     313056   45.05922167487685    55.428434651929415   0.0012301241031607523   0.5271389144434223    13385978 165024   203      0.8616192705003197   0.028484175209479424 1.463424708063455    9147022 
2     249421   147.5502857142857    38.672732378545355   0.00026209866142469344  0.2141559852618665    48296    53415    14       0.4069137529067397   0.024026001251302304 0.023379922776932224 2065704 
round 2, total revenue = 13434274
3     313056   45.6056354679803     55.69626162601821    0.0012212583171902637   0.5309657058162118    13275056 166222   203      0.8642287528972186   0.028480107271820963 1.4339097320096126   9257944 
3     249421   148.60735714285713   38.762562182102734   0.0002608387830007639   0.21519038092221585   33497    53673    14       0.40678501949861223  0.024026001797656252 0.016100433404806432 2080503 
round 3, total revenue = 13308553
4     313056   45.40237378640777    55.92662421143899    0.0012317995634885041   0.5342015486047225    13513111 167235   206      0.8667204483695652   0.02847600258259956  1.4448060914654286   9352889 
4     249421   149.47064285714288   38.82570458467076    0.00025975471733120584  0.21608846087538738   21411    53897    14       0.4066568153990229   0.02402600221190505  0.010231822875872902 2092589 
round 4, total revenue = 13534522
5     313056   45.671               56.18490586221652    0.0012302096705177578   0.5374885004599816    13523103 168264   207      0.8691093300431586   0.028471860800373394 1.430426309912198    9453897 
5     249421   150.24221428571428   38.893345167434035   0.00025887095283001424  0.21682616940834973   10609    54081    14       0.4065390303201303   0.024026002491934526 0.005043760289931829 2103391 
round 5, total revenue = 13533712
6     313056   45.6393014354067     56.39912018778787    0.0012357577441804088   0.5402451957477257    13660386 169127   209      0.8713599944053709   0.028467681525819057 1.4321143512044832   9538614 
6     249421   150.8425             38.94576202419593    0.0002581882561227501   0.21739949723559765   2205     54224    14       0.4064170943479654   0.024026002640116395 0.0010441354392826956 2111795 
round 6, total revenue = 13662591
7     313056   45.57374407582938    56.592689371869795   0.0012417827527557571   0.54276870591843      13804940 169917   211      0.8735212570931905   0.02846346432505699  1.4356129225483203   9616060 
7     249421   151.25092857142857   38.977175253557164   0.00025769875016106174  0.21781245364263635   -3513    54327    14       0.40629752633504984  0.024026002662094058 -0.0016590216919565547 2117513 
round 7, total revenue = 13801427
8     313056   45.89171563981043    56.76404863236139    0.0012369127595465044   0.5449057037718491    13737848 170586   211      0.8756006858415921   0.028459208749285668 1.4187372045796658   9683152 
8     249421   151.66357142857143   39.018155757286195   0.0002572678157962439   0.2181772986236123    -9290    54418    14       0.406180688439857    0.02402600256580353  -0.0043752855238803935 2123290 
round 8, total revenue = 13728558
9     313056   45.99496226415094    56.949392889890845   0.0012381658791853804   0.5469340948584279    13781068 171221   212      0.8775969569213554   0.02845491435100865  1.4133077740671354   9750932 
9     249421   152.12607142857144   39.065354561796106   0.0002567959206133754   0.2185782271741353    -15765   54518    14       0.40606685924582786  0.024026002360696668 -0.007402225128124464 2129765 
round 9, total revenue = 13765303
10    313056   46.06630516431925    57.11563267634492    0.0012398570380804917   0.5487644383113565    13830877 171794   213      0.8795097456441816   0.028450580697177985 1.4095702836175208   9812123 
10    249421   152.44885714285712   39.09231445527145    0.00025642904242069014  0.21889095144354326   -20284   54596    14       0.40595974391272893  0.024026002057135194 -0.009503889829094909 2134284 
round 10, total revenue = 13810593
11    313056   46.35532863849765    57.29388861164947    0.0012359720078452309   0.5504893693141163    13769315 172334   213      0.8813363670875959   0.02844620737959557  1.3945467168539405   9873685 
11    249421   152.83385714285714   39.14228742865506    0.00025611005414898286  0.2191635828578989    -25674   54664    14       0.4058594817322808   0.024026001665926167 -0.01199902415040796 2139674 
round 11, total revenue = 13743641
12    313056   46.37952803738318    57.440601651706395   0.001238490430635855    0.5519491720331187    13828781 172791   214      0.8830867117567135   0.028441794022915592 1.3932973166637432   9925219 
12    249421   153.0217142857143    39.17320070216501    0.00025599765944997075  0.21925980571002443   -28304   54688    14       0.40575682373423944  0.024026001197973143 -0.013211943776420152 2142304 
round 12, total revenue = 13800477
13    313056   46.56723364485982    57.55715350094433    0.00123600113203842     0.5530607942348973    13788612 173139   214      0.8847757028252876   0.02843734029057939  1.383650290385081    9965388 
13    249421   153.26964285714288   39.200829405531806   0.0002557638203807227   0.21946026998528592   -31775   54738    14       0.4056642225984213   0.02402600066402044  -0.014808169542473   2145775 
round 13, total revenue = 13756837
14    313056   46.31106481481482    57.6808727792738     0.0012455095344908115   0.5539679801696821    13972810 173423   216      0.8864199243726023   0.028432845888994536 1.396835409504368    10003190
14    249421   153.32271428571428   39.210821474891766   0.0002557404599674844   0.21948031641281207   -32518   54743    14       0.40557014497036536  0.024026000074471386 -0.01514918579764996 2146518 
round 14, total revenue = 13940292
15    313056   46.47462962962963    57.793283706684626   0.00124354479351975     0.5548432229377491    13937480 173697   216      0.887988081441816    0.02842831057024447  1.3883998836481872   10038520
15    249421   165.11169230769232   39.22609649122807    0.00023757309941520468  0.21938810284619178   -183452  54720    13       0.4054770981010415   0.024025999439264475 -0.08546755296647678 2146452 
round 15, total revenue = 13754028
16    313056   46.43769124423963    57.92166160849772    0.0012472984779509817   0.5557344372891752    14010021 173976   217      0.8895062739769821   0.028423734133586138 1.390299711848164    10076979
16    249421   165.08884615384616   39.229988849690166   0.00023762955380481475  0.2193359821346238    -183155  54707    13       0.4054009612465918   0.024025998767794418 -0.0853409935442687  2146155 
round 16, total revenue = 13826866
17    313056   46.58022119815668    58.03139281203353    0.0012458376392237914   0.5563860778902178    13979092 174180   217      0.8909742022658248   0.02841911642596434  1.3829856781442806   10107908
17    249421   164.99607692307694   39.22873916383189    0.00023775558725630053  0.2192197128549721    -181949  54678    13       0.4053257994341859   0.024025998068867228 -0.08482672548391594 2144949 
round 17, total revenue = 13797143
18    313056   46.71964516129032    58.13433529060966    0.0012443231340887196   0.5570632730246345    13948837 174392   217      0.8923937519980818   0.028414457341741733 1.3758742091639284   10138163
18    249421   165.06130769230768   39.25788982601218    0.00023783823341078322  0.21914353643037274   -182797  54659    13       0.40525476065670807  0.024025997350680846 -0.08518839386950397 2145797 
round 18, total revenue = 13766040
19    313056   46.83068202764977    58.22742612890842    0.0012433606261495356   0.5574945057753246    13924742 174527   217      0.8937505369844949   0.0284097568218165   1.3702409444830077   10162258
19    249421   164.95953846153847   39.25594933001391    0.00023797320055649117  0.2190192485797106    -181474  54628    13       0.4051916893656454   0.024025996620824448 -0.08462401502652865 2144474 
round 19, total revenue = 13743268
20    313056   46.73354128440367    58.319949625050086   0.0012479248955292231   0.5580151793928243    14010088 174690   218      0.8950590183423913   0.028405014852273158 1.375167747817217    10187912
20    249421   164.72684615384617   39.24439679659868    0.00023823922883794234  0.21877468216389157   -178449  54567    13       0.40512393787277245  0.024025995886291108 -0.08333095955121976 2141449 
round 20, total revenue = 13831639
