Max revenue's round: 20
This round's info:
round bids     cpc                  cpm                  ctr                     winrate               revenue  imps     clks     auc                  rmse                 roi                  cost    
20    313056   35.233726114649684   49.89532408493136    0.0014161239694766654   0.35414111213329247   11895305 110866   157      0.8610932965489666   0.02573765886761931  2.150390612642237    5531695 
20    249420   171.0436             32.32605080133051    0.00018899304505594195  0.10607008259161255   -100218  26456    5        0.40516567930923697  0.023520628744609102 -0.1171841565542353  855218  
round 20, total revenue = 11795087


all rounds' info:
round bids     cpc                  cpm                  ctr                     winrate               revenue  imps     clks     auc                  rmse                 roi                  cost    
1     313056   37.25962589928057    48.320501576757295   0.0012968595473120486   0.34237324951446385   10249912 107182   139      0.821678261090464    0.02577675822805832  1.9790959334925378   5179088 
1     249420   156.98566666666667   33.208080665632494   0.00021153574954167254  0.11371983000561302   -35914   28364    6        0.39816604011358303  0.02352063989716818  -0.03812874636113276 941914  
round 1, total revenue = 10213998
2     313056   37.591158273381296   48.459735682819385   0.0012891258984465569   0.34442719513441683   10203829 107825   139      0.824253086215172    0.025774756947114178 1.9528220224754367   5225171 
2     249420   156.97               33.21764892603957    0.00021161781822029416  0.11367572768823671   -35820   28353    6        0.39852760025343514  0.023520637902705966 -0.038032745110530675 941820  
round 2, total revenue = 10168009
3     313056   37.36293617021276    48.60477174594973    0.0013008820164593868   0.34622559542062764   10382826 108388   141      0.826756595313884    0.02577275864918358  1.9708585935088705   5268174 
3     249420   156.873              33.23111142493998    0.00021183448665442733  0.11355945794242643   -35238   28324    6        0.39890183447440763  0.02352063613863884  -0.037437927495489985 941238  
round 3, total revenue = 10347588
4     313056   37.629397163120565   48.7275223628382     0.0012949323145307937   0.3478163651231729    10345255 108886   141      0.82920120713271     0.02577076129947382  1.9498213728703508   5305745 
4     249420   156.36566666666667   33.18339051391787    0.0002122166024121954   0.11335498356186352   -32194   28273    6        0.3992530169836176   0.023520634583512855 -0.03431486451629407 938194  
round 4, total revenue = 10313061
5     313056   37.07638888888889    48.84765642869559    0.0013174868937501716   0.34913561790861697   10645000 109299   144      0.8315789381920077   0.02576876292647553  1.9938190672410563   5339000 
5     249420   155.92683333333335   33.15123489599943    0.00021260763261401084  0.11314649987972095   -29561   28221    6        0.3996134143637338   0.02352063321945502  -0.03159708453003064 935561  
round 5, total revenue = 10615439
6     313056   37.280993055555555   48.95820489904609    0.00131322158790377     0.35026960032709803   10615537 109654   144      0.8338883355596587   0.025766761646524645 1.977388500209464    5368463 
6     249420   155.40316666666666   33.12205605484707    0.0002131363006642748   0.11286584876914442   -26419   28151    6        0.3999919507957288   0.02352063203138028  -0.028333828461238993 932419  
round 6, total revenue = 10589118
7     313056   37.21398620689655    49.07621507566938    0.001318757275902212    0.35122150669528773   10698972 109952   145      0.8361356850788291   0.02576475568101433  1.9827495335457859   5396028 
7     249420   185.5866             33.0849288693978     0.00017827218597354442  0.11244888140485927   -172933  28047    5        0.40035842359546475  0.02352063100638305  -0.18636367065294585 927933  
round 7, total revenue = 10526039
8     313056   37.370875862068964   49.157484600800124   0.0013153955711991871   0.3521191096800572    10676223 110233   145      0.8383233573229759   0.02576274336755622  1.9702274147838157   5418777 
8     249420   184.8758             33.05249043515572    0.00017878213608896198  0.11212813727848608   -169379  27967    5        0.40072399525640545  0.023520630133274576 -0.18323544779792705 924379  
round 8, total revenue = 10506844
9     313056   37.026013605442174   49.26256720308455    0.0013304853103560633   0.352927271798017     10874176 110486   147      0.8404317453555075   0.02576072316625638  1.9978922706300994   5442824 
9     249420   184.1058             33.01161915008069    0.00017930787161556393  0.11179937454895357   -165529  27885    5        0.4010958167509261   0.023520629402233328 -0.17981942991475552 920529  
round 9, total revenue = 10708647
10    313056   37.143945578231296   49.346226841391776   0.0013285133303208314   0.3534511397321885    10856840 110650   147      0.8425299169811411   0.025758693662126804 1.9883739670632363   5460160 
10    249420   183.2692             32.98106824071408    0.00017995968902965735  0.11139443508940743   -161346  27784    5        0.4014650511050345   0.023520628804541532 -0.17607541256250367 916346  
round 10, total revenue = 10695494
11    313056   36.99229054054054    49.41654481451395    0.0013358606372416283   0.3538983440662373    10953141 110790   148      0.844598464085575    0.025756653564510085 2.000625221581049    5474859 
11    249420   182.321              32.93727643892041    0.0001806554178559815   0.11096543982038329   -156605  27677    5        0.4018357679778062   0.023520628332386447 -0.17179041361115835 911605  
round 11, total revenue = 10796536
12    313056   36.560199999999995   49.468514058398505   0.001353070116093416    0.35411875191659      11165970 110859   150      0.8466242338096295   0.025754601704256946 2.0360884240239385   5484030 
12    249420   181.29020000000003   32.897256296726425   0.00018146185671771793  0.11047229572608451   -151451  27554    5        0.40221537996255685  0.02352062797870975  -0.16708128735033664 906451  
round 12, total revenue = 11014519
13    313056   36.400086092715235   49.54401478276546    0.0013610960879754822   0.354377491567004     11264587 110940   151      0.8485962450452912   0.02575253702926983  2.0494433369544827   5496413 
13    249420   180.23479999999998   32.84401195422407    0.00018222902543917196  0.1100072167428434    -146174  27438    5        0.4025878700439256   0.023520627737092455 -0.1622039694886892  901174  
round 13, total revenue = 11118413
14    313056   35.98162745098039    49.60389429011651    0.0013785895137093068   0.3545148471838904    11477811 110983   153      0.8505178165953997   0.02575045859891237  2.0849077116153505   5505189 
14    249420   178.893              32.78229796591534    0.0001832508704416346   0.10939379360115468   -139465  27285    5        0.4029564067421926   0.02352062760166575  -0.15592001922937174 894465  
round 14, total revenue = 11338346
15    313056   35.798870129870124   49.661532086621264   0.0013872374157748713   0.354607482367372     11580974 111012   154      0.8523945307780958   0.0257483655776851   2.10065651785426     5513026 
15    249420   177.6602             32.70742663573769    0.00018410103464781472  0.10888862160211692   -133301  27159    5        0.4033300886522906   0.02352062756704086  -0.1500628728325196  888301  
round 15, total revenue = 11447673
16    313056   35.61869032258065    49.71944597040733    0.0013958808007852954   0.3547001175508535    11684103 111041   155      0.8542333769615711   0.02574625722848292  2.116341420606108    5520897 
16    249420   176.474              32.64047645470351    0.00018495912403358858  0.10838344960307915   -127370  27033    5        0.4037036542864149   0.023520627628252723 -0.14434987590239923 882370  
round 16, total revenue = 11556733
17    313056   35.430282051282056   49.7782140766425     0.0014049623992434819   0.35468095165082286   11788876 111035   156      0.8560040729816674   0.02574413290567837  2.1329132474683035   5527124 
17    249420   175.1334             32.556307394876754   0.00018589433765847492  0.10783818458824473   -120667  26897    5        0.4040685864295009   0.023520627780713843 -0.13780009980963084 875667  
round 17, total revenue = 11668209
18    313056   35.22680891719745    49.820369152606496   0.0014142742611092595   0.3546042880507002    11896391 111011   157      0.8577367174742754   0.025741992048214882 2.151009228820913    5530609 
18    249420   173.8332             32.47883113486043    0.0001868390568364411   0.1072929195734103    -114166  26761    5        0.4044359022300453   0.023520628020175714 -0.13135120333745223 869166  
round 18, total revenue = 11782225
19    313056   35.24421656050955    49.87149397937847    0.0014150263176869278   0.35441582336706534   11893658 110952   157      0.8594398903859068   0.02573983417284623  2.1494528984472674   5533342 
19    249420   172.44320000000002   32.40560754688616    0.00018792047205622582  0.10667548713014192   -107216  26607    5        0.4048057761020084   0.023520628342695832 -0.12434935097469775 862216  
round 19, total revenue = 11786442
20    313056   35.233726114649684   49.89532408493136    0.0014161239694766654   0.35414111213329247   11895305 110866   157      0.8610932965489666   0.02573765886761931  2.150390612642237    5531695 
20    249420   171.0436             32.32605080133051    0.00018899304505594195  0.10607008259161255   -100218  26456    5        0.40516567930923697  0.023520628744609102 -0.1171841565542353  855218  
round 20, total revenue = 11795087
