Max revenue's round: 1
This round's info:
round bids     cpc                  cpm                  ctr                     winrate               revenue  imps     clks     auc                  rmse                 roi                  cost    
1     313056   53.5815412371134     62.42197267677526    0.0011649902417054496   0.5319335837677605    11139181 166525   194      0.8992669687723762   0.026568016160818927 1.071608942878178    10394819
1     249420   192.19175            36.63324676562388    0.00019060780062424054  0.16827439660011226   -329534  41971    8        0.3849399013796844   0.02256446021606189  -0.2143263173367223  1537534 
round 1, total revenue = 10809647


all rounds' info:
round bids     cpc                  cpm                  ctr                     winrate               revenue  imps     clks     auc                  rmse                 roi                  cost    
1     313056   53.5815412371134     62.42197267677526    0.0011649902417054496   0.5319335837677605    11139181 166525   194      0.8992669687723762   0.026568016160818927 1.071608942878178    10394819
1     249420   192.19175            36.63324676562388    0.00019060780062424054  0.16827439660011226   -329534  41971    8        0.3849399013796844   0.02256446021606189  -0.2143263173367223  1537534 
round 1, total revenue = 10809647
2     313056   54.58073469387755    62.892490755274935   0.0011522836969493878   0.5433436829193499    11058176 170097   196      0.9005633343707073   0.026561898552299807 1.0336846072621872   10697824
2     249420   197.691875           36.92845634763117    0.00018679804796039882  0.17170635875230536   -373535  42827    8        0.3849763193302786   0.022564483566817634 -0.2361850986541556  1581535 
round 2, total revenue = 10684641
3     313056   55.745492385786804   63.33874716667724    0.0011362128928441657   0.553840207502811     10885138 173383   197      0.9018070130864397   0.026555922075083133 0.9911923861363401   10981862
3     249420   202.954375           37.21117044438842    0.00018334746636719914  0.1749378558255152    -415635  43633    8        0.38503172009813824  0.0225645067044503   -0.2559904165652995  1623635 
round 3, total revenue = 10469503
4     313056   56.743545454545455   63.73292263707838    0.0011231748408835642   0.5631133088009813    10742778 176286   198      0.9029831064619804   0.026550089320595088 0.9561696244186363   11235222
4     249420   207.877375           37.48324204927086    0.0001803141974891248   0.17788068318498917   -455019  44367    8        0.385081751350299    0.022564529399902458 -0.2736102233347905  1663019 
round 4, total revenue = 10287759
5     313056   57.08413432835821    64.10471710235939    0.0011229865856179498   0.5717411581314525    10837089 178987   201      0.9041028168816306   0.026544400566150542 0.9444982621880195   11473911
5     249420   212.471              37.71479287315006    0.00017750560252057955  0.18069521289391388   -491768  45069    8        0.38515553481308135  0.02256455145670798  -0.2893147770754597  1699768 
round 5, total revenue = 10345321
6     313056   57.85227722772277    64.42205071664829    0.001113561190738699    0.5794490442604519    10735840 181400   202      0.9051591517742978   0.026538854122422684 0.9186798743128624   11686160
6     249420   217.09825            37.979138421167725   0.00017493986442160508  0.18334536123807232   -528786  45730    8        0.38525104902175167  0.022564572711721027 -0.30446238051204927 1736786 
round 6, total revenue = 10207054
7     313056   58.54369458128079    64.73638339479575    0.0011057789204765198   0.5864158489215987    10648630 183581   203      0.9061598029681839   0.02653344667967139  0.8960197301161105   11884370
7     249420   221.2075             38.20262072836388    0.0001727003864171146   0.18572287707481358   -561660  46323    8        0.38533939334769435  0.02256459303458386  -0.31738300012431764 1769660 
round 7, total revenue = 10086970
8     313056   59.42272906403941    64.99851281885488    0.0010938325089176984   0.5928204538485127    10470186 185586   203      0.9071013598010615   0.02652817363817569  0.8679721000423284   12062814
8     249420   224.95075            38.398147950583564   0.00017069579874965328  0.18790393713415124   -591606  46867    8        0.38544902622411453  0.022564612326174766 -0.3287419579619094  1799606 
round 8, total revenue = 9878580
9     313056   59.34345631067961    65.23312042091558    0.0010992470691191616   0.598618138607789     10641248 187401   206      0.9079924416870945   0.026523029412561343 0.870467392712752    12224752
9     249420   228.424125           38.588415406706645   0.00016893318692457132  0.18986448560660732   -619393  47356    8        0.3855663975202187   0.02256463051628919  -0.3389489836067009  1827393 
round 9, total revenue = 10021855
10    313056   60.04404368932039    65.44517695860824    0.0010899528568934227   0.6037226566492896    10496927 188999   206      0.9088423530270012   0.026518007703608956 0.8486429823803288   12369073
10    249420   231.65425000000002   38.76166572546067    0.00016732551086570037  0.19168871782535482   -645234  47811    8        0.38569381296921873  0.022564647560798384 -0.348166502449232   1853234 
round 10, total revenue = 9851693
11    313056   60.707               65.65158411423472    0.001081449982938289    0.608469411223551     10360358 190485   206      0.909652349629468    0.026513101734428685 0.828454708682689    12505642
11    249420   234.565625           38.92236372687298    0.00016593379241682568  0.19329644775880042   -668525  48212    8        0.3858258082992561   0.022564663438506327 -0.35625691104568286 1876525 
round 11, total revenue = 9691833
12    313056   60.95112560386473    65.81130648417165    0.001079738984836709    0.612392032096494     10360117 191713   207      0.9104294383361402   0.026508304450491245 0.8211312572209792   12616883
12    249420   211.05266666666665   39.083827160493826   0.00018518518518518518  0.19485205677171036   -540474  48600    9        0.3859570455800184   0.022564678147893102 -0.28453877231275604 1899474 
round 12, total revenue = 9819643
13    313056   61.43930434782609    65.96097712774234    0.0010735957678543644   0.6158961974854339    10259064 192810   207      0.9111771867853307   0.02650360868490754  0.8066610808546293   12717936
13    249420   212.89166666666665   39.18652213927805    0.0001840679006033337   0.19603480073771148   -557025  48895    9        0.3861012644546178   0.02256469170389605  -0.2907190668180217  1916025 
round 13, total revenue = 9702039
14    313056   61.88015458937198    66.10070026782535    0.0010682051573151412   0.6190042676070735    10167808 193783   207      0.9119009749756145   0.026499007291616826 0.7937899595852729   12809192
14    249420   214.73744444444444   39.29002419240074    0.00018296773668909715  0.19721353540213296   -573637  49189    9        0.38625227418730723  0.02256470413484313  -0.2968156979298233  1932637 
round 14, total revenue = 9594171
15    313056   61.68273205741627    66.2403195971637     0.0010738875757887166   0.6216779106613514    10307309 194620   209      0.9125995328277524   0.026494493249879424 0.799531186405259    12891691
15    249420   216.3732222222222    39.39071950158788    0.0001820498816675769   0.19820784219388982   -588359  49437    9        0.38641190673050163  0.02256471547961837  -0.3021317589617528  1947359 
round 15, total revenue = 9718950
16    313056   62.03891866028709    66.364010461718      0.0010697157831701463   0.6241023970152305    10232866 195379   209      0.9132705913237776   0.026490059743790373 0.7891994637723164   12966134
16    249420   217.81733333333335   39.47396399661713    0.0001812250815512867   0.1991099350493144    -601356  49662    9        0.3865644325617413   0.022564725785109218 -0.30675856834166854 1960356 
round 16, total revenue = 9631510
17    313056   62.337210526315786   66.46910840373862    0.0010662830088567813   0.6261116222017786    10170523 196008   209      0.913921728127466    0.026485700220548167 0.7806379057199088   13028477
17    249420   219.1998888888889    39.56359297288625    0.00018049093534413605  0.1999198139684067    -613799  49864    9        0.3867287713275189   0.022564735103960995 -0.3111310376779388  1972799 
round 17, total revenue = 9556724
18    313056   62.58644019138757    66.55320209826857    0.0010633805325043376   0.6278205816211796    10118434 196543   209      0.9145464215959821   0.0264814084310266   0.7735471079768261   13080566
18    249420   220.32311111111113   39.63358717595091    0.00017988846914912754  0.20058936733221072   -623908  50031    9        0.3869014486353234   0.02256474349264368  -0.31464293855287284 1982908 
round 18, total revenue = 9494526
19    313056   62.81587559808612    66.63004730100083    0.0010607198684504354   0.629395379740366     10070482 197036   209      0.9151487245664491   0.026477178455886468 0.7670692152762406   13128518
19    249420   221.2937777777778    39.68762329872666    0.0001793436024151605   0.2011987811723198    -632644  50183    9        0.3870704936236843   0.02256475100982221  -0.31764913809897755 1991644 
round 19, total revenue = 9437838
20    313056   62.99411961722488    66.69623959594527    0.001058769294677278    0.6305549166922212    10033229 197399   209      0.9157298214947869   0.026473004720092053 0.7620692324057589   13165771
20    249420   222.20344444444444   39.74937886346922    0.00017888732086422454  0.20171197177451688   -640831  50311    9        0.38724159166216543  0.022564757715011263 -0.32044257739779014 1999831 
round 20, total revenue = 9392398
