Max revenue's round: 19
This round's info:
round bids     cpc                  cpm                  ctr                     winrate               revenue  imps     clks     auc                  rmse                 roi                  cost    
19    246512   36.85211979166667    49.27508809560288    0.0013371032215830744   0.5825030830142143    9436393  143594   192      0.9815834150760283   0.026133186949699794 1.333651374362652    7075607 
19    226214   58.00897902097903    59.20424229015152    0.001020604797556258    0.6193825315851362    6862716  140113   143      0.7427767122159716   0.03003870758615591  0.8273033207784085   8295284 
round 19, total revenue = 16299109


all rounds' info:
round bids     cpc                  cpm                  ctr                     winrate               revenue  imps     clks     auc                  rmse                 roi                  cost    
1     246512   66.26839423076923    51.080720712708086   0.0007708157305702554   0.5473242681897839    2052087  134922   104      0.6067351816707323   0.02811866736435007  0.2977528880588017   6891913 
1     226214   61.395288            58.299801727477835   0.0009495810448430153   0.5819135862501879    5575589  131637   125      0.6788343632764895   0.030076874617008236 0.726516862336406    7674411 
round 1, total revenue = 7627676
2     246512   55.267479674796746   49.57917614796663    0.0008970768422895152   0.5562082170442006    3780100  137112   123      0.7058778020360047   0.028103823858973562 0.5560687859486018   6797900 
2     226214   59.27756910569106    57.23030612244898    0.0009654631083202512   0.5631835341756036    5746859  127400   123      0.6929402984059884   0.030072136747294906 0.788197485139843    7291141 
round 2, total revenue = 9526959
3     246512   48.92138194444445    49.241107189039944   0.0010065354908607976   0.5803571428571429    5339321  143065   144      0.7939588166718248   0.028087311862051385 0.7579225398346752   7044679 
3     226214   58.78724603174603    57.45751497098886    0.0009773806199385646   0.5698851529967199    5948807  128916   126      0.7013774111520921   0.03006847747829354  0.8031121910823709   7407193 
round 3, total revenue = 11288128
4     246512   44.61810429447853    49.22302387124284    0.0011032074233000115   0.5993663594470046    6745249  147751   163      0.8624220009175169   0.028066614724744463 0.9274687116333283   7272751 
4     226214   60.385584            57.68764807483607    0.0009553215230117849   0.5784168972742624    5701802  130846   125      0.707445850688657    0.030065398346789857 0.755385855008043    7548198 
round 4, total revenue = 12447051
5     246512   40.87698351648352    49.27123111667429    0.001205353890577709    0.6125178490296619    8212389  150993   182      0.9096460127521728   0.02804041665640704  1.1038734417700065   7439611 
5     226214   61.313476190476194   57.97834113832853    0.0009456051873198847   0.5890351613958464    5630502  133248   126      0.7124232048173347   0.03006266206929255  0.728820588653314    7725498 
round 5, total revenue = 13842891
6     246512   40.06829100529101    49.38927548897483    0.001232627453026459    0.6220021743363406    8681093  153331   189      0.9399375809554562   0.028007276326729908 1.1463356145797117   7572907 
6     226214   61.12052713178295    58.197136108650724   0.0009521700620017715   0.5989019247261442    5789452  135480   129      0.7164238657018731   0.030060136096667068 0.7342782363681469   7884548 
round 6, total revenue = 14470545
7     246512   39.56955154639176    49.572135223273385   0.001252784863259178    0.6281844291555786    9007507  154855   194      0.9589436501618771   0.02796557650742396  1.1733882907207758   7676493 
7     226214   61.41682442748092    58.43528659829755    0.0009514540542110921   0.6086449114555245    5840396  137684   131      0.7196716103146767   0.030057752837242435 0.7259114418258716   8045604 
round 7, total revenue = 14847903
8     246512   39.97901546391753    49.74140772807439    0.0012441879108545774   0.6325249886415266    8928071  155925   194      0.9705214970535676   0.02791351467797347  1.1511285108463474   7755929 
8     226214   61.655240601503756   58.70414357917043    0.0009521355039159257   0.617494938421141     5897853  139686   133      0.7225234285403483   0.030055479716597125 0.719237472206291    8200147 
round 8, total revenue = 14825924
9     246512   40.20620618556701    49.879802527242035   0.0012405995804982862   0.6343545141818654    8883996  156376   194      0.9768479079959814   0.027849111108751316 1.1389732620649937   7800004 
9     226214   61.6622962962963     58.94556088994633    0.0009559417087989123   0.6242849691000557    5985590  141222   135      0.7249186277818205   0.030053303571683728 0.7190407488338513   8324410 
round 9, total revenue = 14869586
10    246512   40.46017098445596    49.94220277953657    0.0012343547138919267   0.6342774388265074    8789187  156357   193      0.9798814598199133   0.027770241905052836 1.1255471222066658   7808813 
10    226214   60.950384057971014   59.11814980636364    0.000969938921962088    0.6289486945989196    6216847  142277   138      0.7271334974896855   0.030051222755617245 0.7391194762477867   8411153 
round 10, total revenue = 15006034
11    246512   40.61691666666667    50.000307755437014   0.0012310217480508822   0.6326994223404946    8713552  155968   192      0.9811800574265204   0.027674704416346806 1.1173443741626539   7798448 
11    226214   61.34546376811595    59.240287185803055   0.0009656832558920674   0.6317204063408984    6162326  142904   138      0.7292039740701023   0.030049242988538758 0.7279191237460833   8465674 
round 11, total revenue = 14875878
12    246512   40.4491875           50.02991651205937    0.0012368583797155227   0.6297137664697865    8745756  155232   192      0.9817463071091524   0.02756032161198836  1.126124288652275    7766244 
12    226214   61.16894964028777    59.354578391472195   0.0009703383618733814   0.6332455108879202    6231516  143249   139      0.7311792893203368   0.030047375008859137 0.7329053486016557   8502484 
round 12, total revenue = 14977272
13    246512   40.181666666666665   50.032945082881525   0.0012451684868608783   0.6255111313039527    8797120  154196   192      0.9819323504639581   0.02742508848213955  1.14027956364843     7714880 
13    226214   61.26828057553957    59.409075688873386   0.0009696546913149634   0.6336919907698021    6217709  143350   139      0.7330464068504071   0.0300456330358638   0.7300958832900378   8516291 
round 13, total revenue = 15014829
14    246512   39.820338541666665   49.99610912752907    0.0012555420410405305   0.6203430258973194    8866495  152922   192      0.9819522122992854   0.027267356435679034 1.159700372964245    7645505 
14    226214   60.380432624113475   59.44947907938104    0.000984581866934808    0.6330642665794336    6432359  143208   141      0.7348152334533624   0.03004403349155904  0.7555356163126916   8513641 
round 14, total revenue = 15298854
15    246512   39.348265625         49.9224684798985     0.0012687336452303544   0.6138930356331538    8957133  151332   192      0.9818895663218223   0.027086041363089557 1.1856109445738754   7554867 
15    226214   60.246205673758865   59.44766750178454    0.0009867454196817221   0.6316762004119992    6451285  142894   141      0.7365360369309705   0.030042593646341275 0.7594469031627312   8494715 
round 15, total revenue = 15408418
16    246512   38.80469791666666    49.80348667762938    0.0012834396181767135   0.6068588953073278    9061498  149598   192      0.9818032693538647   0.02688082934492846  1.2162265039322182   7450502 
16    226214   59.18698601398602    59.425519216996896   0.0010040301630320307   0.6296073629395175    6694261  142426   143      0.738197097482304    0.030041329996288252 0.7909342431282439   8463739 
round 16, total revenue = 15755759
17    246512   38.206703125000004   49.651000033842095   0.0012995363633287083   0.5993420198611021    9176313  147745   192      0.9817167641905683   0.02665234449437534  1.2509139225814843   7335687 
17    226214   58.860965034965034   59.37122542692088    0.0010086689097206058   0.6267118745966209    6740882  141771   143      0.7398043073829672   0.0300402563209479   0.8008539264864767   8417118 
round 17, total revenue = 15917195
18    246512   37.54644270833334    49.46966182646647    0.0013175592215420933   0.5911436360096061    9303083  145724   192      0.9816427507476034   0.026402240719767753 1.2904966168982108   7208917 
18    226214   58.04652083333334    59.29332775302897    0.0010214794427262151   0.6231798208775761    6905301  140972   144      0.7413219676445003   0.030039381531963786 0.826121505272531    8358699 
round 18, total revenue = 16208384
19    246512   36.85211979166667    49.27508809560288    0.0013371032215830744   0.5825030830142143    9436393  143594   192      0.9815834150760283   0.026133186949699794 1.333651374362652    7075607 
19    226214   58.00897902097903    59.20424229015152    0.001020604797556258    0.6193825315851362    6862716  140113   143      0.7427767122159716   0.03003870758615591  0.8273033207784085   8295284 
round 19, total revenue = 16299109
20    246512   36.134140625         49.06648042717211    0.0013578980869196223   0.5735826247809437    9574245  141395   192      0.9815467518768548   0.025848733886939465 1.3800206262688723   6937755 
20    226214   59.15534532374101    59.08775573265114    0.0009988574220855281   0.615165285968154     6511407  139159   139      0.7441609221476071   0.030038227852464083 0.7918921683220853   8222593 
round 20, total revenue = 16085652
