Max revenue's round: 17
This round's info:
round bids     cpc                  cpm                  ctr                     winrate               revenue  imps     clks     auc                  rmse                 roi                  cost    
17    246512   83.1233370165746     65.30315288725303    0.0007856175561651446   0.9346076458752515    520676   230392   181      0.5570819049831867   0.028337384052398187 0.03460716432560708  15045324
17    226214   83.14366836734693    76.07100544759433    0.0009149344374787021   0.9469926706569886    4479841  214223   196      0.6919327300693507   0.03017817668999745  0.2749016501373115   16296159
round 17, total revenue = 5000517


all rounds' info:
round bids     cpc                  cpm                  ctr                     winrate               revenue  imps     clks     auc                  rmse                 roi                  cost    
1     246512   88.70900512820513    70.25414256936773    0.0007919617908895964   0.9988316998766794    -528256  246224   195      0.5440790442751331   0.03158573446069597  -0.030538107425395946 17298256
1     226214   89.84610243902439    81.44315523698768    0.0009064739930400485   0.9997215026479351    3311549  226151   205      0.6623622694067115   0.03296714791899087  0.17979519558946624  18418451
round 1, total revenue = 2783293
2     246512   87.29613402061855    69.30391013443005    0.0007938943793096393   0.9912904848445512    -251450  244365   194      0.5451576210476327   0.029523047336355808 -0.01484755350463082 16935450
2     226214   88.743               80.78938369851942    0.0009103747191160928   0.9954379481376042    3537685  225182   205      0.6666597887478904   0.031163565650477558 0.19446040814486776  18192315
round 2, total revenue = 3286235
3     246512   85.63599481865285    68.33403068628627    0.0007979592089867571   0.9811571039138054    70253    241867   193      0.5460114093127648   0.028971825488516872 0.004250609596093164 16527747
3     226214   88.00917241379311    79.88527302319758    0.0009076925828548944   0.9886390762729097    3652138  223644   203      0.6699652258613918   0.030699009187949253 0.2044199154790292   17865862
round 3, total revenue = 3722391
4     246512   84.22891145833333    67.53818558440419    0.0008018408930502946   0.9713482507950931    340049   239449   192      0.5467932036297192   0.02873384497603519  0.021027085723917913 16171951
4     226214   87.76391000000001    79.03561217000545    0.000900547983447928    0.9817562131433067    3647218  222087   200      0.6727635171878003   0.03050284898982839  0.20778575156918144  17552782
round 4, total revenue = 3987267
5     246512   83.6473              66.97169934557897    0.0008006438862411455   0.9626671318231973    447013   237309   190      0.5475546156229991   0.028606167609948892 0.02812643085909527  15892987
5     226214   86.83241206030151    78.31780995762232    0.0009019421216035534   0.9753375122671453    3814350  220635   199      0.6752958143583533   0.03039908789792377  0.22074231827612248  17279650
round 5, total revenue = 4261363
6     246512   83.81580213903743    66.54391878982919    0.0007939304652772176   0.9554788407866555    408445   235537   187      0.548316735480431    0.02852857628632443  0.026059499583853184 15673555
6     226214   85.78696984924623    77.7948223692605     0.0009068372796704399   0.9700725861352525    4022393  219444   199      0.6775524695811272   0.03033652927605376  0.23561888461935657  17071607
round 6, total revenue = 4430838
7     246512   83.34685483870969    66.22006697820645    0.0007945118877773316   0.9496738495489063    493485   234106   186      0.549063719536728    0.02847746853737176  0.03183257684317674  15502515
7     226214   84.93660804020101    77.37770097051822    0.0009110053103827138   0.9656343108737744    4191615  218440   199      0.6795963985461835   0.03029542707635799  0.24798955886994645  16902385
round 7, total revenue = 4685100
8     246512   83.0664054054054     65.96307218158717    0.0007941004773187734   0.94505744142273      542715   232968   185      0.5498332303286895   0.028441863637189337 0.035316257881597174 15367285
8     226214   84.6375606060606     77.03626049821409    0.0009101899906682542   0.9616425154941781    4229763  217537   198      0.6814057588252744   0.03026672417822165  0.25239904412379416  16758237
round 8, total revenue = 4772478
9     246512   83.86429120879122    65.77081286519469    0.0007842528913939018   0.9414065035373531    388699   232068   182      0.5505916234895558   0.028416016115572977 0.02546624743887315  15263301
9     226214   84.09074242424244    76.79165667373859    0.0009131998893091043   0.9584729503921066    4338033  216820   198      0.683047566959615    0.030245743061645416 0.26054303891413116  16649967
round 9, total revenue = 4726732
10    246512   83.8799723756906     65.61505981398886    0.0007822494208761194   0.9386317907444668    383725   231384   181      0.551365589661769    0.028396649827199482 0.025274538894862596 15182275
10    226214   84.0586802030457     76.58910426292591    0.0009111385531859786   0.9557896505079261    4322440  216213   197      0.6845235280399474   0.030229849174674823 0.26102384362869546  16559560
round 10, total revenue = 4706165
11    246512   83.5689723756906     65.50512097629843    0.0007838449978996418   0.9367211332511196    440016   230913   181      0.5521450105518603   0.02838176967077687  0.029090074404415606 15125984
11    226214   83.65815228426395    76.41501717878455    0.0009134198532036927   0.9534025303473702    4401344  215673   197      0.6858503260554376   0.03021745688494551  0.26706121406817784  16480656
round 11, total revenue = 4841360
12    246512   83.34548066298342    65.42428658166364    0.0007849770144852112   0.9353702862335302    480468   230580   181      0.5529315309030067   0.02837009597408648  0.03184958939465973  15085532
12    226214   83.82392346938775    76.30904032475314    0.0009103491839369815   0.9517624903852104    4346511  215302   196      0.6870537100346426   0.030207560533505675 0.264555458785115    16429489
round 12, total revenue = 4826979
13    246512   83.20267403314918    65.37030493760173    0.0007856755290287574   0.9345386837151944    506316   230375   181      0.5537474276164662   0.028360772897788305 0.03362062577143053  15059684
13    226214   83.61819387755102    76.23435232389387    0.0009116957541026309   0.9503567418462164    4386834  214984   196      0.6881333562261549   0.030199494680532166 0.2676667012830305   16389166
round 13, total revenue = 4893150
14    246512   83.11984530386741    65.33699291679514    0.0007860576818681247   0.9340843447783475    521308   230263   181      0.5545555378242525   0.028353208150218936 0.034650626280684244 15044692
14    226214   83.42976020408163    76.1631718677224     0.0009129017233348858   0.9491012934654796    4423767  214700   196      0.689171972322708    0.030192803354828546 0.2705298413984194   16352233
round 14, total revenue = 4945075
15    246512   83.08805524861879    65.31540796782642    0.0007860986488658029   0.9340356656065425    527062   230251   181      0.5553879444280837   0.028346980099824687 0.035046490649805195 15038938
15    226214   83.27966326530613    76.10838913031314    0.0009138892515433538   0.9480757159150185    4453186  214468   196      0.6901531117528343   0.030187164861529617 0.2728197478694544   16322814
round 15, total revenue = 4980248
16    246512   83.08788950276242    65.30449999782881    0.0007859689346864158   0.9341898163172584    527092   230289   181      0.5562193308747546   0.02834178149705192  0.03504855538713316  15038908
16    226214   83.21554081632652    76.09555890435244    0.0009144392761000098   0.9475054594322191    4465754  214339   196      0.6910688318153528   0.03018234657202881  0.2738005300471863   16310246
round 16, total revenue = 4992846
17    246512   83.1233370165746     65.30315288725303    0.0007856175561651446   0.9346076458752515    520676   230392   181      0.5570819049831867   0.028337384052398187 0.03460716432560708  15045324
17    226214   83.14366836734693    76.07100544759433    0.0009149344374787021   0.9469926706569886    4479841  214223   196      0.6919327300693507   0.03017817668999745  0.2749016501373115   16296159
round 17, total revenue = 5000517
18    246512   83.17208839779005    65.30545421418626    0.0007851847353146595   0.9351228337768547    511852   230519   181      0.5579564503236032   0.028333615390166753 0.03400072856995959  15054148
18    226214   83.10586734693878    76.06482584067656    0.0009152762406429349   0.9466390232257951    4487250  214143   196      0.6927355256411654   0.03017452603178806  0.2754815440104367   16288750
round 18, total revenue = 4999102
19    246512   83.2439502762431     65.31767638452368    0.0007846537336078899   0.93575566301032      498845   230675   181      0.558841363791895    0.028330343610173652 0.033108108332329494 15067155
19    226214   83.49044615384615    76.052155349602      0.0009109084793901117   0.9463251611306108    4389363  214072   195      0.6935043704821164   0.03017129592791833  0.26960634279850354  16280637
round 19, total revenue = 4888208
20    246512   83.78125555555556    65.33160913564843    0.0007797878976918279   0.9363925488414357    399374   230832   180      0.5597652930666893   0.028327466674417844 0.026482587659159507 15080626
20    226214   83.4658358974359     76.0489211187844     0.0009111383154687924   0.9460864491145552    4394162  214018   195      0.6942291203814568   0.030168409984084956 0.2699806916239889   16275838
round 20, total revenue = 4793536
