Max revenue's round: 20
This round's info:
round bids     cpc                  cpm                  ctr                     winrate               revenue  imps     clks     auc                  rmse                 roi                  cost    
20    246513   32.620110638297874   48.78961035654731    0.001495691136597971    0.6373619241175922    12544274 157118   235      0.9507100423921618   0.031175886546573446 1.6364104326191675   7665726 
20    226215   51.588889763779534   60.90042014463386    0.0011804948783253704   0.4755741219636187    6910211  107582   127      0.7070106199513885   0.029904558854220824 1.054705974200329    6551789 
round 20, total revenue = 19454485


all rounds' info:
round bids     cpc                  cpm                  ctr                     winrate               revenue  imps     clks     auc                  rmse                 roi                  cost    
1     246513   33.76657575757576    49.48660702956477    0.001465550057099353    0.6393983278772316    12065921 157620   231      0.9129382401897211   0.031247652858972512 1.5468972814249702   7800079 
1     226215   50.64886885245902    58.01648717924643    0.0011454646173490945   0.4708220056141281    6752838  106507   122      0.7044515989342386   0.029911060448378927 1.0928404207560831   6179162 
round 1, total revenue = 18818759
2     246513   33.620658008658005   49.37707502845117    0.0014686528447996339   0.6380474863394628    12099628 157287   231      0.9155195182910923   0.03124475884278675  1.5579511256993612   7766372 
2     226215   50.43259349593496    58.22586519237448    0.0011545284736758123   0.47095462281457906   6834791  106537   123      0.7046200585364969   0.029910699439044237 1.101815366852866    6203209 
round 2, total revenue = 18934419
3     246513   33.51865367965368    49.299670181336595   0.0014708129584352079   0.6371104160835331    12123191 157056   231      0.9180497466646815   0.0312417447174562   1.565735510200497    7742809 
3     226215   50.67244715447154    58.45833724136637    0.0011536513534300024   0.4713126892557965    6805289  106618   123      0.7047841371864906   0.029910337570909554 1.09186660507763     6232711 
round 3, total revenue = 18928480
4     246513   33.296767241379314   49.230460385438974   0.0014785357397777098   0.636526268391525     12227150 156912   232      0.9205046453581258   0.031238617505199094 1.582833323624407    7724850 
4     226215   50.88839024390244    58.66619178390335    0.0011528403925280947   0.4716442322569237    6778728  106693   123      0.7049525314014017   0.02990997585701929  1.0829898429082487   6259272 
round 4, total revenue = 19005878
5     246513   33.225810344827586   49.166909044520985   0.0014797805842581963   0.6359907996738509    12243612 156780   232      0.9229177183662549   0.031235383057990087 1.5883492112747828   7708388 
5     226215   50.731645161290324   58.90356470687379    0.0011610813037819414   0.4721039718851535    6853276  106797   124      0.7051005683555405   0.02990961512084988  1.089425636858333    6290724 
round 5, total revenue = 19096888
6     246513   33.17617672413793    49.120093174638626   0.001480583298765117    0.6356459902723183    12255127 156695   232      0.9252475744695215   0.03123204624001389  1.5922215424367792   7696873 
6     226215   50.94626612903226    59.100738135109594   0.0011600602482903144   0.47251950577989965   6826663  106891   124      0.7052452269634055   0.029909256026877374 1.0806235285532495   6317337 
round 6, total revenue = 19081790
7     246513   33.12449137931035    49.07081375153249    0.001481405803024111    0.6352930677083967    12267118 156608   232      0.9274872120849661   0.031228611077906726 1.5962662796904363   7684882 
7     226215   51.17018548387097    59.30390773228155    0.0011589543241146618   0.4729704042614327    6798897  106993   124      0.7053960973692577   0.029908899106498958 1.0715187759757407   6345103 
round 7, total revenue = 19066015
8     246513   33.08740086206897    49.02244119882238    0.001481604475467312    0.6352078795033121    12275723 156587   232      0.9296628829711309   0.03122508088526185  1.599176658163847    7676277 
8     226215   51.36401612903226    59.48407161469278    0.0011580884069746808   0.4733240501293018    6774862  107073   124      0.7055380968916687   0.02990854477999268  1.0637015558463327   6369138 
round 8, total revenue = 19050585
9     246513   33.06140517241379    48.98549003078259    0.0014816517862845026   0.6351875965973397    12281754 156582   232      0.931784111954476    0.03122145836643192  1.6012203519939257   7670246 
9     226215   51.55862096774193    59.6576246197488     0.0011570834033182167   0.47373516345069955   6750731  107166   124      0.705669852396346    0.029908193375103136 1.0559122414526902   6393269 
round 9, total revenue = 19032485
10    246513   33.03570689655172    48.95054032649516    0.0014817464169838796   0.6351470307853947    12287716 156572   232      0.9338223913965084   0.031217745703557447 1.6032438255158603   7664284 
10    226215   51.726588709677415   59.81346575278594    0.0011563388818949037   0.4740401830117366    6729903  107235   124      0.705807144029756    0.029907845142755136 1.049236236994857    6414097 
round 10, total revenue = 19017619
11    246513   33.01894827586207    48.92164639013954    0.0014816233994316187   0.6351997663409232    12291604 156585   232      0.9358225381122562   0.031213944629906565 1.6045650903686963   7660396 
11    226215   51.879629032258066   59.954091332712025   0.0011556383970177074   0.47432752027938024   6710926  107300   124      0.7059357173502013   0.029907500270323555 1.0431911711259656   6433074 
round 11, total revenue = 19002530
12    246513   33.00178879310345    48.89559797428905    0.001481604475467312    0.6352078795033121    12295585 156587   232      0.9377343211748088   0.03121005649196488  1.605919349982988    7656415 
12    226215   52.032951612903226   60.09263381422943    0.0011548957334053592   0.4746325398404173    6691914  107369   124      0.7060570762666685   0.029907158892824463 1.037170614278855    6452086 
round 12, total revenue = 18987499
13    246513   32.857085836909874   48.87855222918143    0.0014876106929201224   0.6353701427510923    12382299 156627   233      0.939580767269889    0.03120608230221705  1.617395846572378    7655701 
13    226215   51.724176            60.2116036505867     0.0011640901471409947   0.4746811661472493    6784478  107380   125      0.7061842982486042   0.029906821102338957 1.04933182502511     6465522 
round 13, total revenue = 19166777
14    246513   32.57780425531915    48.861612299994256   0.0014998436333233344   0.6355973112979842    12554216 156683   235      0.9413633468970204   0.031202022784177254 1.639834143701024    7655784 
14    226215   51.834352            60.321882098834394   0.0011637433433880759   0.47482262449439694   6770706  107412   125      0.7063056789608538   0.02990648695593533  1.0449758878050603   6479294 
round 14, total revenue = 19324922
15    246513   32.57673191489362    48.84254716439431    0.0014993077664142301   0.6358244798448763    12554468 156739   235      0.9430789185344935   0.03119787841092744  1.6399210401053774   7655532 
15    226215   51.945352            60.420681890086165   0.0011631585803882159   0.47506133545520857   6756831  107466   125      0.7064306777729836   0.029906156482316353 1.0406060584592824   6493169 
round 15, total revenue = 19311299
16    246513   32.5738              48.82351102777034    0.001498858316431314    0.6360151391610179    12555157 156786   235      0.9447298717440341   0.031193649438188652 1.640158655115461    7654843 
16    226215   51.6498253968254     60.52995395991257    0.0011719294982095521   0.4752779435492783    6848122  107515   126      0.7065490942588253   0.02990582968738513  1.0522818651486705   6507878 
round 16, total revenue = 19403279
17    246513   32.58475744680851    48.810981712020094   0.0014979697728822851   0.6363924012121065    12552582 156879   235      0.946307416948944    0.031189335932766814 1.6392708351561844   7657418 
17    226215   51.757626984126986   60.63204038751186    0.0011714609791926216   0.47546802820325795   6834539  107558   126      0.7066635221164855   0.029905506558894693 1.0480073406863892   6521461 
round 17, total revenue = 19387121
18    246513   32.59469361702128    48.79973624357333    0.001497168122423756    0.6367331540324446    12550247 156963   235      0.9478347145167212   0.031184937797067762 1.638466279526246    7659753 
18    226215   51.834880952380956   60.72818648417451    0.001171569903670919    0.4754238224697743    6824805  107548   126      0.7067788871927895   0.029905187070322217 1.0449550197169124   6531195 
round 18, total revenue = 19375052
19    246513   32.60820425531915    48.7910554197229     0.0014962815810920945   0.6371104160835331    12547072 157056   235      0.9492992652014142   0.03118045479026063  1.6373730772362731   7662928 
19    226215   51.91069841269841    60.80853081449941    0.0011714065245484041   0.47549013106999977   6815252  107563   126      0.7068932278673202   0.029904871184087915 1.0419682886422164   6540748 
round 19, total revenue = 19362324
20    246513   32.620110638297874   48.78961035654731    0.001495691136597971    0.6373619241175922    12544274 157118   235      0.9507100423921618   0.031175886546573446 1.6364104326191675   7665726 
20    226215   51.588889763779534   60.90042014463386    0.0011804948783253704   0.4755741219636187    6910211  107582   127      0.7070106199513885   0.029904558854220824 1.054705974200329    6551789 
round 20, total revenue = 19454485
