Max revenue's round: 5
This round's info:
round bids     cpc                  cpm                  ctr                     winrate               revenue  imps     clks     auc                  rmse                 roi                  cost    
5     246513   41.28461809045226    50.21047645822129    0.0012162030020045958   0.6637540413690151    8898361  163624   199      0.949162467126336    0.02872442216592728  1.0831002920162387   8215639 
5     226215   62.31605434782609    53.937558212830815   0.0008655483531060955   0.46986716177088167   4018923  106291   92       0.6516741088723903   0.02824280550054015  0.7010062833623201   5733077 
round 5, total revenue = 12917284


all rounds' info:
round bids     cpc                  cpm                  ctr                     winrate               revenue  imps     clks     auc                  rmse                 roi                  cost    
1     246513   39.39821319796954    49.36711211749216    0.0012530292140262946   0.6377716388182367    9180552  157219   197      0.9408892461680457   0.02876209093022045  1.1828401092167338   7761448 
1     226215   64.19877647058824    53.163839716298234   0.0008281129740946776   0.45374091019605245   3553104  102643   85       0.6514111552278573   0.028243904026139514 0.6511218099080502   5456896 
round 1, total revenue = 12733656
2     246513   40.09258883248731    49.62671140349224    0.0012378026176069568   0.6456170668484015    9043760  159153   197      0.9431465812272084   0.02875242112920347  1.1450348432055748   7898240 
2     226215   63.784965517241375   53.46705334862076    0.0008382391197525749   0.45880688725327673   3672708  103789   87       0.651471968452211    0.028243567336663555 0.6618336176939329   5549292 
round 2, total revenue = 12716468
3     246513   40.697751269035535   49.84585781342286    0.0012247816220585035   0.652480802229497     8924543  160845   197      0.9452637191293136   0.028742942063744947 1.1131388668501745   8017457 
3     226215   63.89114772727273    53.67312630664516    0.0008400714060695159   0.46306831996109893   3705579  104753   88       0.6515346148726366   0.02824327775974252  0.6590717770867746   5622421 
round 3, total revenue = 12630122
4     246513   41.0275404040404     50.04529885043309    0.001219797686080753    0.6584723726537749    8904547  162322   198      0.9472731005707483   0.02873362033116747  1.096152953676226    8123453 
4     226215   63.116777777777784   53.81411167320336    0.0008526118342522594   0.4666268815065314    3859490  105558   90       0.6516014165374915   0.028243026293256392 0.6794266711967764   5680510 
round 4, total revenue = 12764037
5     246513   41.28461809045226    50.21047645822129    0.0012162030020045958   0.6637540413690151    8898361  163624   199      0.949162467126336    0.02872442216592728  1.0831002920162387   8215639 
5     226215   62.31605434782609    53.937558212830815   0.0008655483531060955   0.46986716177088167   4018923  106291   92       0.6516741088723903   0.02824280550054015  0.7010062833623201   5733077 
round 5, total revenue = 12917284
6     246513   41.67404522613066    50.346861340456535   0.0012081107333657116   0.668200054358188     8820865  164720   199      0.9509278961000203   0.0287153146727361   1.0636345603924209   8293135 
6     226215   62.111537634408606   54.041361050819546   0.0008700696055684454   0.4725062440598546    4081627  106888   93       0.6517616623167776   0.02824260928156963  0.7066072429879442   5776373 
round 6, total revenue = 12902492
7     246513   41.798339999999996   50.45792993553683    0.0012071754508800308   0.6720781459801308    8840332  165676   200      0.9525685441121489   0.0287062666300856   1.0574979771923956   8359668 
7     226215   62.562344086021504   54.14032214540278    0.0008653819311974838   0.4750657560285569    4039702  107467   93       0.6518471381389501   0.028242432659683223 0.6943099167488499   5818298 
round 7, total revenue = 12880034
8     246513   42.097010000000004   50.563942105579244   0.0012011290613176387   0.6754613346963446    8780598  166510   200      0.9541151650998047   0.028697248962849035 1.0429004340213237   8419402 
8     226215   62.94769892473118    54.20245359011157    0.0008610712467015416   0.47744402448997636   4003864  108005   93       0.6519362803532662   0.028242271592422666 0.6839376468192745   5854136 
round 8, total revenue = 12784462
9     246513   42.36328             50.65166524185015    0.0011956502244833296   0.6785565061477488    8727344  167273   200      0.955579978261203    0.028688234970964985 1.0300599953544674   8472656 
9     226215   63.29440860215054    54.2638531670308     0.0008573245941535994   0.47953053511040383   3971620  108477   93       0.6520356395803556   0.028242122808735014 0.6747134911439628   5886380 
round 9, total revenue = 12698964
10    246513   42.590625            50.73090621054387    0.0011911284751173262   0.6811324352062569    8681875  167908   200      0.9569872650849336   0.02867920038604005  1.0192237141389684   8518125 
10    226215   63.60181720430108    54.30911828707317    0.0008538925564441343   0.4814579050902902    3943031  108913   93       0.6521292059078582   0.02824198367145727  0.6666190473694791   5914969 
round 10, total revenue = 12624906
11    246513   42.77567500000001    50.785877534059544   0.0011872606927666141   0.6833513851196489    8644865  168455   200      0.9583328478996963   0.028670123312386834 1.0104884376459284   8555135 
11    226215   63.86916129032259    54.346786220778625   0.0008509080927764308   0.48314656410936496   3918168  109295   93       0.6522367534107346   0.028241852062511844 0.6596428989910825   5939832 
round 11, total revenue = 12563033
12    246513   42.932775            50.83147843383337    0.0011839784042339068   0.6852458085374807    8613445  168922   200      0.9596040171702682   0.028660984095257448 1.0031316401047918   8586555 
12    226215   64.78004347826088    54.35757022984312    0.0008391098139365195   0.4846716619145503    3792236  109640   92       0.6523476251091547   0.028241726287767402 0.6363064040790877   5959764 
round 12, total revenue = 12405681
13    246513   42.85814925373135    50.869155456875276   0.0011869190887295832   0.6869657989639492    8671512  169346   201      0.9608086182887623   0.028651765147519135 1.0066195460484708   8614488 
13    226215   63.58134042553192    54.36625944893708    0.0008550662676357417   0.48596688990562076   3987354  109933   94       0.6524476931720584   0.028241604998565248 0.6671557927305716   5976646 
round 13, total revenue = 12658866
14    246513   42.99120895522388    50.901145701410776   0.001183989632727594    0.688665506484445     8644767  169765   201      0.9619218598161017   0.028642450756847303 1.0004089694144342   8641233 
14    226215   63.78968085106383    54.399909276479924   0.0008528010886822408   0.48725769732334284   3967770  110225   94       0.6525562428221208   0.028241487127189293 0.6617107749369187   5996230 
round 14, total revenue = 12612537
15    246513   42.900094059405944   50.93376004325875    0.0011872645307660207   0.6901826678511884    8706181  170139   202      0.96295719659976     0.028633026888467302 1.0046576093961805   8665819 
15    226215   63.973414893617026   54.41442183272556    0.0008505786649534444   0.4885308224476715    3950499  110513   94       0.6526557731475101   0.028241371833913814 0.656938279381678    6013501 
round 15, total revenue = 12656680
16    246513   43.00560891089109    50.95511068357519    0.0011848480227115423   0.6915903015256802    8684867  170486   202      0.9639441273140819   0.02862348099322999  0.9997391544483087   8687133 
16    226215   64.1542340425532     54.43129857118358    0.0008484443682248558   0.48975974183851645   3933502  110791   94       0.6527668159442301   0.028241258463621077 0.6522681874697579   6030498 
round 16, total revenue = 12618369
17    246513   43.1070099009901     50.97807518251167    0.0011825936268741474   0.692908690413893     8664384  170811   202      0.9648724333358399   0.028613801827006048 0.9950351508380709   8707616 
17    226215   64.30063829787234    54.43415767575065    0.0008465570345287199   0.4908516234555622    3919740  111038   94       0.6528750967255355   0.028241146510307815 0.6485061860343533   6044260 
round 17, total revenue = 12584124
18    246513   43.18072277227723    50.99180974762798    0.0011808929187346908   0.6939066093877402    8649494  171057   202      0.9657454685701627   0.028603979284701653 0.9916294697876963   8722506 
18    226215   63.79076842105264    54.44854447439353    0.0008535489667565139   0.49200981367283336   4009877  111300   95       0.6529908569468135   0.02824103558808379  0.6616824443992309   6060123 
round 18, total revenue = 12659371
19    246513   43.249465346534656   51.004110036896925   0.0011793003596282286   0.6948436796436699    8635608  171288   202      0.966576903612807    0.028594004250359503 0.9884638876094388   8736392 
19    226215   63.98443157894737    54.46801017939389    0.0008512697360167745   0.49332714453064563   3991479  111598   95       0.6531052728243055   0.02824092540750675  0.6566529917392734   6078521 
round 19, total revenue = 12627087
20    246513   43.310202970297034   51.01438534292745    0.0011778837743594529   0.6956793353697371    8623339  171494   202      0.967351616470475    0.028583868463588465 0.985675293624933    8748661 
20    226215   64.17082105263158    54.48704014872546    0.0008490937041936291   0.49459142850827753   3973772  111884   95       0.6532103516231387   0.028240815756299727 0.6518411056804306   6096228 
round 20, total revenue = 12597111
