Max revenue's round: 20
This round's info:
round bids     cpc                  cpm                  ctr                     winrate               revenue  imps     clks     auc                  rmse                 roi                  cost    
20    246513   24.979516666666665   43.616259894459105   0.0017460810181592426   0.4181848421787086    10983687 103088   180      0.9168446920132862   0.02929371012897927  2.442820817856764    4496313 
20    226215   46.156950617283954   53.84323919524173    0.0011665250514855193   0.30695135159030124   4847287  69437    81       0.6869915654676189   0.029240889430078496 1.2965121955068495   3738713 
round 20, total revenue = 15830974


all rounds' info:
round bids     cpc                  cpm                  ctr                     winrate               revenue  imps     clks     auc                  rmse                 roi                  cost    
1     246513   28.177876470588235   44.53343559708083    0.0015804397341142565   0.43634615618648914   9829761  107565   170      0.8846108146172711   0.02936745804264897  2.052039783401204    4790239 
1     226215   49.12552808988764    57.395662675908426   0.0011683469859273261   0.33674159538492143   5061828  76176    89       0.6857037095859673   0.02924029040635547  1.1577376187396105   4372172 
round 1, total revenue = 14891589
2     246513   27.643187134502927   44.34860724103314    0.0016043232289115934   0.43237881977826725   9979015  106587   171      0.8867775413674529   0.029365614500469928 2.111073972098494    4726985 
2     226215   49.15428735632184    56.87942913385827    0.00115716109810598     0.33235638662334505   4945577  75184    87       0.6857641227297692   0.029240577574834344 1.156475166277985    4276423 
round 2, total revenue = 14924592
3     246513   27.369035087719297   44.223275283712404   0.0016158141908172619   0.4293039312328356    10025895 105829   171      0.8888664270753882   0.029363381568220208 2.142237193396302    4680105 
3     226215   49.424564705882354   56.48825483051189    0.0011429186107488134   0.3287624604911257    4808912  74371    85       0.6858303057963275   0.029240806653625537 1.1446825203375888   4201088 
round 3, total revenue = 14834807
4     246513   26.9804011627907     44.11286228956549    0.0016349965303852699   0.42674828508030005   10151371 105199   172      0.8908828159950689   0.02936081437198138  2.187498936027853    4640629 
4     226215   49.874216867469876   56.15323051045185    0.0011258969872081823   0.3258802466679928    4658440  73719    83       0.685898769464766    0.029240986905322713 1.1253466552000695   4139560 
round 4, total revenue = 14809811
5     246513   26.330137142857144   44.014347394161696   0.0016716338071221153   0.4246753720899101    10442226 104688   175      0.8928345828753106   0.029357956441700268 2.266219219953062    4607774 
5     226215   49.25273493975904    55.89249384741591    0.0011348099535138092   0.3233207346992905    4710023  73140    83       0.6859670050730164   0.029241125995022745 1.152164750437686    4087977 
round 5, total revenue = 15152249
6     246513   26.168548571428573   43.931390418449375   0.001678785902035648    0.4228661368771627    10470504 104242   175      0.8947339836201448   0.02935484252329504  2.286387847046924    4579496 
6     226215   48.659373493975906   55.632927434018406   0.0011433136811945562   0.32091594279778085   4759272  72596    83       0.6860272585746868   0.029241230274818317 1.1784086474751456   4038728 
round 6, total revenue = 15229776
7     246513   25.88625             43.854728168797166   0.0016941321423071      0.42143010713430934   10580020 103888   176      0.8965750696783079   0.02935150060012632  2.3222270510406102   4555980 
7     226215   48.196409638554215   55.41735817690656    0.001149823370506338    0.31909908715160357   4797698  72185    83       0.6860986870255691   0.02924130502072641  1.1993339502867533   4000302 
round 7, total revenue = 15377718
8     246513   25.799136363636364   43.80877401179002    0.0016980713382924735   0.42045247106643463   10595352 103647   176      0.8983707956725516   0.029347953372306994 2.3334449179940835   4540648 
8     226215   48.43871951219512    55.279950453710406   0.0011412347603407004   0.3176270362265986    4720025  71852    82       0.6861616088314392   0.029241354626739668 1.1883320010825849   3971975 
round 8, total revenue = 15315377
9     246513   25.58075141242938    43.762859793934005   0.001710773037443699    0.41970200354545195   10694207 103462   177      0.9001359291174409   0.029344219357510908 2.3619028078359587   4527793 
9     226215   48.13854878048781    55.15693206271134    0.0011457954894782438   0.3163627522489667    4744639  71566    82       0.6862270621053961   0.02924138276265424  1.2019774730509827   3947361 
round 9, total revenue = 15438846
10    246513   25.530706214689264   43.731346894536166   0.0017128921748891942   0.41918276115255587   10703065 103334   177      0.9018404439923127   0.02934031372303939  2.368492797528621    4518935 
10    226215   47.7800243902439     54.98585342577259    0.0011508125859600864   0.31498353336427737   4774038  71254    82       0.68629294869371     0.02924139250218876  1.218500332570862    3917962 
round 10, total revenue = 15477103
11    246513   25.347904494382025   43.711751598527414   0.0017244720015500872   0.41872031089638273   10796073 103220   178      0.9034998442990312   0.029336248924006346 2.392785388593388    4511927 
11    226215   47.41285365853659    54.8001860570011     0.0011558086431934147   0.31362199677298147   4804146  70946    82       0.6863613211380732   0.029241386427068503 1.235680660847861    3887854 
round 11, total revenue = 15600219
12    246513   25.31659550561798    43.690352229429045   0.0017257593826047332   0.4184079541444062    10801646 103143   178      0.9051297095766198   0.029332035199515744 2.3969812402665216   4506354 
12    226215   47.69834567901235    54.647326732673264   0.0011456859971711456   0.3125345357292841    4722434  70700    81       0.6864316549000533   0.029241366711772528 1.222299295521288    3863566 
round 12, total revenue = 15524080
13    246513   25.303533707865167   43.68644700724546    0.0017264958922976945   0.4182294645718481    10803971 103099   178      0.9067431832907272   0.02932768096331246  2.398734777240555    4504029 
13    226215   47.43520987654321    54.513946823302405   0.0011492295905337533   0.3115708507393409    4743748  70482    81       0.6865014641236011   0.0292413351927392   1.234626984383117    3842252 
round 13, total revenue = 15547719
14    246513   25.133011173184357   43.65741207980747    0.0017370545765080351   0.4180225789309286    10895191 103048   179      0.9083150171459908   0.02932319311492779  2.4217945238395315   4498809 
14    226215   47.21008641975309    54.40110679584027    0.001152319576629252    0.31073536237650023   4761983  70293    81       0.6865730066045774   0.02924129342506321  1.2452829053845733   3824017 
round 14, total revenue = 15657174
15    246513   25.118162011173183   43.6477138141928     0.0017376953693816134   0.41786842884553754   10897849 103010   179      0.9098304058592663   0.029318577290128513 2.423817394033252    4496151 
15    226215   47.01460493827161    54.31725859363857    0.0011553273427471118   0.3099263974537497    4777817  70110    81       0.6866370459053686   0.029241242729096447 1.2546185411782995   3808183 
round 15, total revenue = 15675666
16    246513   25.116776536312848   43.64318788525943    0.001737611027520264    0.41788871175151004   10898097 103015   179      0.9113051555810536   0.029313838064443914 2.424006256362737    4495903 
16    226215   46.81030864197531    54.20105782288614    0.0011578872132084912   0.30924120858475346   4794365  69955    81       0.6867027500455323   0.029241184228871918 1.2644584724004289   3791635 
round 16, total revenue = 15692462
17    246513   25.109430167597765   43.63169339494428    0.0017376616316545645   0.41787654200792657   10899412 103012   179      0.9127296542078824   0.029308979119983817 2.425008031881899    4494588 
17    226215   46.604975308641976   54.08546212587934    0.0011605083313036377   0.30854275799571207   4810997  69797    81       0.6867745205866966   0.029241118883879404 1.2744352785944806   3775003 
round 17, total revenue = 15710409
18    246513   24.970644444444446   43.62488959633508    0.0017470470052702585   0.41795361705062206   10985284 103031   180      0.9141200289231781   0.029304003383213994 2.444044073084929    4494716 
18    226215   46.45608641975309    54.019480612699006   0.0011628073902869695   0.30793271887363793   4823057  69659    81       0.6868496436126248   0.02924104751541562  1.2817247032442427   3762943 
round 18, total revenue = 15808341
19    246513   24.97445             43.620530386097016   0.0017466062470283435   0.4180590881616791    10984599 103057   180      0.915495352859563    0.029298913139511995 2.4435192767007883   4495401 
19    226215   46.29838271604938    53.92667740358345    0.001164763739898191    0.3074155117918794    4835831  69542    81       0.6869210264514697   0.029240970828490153 1.2894968200099781   3750169 
round 19, total revenue = 15820430
20    246513   24.979516666666665   43.616259894459105   0.0017460810181592426   0.4181848421787086    10983687 103088   180      0.9168446920132862   0.02929371012897927  2.442820817856764    4496313 
20    226215   46.156950617283954   53.84323919524173    0.0011665250514855193   0.30695135159030124   4847287  69437    81       0.6869915654676189   0.029240889430078496 1.2965121955068495   3738713 
round 20, total revenue = 15830974
