Max revenue's round: 1
This round's info:
round bids     cpc                  cpm                  ctr                     winrate               revenue  imps     clks     auc                  rmse                 roi                  cost    
1     246513   27.232432584269663   43.93880584838789    0.0016134734094143453   0.4475260939585336    10460627 110321   178      0.9519516076357777   0.027759494146266998 2.157999188426391    4847373 
1     226214   46.13218055555556    48.44262462444944    0.0010500831315812503   0.30310237209014473   4310483  68566    72       0.7043181549580888   0.027780626355636773 1.2977452772332643   3321517 
round 1, total revenue = 14771110


all rounds' info:
round bids     cpc                  cpm                  ctr                     winrate               revenue  imps     clks     auc                  rmse                 roi                  cost    
1     246513   27.232432584269663   43.93880584838789    0.0016134734094143453   0.4475260939585336    10460627 110321   178      0.9519516076357777   0.027759494146266998 2.157999188426391    4847373 
1     226214   46.13218055555556    48.44262462444944    0.0010500831315812503   0.30310237209014473   4310483  68566    72       0.7043181549580888   0.027780626355636773 1.2977452772332643   3321517 
round 1, total revenue = 14771110
2     246513   28.71813888888889    44.788890429237355   0.0015596028211482143   0.4681862619821267    10310735 115414   180      0.9528735953540759   0.027734800490202667 1.994623026677874    5169265 
2     226214   47.10794594594595    49.00317692372572    0.001040231662402654    0.31447213700301485   4358012  71138    74       0.7043307950018739   0.027779973429165283 1.2501511766535054   3485988 
round 2, total revenue = 14668747
3     246513   30.505027777777777   45.62067962778332    0.0014955134596211367   0.4882501125701281    9989095  120360   180      0.953592196658235    0.02770922033808597  1.8192073984161081   5490905 
3     226214   49.39805405405406    49.58433032202056    0.0010037709231979599   0.325894949030564     4188544  73722    74       0.7042683026254002   0.027779387995688447 1.1458335157091208   3655456 
round 3, total revenue = 14177639
4     246513   32.26587222222222    46.38900470451042    0.0014377111638271872   0.507879908970318     9672143  125199   180      0.9541199466302666   0.027682783335024934 1.6653548804662375   5807857 
4     226214   51.025013333333334   50.14381928247595    0.0009827301554023952   0.33737080817279214   4123124  76318    75       0.7041523934238908   0.02777886751511738  1.0774124899787711   3826876 
round 4, total revenue = 13795267
5     246513   33.91137777777778    47.090415355181136   0.001388631734863914    0.5258302807559845    9375952  129624   180      0.9544857659435257   0.027655511907756437 1.5360219972057887   6104048 
5     226214   51.81258441558442    50.69209168763182    0.0009783741200985999   0.34790950162235756   4172431  78702    77       0.7039988168919017   0.02777840935787974  1.0458350262898073   3989569 
round 5, total revenue = 13548383
6     246513   35.47282777777778    47.74341623173668    0.0013459151475272548   0.5425190557901611    9094891  133738   180      0.9547067516965155   0.027627421314147346 1.4243908757078383   6385109 
6     226214   53.219589743589744   51.17583677494915    0.0009615977316156075   0.3585763922657307    4116872  81115    78       0.7037863883160491   0.02777801101379295  0.9917477851803173   4151128 
round 6, total revenue = 13211763
7     246513   36.781193370165745   48.38083195255952    0.0013153687392808348   0.5582017986881016    8908604  137604   181      0.9547929696228714   0.027598520164016684 1.3381514333832627   6657396 
7     226214   53.7557125           51.56732418010672    0.0009592901253072726   0.36865534405474465   4179543  83395    80       0.7035086865540902   0.02777767025870445  0.9718834533167057   4300457 
round 7, total revenue = 13088147
8     246513   37.99164285714286    48.956916083718035   0.0012886232971763573   0.5729353015865289    8737521  141236   182      0.9547169220635565   0.0275688113054765   1.2636557287974988   6914479 
8     226214   54.92277777777778    51.94037430969866    0.0009456982405342612   0.37862820161440053   4137255  85651    81       0.7031745090764994   0.027777385280861037 0.9299825006827769   4448745 
round 8, total revenue = 12874776
9     246513   39.412434065934065   49.554154692163145   0.0012573228694594894   0.5871982410663941    8478937  144752   182      0.9545514757223503   0.02753829297114934  1.1820524927774927   7173063 
9     226214   56.75869135802469    52.324065327491034   0.0009218687759631253   0.38841539427267985   3988546  87865    81       0.7027799374697035   0.027777154771506427 0.8675553904400131   4597454 
round 9, total revenue = 12467483
10    246513   40.81510439560439    50.1461447068195     0.0012286173329552972   0.6009175986661961    8223651  148134   182      0.954277712879489    0.02750696008858167  1.1070630903313778   7428349 
10    226214   57.77692682926829    52.69623829332859    0.0009120637109870309   0.3974378243610033    3954292  89906    82       0.7022907930553071   0.027776977985385712 0.8346424051461171   4737708 
round 10, total revenue = 12177943
11    246513   42.18628021978022    50.722417107636204   0.00120234390999597     0.6140487519927955    7974097  151371   182      0.9539249936686326   0.027474805674498785 1.0385774605383788   7677903 
11    226214   58.08423809523809    53.02536570521877    0.0009129045580020432   0.40675643417295126   4024924  92014    84       0.7017586219318664   0.027776854776996623 0.8249357050392329   4879076 
round 11, total revenue = 11999021
12    246513   43.52773626373626    51.280702208642964   0.0011781155330001813   0.6266768892512768    7729952  154484   182      0.9535034047500972   0.027441822249569328 0.9757517248065147   7922048 
12    226214   59.740071428571426   53.35806564802705    0.0008931704360585664   0.41574349951815537   3885834  94047    84       0.7011516975894805   0.027776785617921823 0.7743534191575169   5018166 
round 12, total revenue = 11615786
13    246513   44.596792349726776   51.82018655034256    0.0011619711602567765   0.638875028903141     7576787  157491   183      0.9530250835989522   0.02740800322644126  0.9283898116615753   8161213 
13    226214   61.47301190476191    53.7200565941554     0.0008738803408133329   0.42492065035762594   3740267  96123    84       0.700504805428646    0.027776771599703848 0.7243339266379575   5163733 
round 13, total revenue = 11317054
14    246513   45.60702173913043    52.33359526036794    0.0011474898659183037   0.650472794538219     7432308  160350   184      0.9525005981891808   0.02737334423741077  0.8856745457292761   8391692 
14    226214   61.65086046511628    54.065364142516266   0.0008769604144147819   0.4335098623427374    3814026  98066    86       0.6997780787512649   0.027776814425710825 0.7193596196435517   5301974 
round 14, total revenue = 11246334
15    246513   46.78516847826087    52.80525447329518    0.001128675094925256    0.66131603607112      7215529  163023   184      0.9519380262197085   0.02733784437847825  0.8381893834572945   8608471 
15    226214   61.09301123595505    54.37386747734955    0.0008900178003560072   0.44205044780605973   3996722  99998    89       0.699012395458938    0.02777691639443809  0.735059344032069    5437278 
round 15, total revenue = 11212251
16    246513   47.94867391304348    53.27598263295511    0.001111104401543469    0.6717739023905432    7001444  165601   184      0.9513524139742853   0.02730150735365583  0.7935845349125582   8822556 
16    226214   61.919444444444444   54.675006131959776   0.0008830022075055188   0.4505689303049325    3967250  101925   90       0.6981681922146179   0.027777080375787567 0.7119016643488404   5572750 
round 16, total revenue = 10968694
17    246513   48.995597826086964   53.69860321053102    0.0010959883253417518   0.6810391338387833    6808810  167885   184      0.9507344700064784   0.02726434250754868  0.7552597338492034   9015190 
17    226214   61.35350537634409    54.99904573714396    0.0008964287435539062   0.458614409364584     4152124  103745   93       0.6972441544537511   0.027777309781107516 0.727692645266038    5705876 
round 17, total revenue = 10960934
18    246513   50.022766304347826   54.09519359616334    0.001081411477067024    0.6902191770819389    6619811  170148   184      0.9501020029219507   0.027226365735973763 0.7192171955617165   9204189 
18    226214   62.14864893617021    55.32695330997254    0.0008902358177857752   0.46677040324648345   4122027  105590   94       0.6962544137452893   0.027777608527174875 0.7055881634509437   5841973 
round 18, total revenue = 10741838
19    246513   50.733789189189196   54.49006949322775    0.0010740390253531267   0.6987339410091963    6524249  172247   185      0.9494657062547716   0.027187600264353646 0.6951227451058525   9385751 
19    226214   62.901526315789475   55.657290550924415   0.0008848321147487542   0.4746169556260886    4094355  107365   95       0.6952367132599746   0.027777980993860762 0.685173734383485    5975645 
round 19, total revenue = 10618604
20    246513   51.719124324324326   54.891244858268934   0.0010613336087063779   0.7070986114322572    6341962  174309   185      0.9488114754218431   0.027148077282467053 0.6628278441201843   9568038 
20    226214   64.2604105263158     55.95852200854309    0.000870808660421288    0.48226016073275746   3965261  109094   95       0.6941631690612176   0.027778431974926292 0.6495381702641178   6104739 
round 20, total revenue = 10307223
