Max revenue's round: 1
This round's info:
round bids     cpc                  cpm                  ctr                     winrate               revenue  imps     clks     auc                  rmse                 roi                  cost    
1     246512   45.36221243523316    52.45443216200833    0.0011563464246128036   0.6770664308431232    7843093  166905   193      0.9729077903885165   0.027696837652527385 0.8958510924216556   8754907 
1     226214   48.918055555555554   57.84175261118045    0.0011824213361361097   0.4710627989425942    7192325  106561   126      0.7151545227693824   0.03003982356500015  1.1668890718605378   6163675 
round 1, total revenue = 15035418


all rounds' info:
round bids     cpc                  cpm                  ctr                     winrate               revenue  imps     clks     auc                  rmse                 roi                  cost    
1     246512   45.36221243523316    52.45443216200833    0.0011563464246128036   0.6770664308431232    7843093  166905   193      0.9729077903885165   0.027696837652527385 0.8958510924216556   8754907 
1     226214   48.918055555555554   57.84175261118045    0.0011824213361361097   0.4710627989425942    7192325  106561   126      0.7151545227693824   0.03003982356500015  1.1668890718605378   6163675 
round 1, total revenue = 15035418
2     246512   46.75976683937824    52.94189941512234    0.001132210509025419    0.6914998052833128    7573365  170463   193      0.973934672258377    0.027668073105480074 0.839187956078002    9024635 
2     226214   50.43157480314961    58.38424444626758    0.0011576922726319724   0.48494346061693794   7057190  109701   127      0.7157590529796515   0.030038766972327973 1.1018578224802922   6404810 
round 2, total revenue = 14630555
3     246512   47.976590673575124   53.37123325571208    0.001112443225047841    0.7037872395664309    7338518  173492   193      0.9747193188514738   0.027640392108575936 0.7925408786366235   9259482 
3     226214   51.7628828125        58.882619553335765   0.0011375452129786798   0.49741837375228765   6942351  112523   128      0.7162942572220035   0.0300378705772844   1.0477993929349412   6625649 
round 3, total revenue = 14280869
4     246512   48.95066321243523    53.72677900172313    0.0010975699914127944   0.713324300642565     7150522  175843   193      0.9753101147645576   0.027613862605445568 0.7568709871565724   9447478 
4     226214   52.84980620155039    59.30225983786229    0.0011220903935144915   0.5082090409965785    6856375  114964   129      0.716790891880088    0.030037114417697058 1.00568379751013     6817625 
round 4, total revenue = 14006897
5     246512   49.79899481865285    54.029535438028425   0.0010849523295556754   0.7216200428376712    6986794  177888   193      0.9757663540301361   0.027588489768131202 0.7269424877585602   9611206 
5     226214   53.729076923076924   59.633224905873014   0.001109887389117981    0.5177796246032518    6795220  117129   130      0.7172327046332818   0.030036479005335372 0.9728609920426986   6984780 
round 5, total revenue = 13782014
6     246512   50.46029015544042    54.257771934125195   0.0010752568359592629   0.7281268254689427    6859164  179492   193      0.9761230551042054   0.027564229874616094 0.7043104535285326   9738836 
6     226214   53.61906015037594    59.91107433295248    0.0011173465958733786   0.5261920128727665    6966665  119032   133      0.7176183357256763   0.03003594613559994  0.9769089518301973   7131335 
round 6, total revenue = 13825829
7     246512   51.05542487046632    54.47552838022368    0.0010669880530508671   0.733769552800675     6744303  180883   193      0.9763883376049812   0.027541004350654562 0.6844439198810355   9853697 
7     226214   54.22191791044776    60.168246975330625   0.0011096665203673493   0.5338175356078757    6938263  120757   134      0.7179809804681856   0.030035499363144837 0.9549290044492389   7265737 
round 7, total revenue = 13682566
8     246512   51.535020725388605   54.64557121979628    0.001060357994439988    0.7383575647432985    6651741  182014   193      0.97659572098202     0.027518712453244804 0.6687681267901832   9946259 
8     226214   54.705844444444445   60.36938733804717    0.0011035271999019086   0.5407932311881669    6924711  122335   135      0.7183310420726824   0.030035124211207916 0.9376357512888122   7385289 
round 8, total revenue = 13576452
9     246512   51.90859585492228    54.783150054956174   0.0010553772290059222   0.7418421821250081    6579641  182873   193      0.9767566143398911   0.02749724178595389  0.6567583573317746   10018359
9     226214   55.48208888888889    60.546464254534875   0.0010912794645455428   0.5468627052260249    6819918  123708   135      0.7186700745459198   0.030034808189697036 0.9105264802174395   7490082 
round 9, total revenue = 13399559
10    246512   52.22232124352332    54.89152846989625    0.0010511123818860114   0.7448521775816187    6519092  183615   193      0.9768870903587549   0.027476476400049788 0.6468053880440222   10078908
10    226214   56.14051111111111    60.67398109083923    0.0010807522035336595   0.5521895196583766    6731031  124913   135      0.7189845666625191   0.030034540689971957 0.8881196109919436   7578969 
round 10, total revenue = 13250123
11    246512   52.4660518134715     54.97913974524645    0.0010478993147932977   0.7471360420588045    6472052  184178   193      0.9769885231278477   0.027456302608084186 0.639155168483978    10125948
11    226214   56.77091111111111    60.79509614164234    0.0010708846300291916   0.5572776220746727    6645927  126064   135      0.7193066993123197   0.03003431281045306  0.8671534052454876   7664073 
round 11, total revenue = 13117979
12    246512   52.63774611398964    55.03892621085708    0.0010456170766063495   0.7487667943142727    6438915  184580   193      0.9770741122316531   0.02743661283696125  0.6338085565776839   10159085
12    226214   56.48556934306569    60.90160231690618    0.0010781798435458739   0.5617070561503709    6783477  127066   137      0.7196086298743337   0.030034117152123965 0.8765854931231709   7738523 
round 12, total revenue = 13222392
13    246512   52.74819170984456    55.07980847265054    0.001044202780933831    0.7497809437268774    6417599  184830   193      0.9771434204599597   0.027417307920301278 0.6303876438658949   10180401
13    226214   56.53152173913043    60.980919401865066   0.0010787064902173828   0.5655308690001503    6826650  127931   138      0.7199078193411033   0.030033947609697197 0.8750600857543887   7801350 
round 13, total revenue = 13244249
14    246512   52.84440932642487    55.11557063881068    0.0010429782703853616   0.7506612254170182    6399029  185047   193      0.9772045882505168   0.02739829822225562  0.6274190798267786   10198971
14    226214   56.933637681159425   61.04819773269411    0.0010722694038026712   0.5689258843396077    6771158  128699   138      0.7202014187002481   0.030033799173849834 0.861816745201189    7856842 
round 14, total revenue = 13170187
15    246512   52.89989119170985    55.14006340496546    0.0010423473879206519   0.7511155643538652    6388321  185159   193      0.9772544718537078   0.02737950393517007  0.6257122285627198   10209679
15    226214   56.91238848920864    61.11668907121556    0.0010738732057046618   0.5721927024852573    6823178  129438   139      0.7204783988205088   0.03003366775256206  0.8625118856169435   7910822 
round 15, total revenue = 13211499
16    246512   52.93294300518135    55.152472831514906   0.0010419309734226623   0.7514157525799962    6381942  185233   193      0.9772953405987261   0.027360854827971258 0.6246971189865993   10216058
16    226214   57.26026618705036    61.174557668362716   0.0010683596452123654   0.5751456585357229    6774823  130106   139      0.7207581416194413   0.03003355001473262  0.8511964239518734   7959177 
round 16, total revenue = 13156765
17    246512   52.96539378238342    55.17496532107022    0.001041717268217908    0.751569903290712     6375679  185271   193      0.977334252307559    0.02734228965660228  0.6237017014042114   10222321
17    226214   57.56301438848921    61.216634532990575   0.0010634716611580364   0.577789173083894     6732741  130704   139      0.7210352944071189   0.03003344325628043  0.8414602002009933   8001259 
round 17, total revenue = 13108420
18    246512   52.98382383419689    55.18641963982147    0.0010415710993702003   0.7516753748296229    6372122  185297   193      0.977367501103175    0.027323755390145876 0.6231369081461758   10225878
18    226214   57.84169784172662    61.25991283411051    0.0010590960348663557   0.58017629324445      6694004  131244   139      0.72129839638374     0.030033345287294948 0.8325879764119286   8039996 
round 18, total revenue = 13066126
19    246512   52.97707253886011    55.19100389726759    0.0010417903680272917   0.7515171675212565    6373425  185258   193      0.9773974187733693   0.027305206359347342 0.6233437575644953   10224575
19    226214   57.672242857142855   61.286853950494525   0.0010626750567392575   0.5823821690965192    6765886  131743   140      0.721544037367819    0.03003325433801056  0.837972562686135    8074114 
round 19, total revenue = 13139311
20    246512   52.952290155440416   55.18514398647883    0.0010421672759475353   0.7512453754786785    6378208  185191   193      0.9774216318912787   0.027286603398130257 0.6241035042591865   10219792
20    226214   57.91563571428572    61.327642934400316   0.0010589134035745892   0.5844510065690011    6731811  132211   140      0.7217909086072442   0.030033168981119584 0.830248406888394    8108189 
round 20, total revenue = 13110019
