Max revenue's round: 20
This round's info:
round bids     cpc                  cpm                  ctr                     winrate               revenue  imps     clks     auc                  rmse                 roi                  cost    
20    246513   61.5737264957265     45.60323850760252    0.0007406282046412701   0.6408343576200849    2857874  157974   117      0.6026652793056717   0.02727199579717479  0.39669961352702604  7204126 
20    226215   71.51926436781609    45.80147367336273    0.0006404075052815217   0.6005393099485004    2999824  135851   87       0.6844648109824489   0.02487225129124071  0.4821181528777071   6222176 
round 20, total revenue = 5857698


all rounds' info:
round bids     cpc                  cpm                  ctr                     winrate               revenue  imps     clks     auc                  rmse                 roi                  cost    
1     246513   86.20275000000001    63.04853408689509    0.0007313981756602323   0.9761554157387237    -35684   240635   176      0.5978763771288194   0.028232966615188693 -0.002352013131831641 15171684
1     226215   108.57556115107914   67.80850346860285    0.0006245282340677905   0.9838781689985191    -358003  222568   139      0.6472927599879938   0.025497363001820008 -0.023721370847858962 15092003
round 1, total revenue = -393687
2     246513   79.01211515151516    58.24196978225713    0.0007371270807087142   0.9080332477394701    1153001  223842   165      0.5979104511052856   0.02757928552295296  0.08844067564935765  13036999
2     226215   99.08814285714286    62.52329669182706    0.0006309866638833671   0.9317728709413611    919277   210781   133      0.6515059003807206   0.02505190070882109  0.06975463404155319  13178723
round 2, total revenue = 2072278
3     246513   72.45867948717948    54.72259526241643    0.0007552248488340006   0.8379314681173001    2112446  206561   156      0.5980882968535478   0.02742745300278867  0.18688334660054706  11303554
3     226215   95.10051239669423    58.65375048422941    0.0006167553571064489   0.8672634440686957    1318838  196188   121      0.6545750462078008   0.024958722227045132 0.11461018798553457  11507162
round 3, total revenue = 3431284
4     246513   67.49486092715232    52.50786454335159    0.0007779535185652683   0.7873783532714299    2794276  194099   151      0.5983007046170017   0.027366494473909833 0.2741710823409268   10191724
4     226215   89.23059130434783    55.81553139295175    0.0006255201335893433   0.8127091483765444    1928482  183847   115      0.6571920664760431   0.02492368792027252  0.18793340322552668  10261518
round 4, total revenue = 4722758
5     246513   66.07029370629371    50.97603901954754    0.0007715424914887533   0.75185892833238      2849948  185343   143      0.5985435482500595   0.02733530743447295  0.30164397909749013  9448052 
5     226215   84.90585454545455    53.681051131138496   0.0006322420452455398   0.7691090334416374    2320356  173984   110      0.6595905751883857   0.02490656717725504  0.24844158942246622  9339644 
round 5, total revenue = 5170304
6     246513   65.93744444444444    49.863906518706905   0.0007562304990561123   0.7241687050987169    2708445  178517   135      0.5987986815855668   0.027316985760097136 0.30426650175166026  8901555 
6     226215   82.27542857142856    52.10383469439452    0.0006332854850966816   0.732939902305329     2491080  165802   105      0.6618356266093742   0.02489682217238276  0.2883554888805545   8638920 
round 6, total revenue = 5199525
7     246513   64.78641984732825    48.94193529784903    0.000755435096015224    0.7034517449384008    2778979  173410   131      0.5990476922534279   0.02730521597354272  0.3274386854940031   8487021 
7     226215   79.38298039215687    50.80096368609933    0.0006399478003362863   0.7045863448489269    2714936  159388   102      0.6639311069335398   0.02489068379859914  0.3352988194239295   8097064 
round 7, total revenue = 5493915
8     246513   63.28242635658915    48.20393618026359    0.0007617270537106145   0.6869901384511161    2930567  169352   129      0.5993143166825612   0.027297168290147597 0.3589870830078473   8163433 
8     226215   80.12138541666667    49.79802145580971    0.0006215322063745897   0.6827884976681475    2484347  154457   96       0.6659840918784853   0.024886523580073233 0.3229925999001775   7691653 
round 8, total revenue = 5414914
9     246513   63.921209677419355   47.676858206665905   0.0007458691480851013   0.6744025670045799    2737770  166249   124      0.5995761050915971   0.027291406497711317 0.34540632810301997  7926230 
9     226215   79.31013978494624    48.95070315040583    0.0006172061136588377   0.6660875715580311    2482157  150679   93       0.66797875231039     0.02488354155986406  0.3365251944760755   7375843 
round 9, total revenue = 5219927
10    246513   63.98018181818182    47.235132249305956   0.0007382775557521583   0.6648533748727248    2664398  163895   121      0.5998378713170546   0.02728713251334017  0.34416623329383245  7741602 
10    226215   77.40429347826087    48.23938843803769    0.0006232133421847692   0.6525738788320845    2630805  147622   92       0.6699170155289806   0.02488130631056322  0.36943307970080863  7121195 
round 10, total revenue = 5295203
11    246513   64.32127118644068    46.84435639164568    0.0007282871673332346   0.6572635114578136    2558090  162024   118      0.600118626685647    0.027283871073853383 0.33703825210048605  7589910 
11    226215   76.88108888888888    47.671953370445905   0.0006200738576861599   0.6416196980748403    2620702  145144   90       0.671722579422126    0.024879567994911686 0.37875258443847915  6919298 
round 11, total revenue = 5178792
12    246513   63.328449152542376   46.52473866728096    0.0007346577926646287   0.6515640148795399    2675243  160619   118      0.6004075677946794   0.027281323278758967 0.3579994639194075   7472757 
12    226215   75.9206179775281     47.20013272327198    0.0006217037476860745   0.6328271776849458    2677065  143155   89       0.673473736591839    0.024878173586580316 0.39619516837145835  6756935 
round 12, total revenue = 5352308
13    246513   63.678293103448276   46.28333865924798    0.0007268307048378102   0.6474181888987599    2589318  159597   116      0.6006759003593518   0.02727929267778632  0.35053871278065035  7386682 
13    226215   75.325625            46.84727375525637    0.0006219301035372274   0.6254890259266627    2699345  141495   88       0.6751176916636388   0.02487702500889907  0.4072236373743995   6628655 
round 13, total revenue = 5288663
14    246513   63.14473275862069    46.09713717518675    0.0007300234740306735   0.6445866952249982    2651211  158899   116      0.6009591402887282   0.027277645404777853 0.36195049441014615  7324789 
14    226215   74.18714772727272    46.586665810355655   0.000627961408917052    0.6194814667462369    2799531  140136   88       0.6766428176490102   0.02487605700904157  0.42881891604294975  6528469 
round 14, total revenue = 5450742
15    246513   62.81243965517241    45.98275230978947    0.0007320644216691069   0.6427896297558344    2689757  158456   116      0.601242513319575    0.02727628746695895  0.3691555442221732   7286243 
15    226215   73.24993181818182    46.3567154733481     0.000632856773005782    0.6146895652366112    2882006  139052   88       0.678093600417055    0.024875224791823126 0.44710032308438385  6445994 
round 15, total revenue = 5571763
16    246513   62.54872413793104    45.87800266833596    0.0007334762347376875   0.6415523724915116    2720348  158151   116      0.6015399285555674   0.027275151199521588 0.3749281249982772   7255652 
16    226215   72.49788636363637    46.18234595784109    0.0006370164466064397   0.6106756846362973    2948186  138144   88       0.6795021405664997   0.024874496777747983 0.46211159134106417  6379814 
round 16, total revenue = 5668534
17    246513   62.337284482758626   45.78052193071313    0.0007344003241491086   0.640745112833806     2744875  157952   116      0.6018168017979346   0.027274186863383697 0.3795916956213591   7231125 
17    226215   71.82707954545455    46.02824706533454    0.0006408202499198974   0.6070508144906395    3007217  137324   88       0.6808312190960648   0.024873850190259977 0.47576653082379194  6320783 
round 17, total revenue = 5752092
18    246513   61.65283760683761    45.69741084947197    0.0007412053138719425   0.6403353981331613    2848618  157851   117      0.6021013949255951   0.02727335725265747  0.3949074095895656   7213382 
18    226215   72.20762068965517    45.931921707404456   0.0006361090598015633   0.6045973962822978    2939937  136769   87       0.6821351163488728   0.02487326827347598  0.4679890984856408   6282063 
round 18, total revenue = 5788555
19    246513   61.60907692307692    45.649647887323944   0.0007409565305502077   0.6405503969364699    2853738  157904   117      0.6023728331912475   0.02727263412849709  0.39589820680768817  7208262 
19    226215   71.83344827586207    45.86190448234362    0.0006384477646989756   0.6023826890347678    2972490  136268   87       0.6833498838880903   0.024872738485027277 0.4756356898380833   6249510 
round 19, total revenue = 5826228
20    246513   61.5737264957265     45.60323850760252    0.0007406282046412701   0.6408343576200849    2857874  157974   117      0.6026652793056717   0.02727199579717479  0.39669961352702604  7204126 
20    226215   71.51926436781609    45.80147367336273    0.0006404075052815217   0.6005393099485004    2999824  135851   87       0.6844648109824489   0.02487225129124071  0.4821181528777071   6222176 
round 20, total revenue = 5857698
