Max revenue's round: 17
This round's info:
round bids     cpc                  cpm                  ctr                     winrate               revenue  imps     clks     auc                  rmse                 roi                  cost    
17    246513   76.62236363636363    49.17890750151176    0.000641834905210002    0.7647547999496984    1134694  188522   121      0.6357325710683429   0.02427612757825999  0.12238771970205707  9271306 
17    226215   96.06533644859813    55.50900489801649    0.0005778255398888631   0.8185885109298676    1063009  185177   107      0.6419344787602183   0.0242633876183743   0.10341569517864156  10278991
round 17, total revenue = 2197703


all rounds' info:
round bids     cpc                  cpm                  ctr                     winrate               revenue  imps     clks     auc                  rmse                 roi                  cost    
1     246513   93.21057037037038    55.977841836711995   0.000600552508307643    0.9118910564554404    -973427  224793   135      0.6330073514921328   0.02440843220765563  -0.07735786125671489 12583427
1     226215   103.66046721311476   60.835655976255644   0.0005868742213093067   0.9189532082311076    285423   207881   122      0.637153825948972    0.024336935591646503 0.022569190066213173 12646577
round 1, total revenue = -688004
2     246513   90.93327611940299    55.08840323521301    0.0006058112671853737   0.8972792509928482    -661059  221191   134      0.6332140789668161   0.024377249398551973 -0.05425160436235885 12185059
2     226215   102.80205000000001   60.13955256987135    0.0005850034368951917   0.9067789492297151    383754   205127   120      0.6375262372365659   0.024321368826271658 0.03110784269379842  12336246
round 2, total revenue = -277305
3     246513   90.33490076335877    54.332915524579555   0.0006014609532467414   0.8835355539058792    -567872  217803   131      0.6334285324784679   0.024355085857102853 -0.047986998676341944 11833872
3     226215   101.3273949579832    59.50845399899322    0.0005872888967852102   0.8957230952854586    556040   202626   119      0.637883549870421    0.024309849254511948 0.04611393635407648  12057960
round 3, total revenue = -11832
4     246513   88.00513740458015    53.69065870605987    0.0006100855051135411   0.871045340408011     -262673  214724   131      0.6336337763301101   0.02433873368836979  -0.02278432218521594 11528673
4     226215   100.11961016949152   58.97326411421155    0.0005890281036290122   0.8855734588776164    693886   200330   118      0.6382396319972532   0.024301049622028836 0.058733646890490473 11814114
round 4, total revenue = 431213
5     246513   86.4596076923077     53.09156137077537    0.0006140620202640467   0.8587985217818127    -59749   211705   130      0.6338468861831585   0.024326299843077916 -0.005315866039357285 11239749
5     226215   100.89955652173913   58.507243161477376   0.0005798562964830455   0.876710209314148     586551   198325   115      0.6385753276158433   0.024294151967252535 0.050549711555590064 11603449
round 5, total revenue = 526802
6     246513   85.15763565891473    52.566944845868946   0.0006172898582625922   0.8477362248644088    108665   208978   129      0.6340444039978322   0.02431660725161306  0.009891823963493147 10985335
6     226215   100.02771929824561   58.0458231314679     0.0005802973769540496   0.8684260548593152    680840   196451   114      0.6389142159013035   0.02428862803671842  0.059706256862132955 11403160
round 6, total revenue = 789505
7     246513   84.0270234375        52.09110590195376    0.0006199327760395982   0.8375785455533785    252541   206474   128      0.6342358193630162   0.02430889199691357  0.023480262441612207 10755459
7     226215   98.57478947368422    57.68335951215005    0.0005851735501555329   0.8611895762880446    846474   194814   114      0.6392395686095131   0.02428412328952018  0.07532565441895307  11237526
round 7, total revenue = 1099015
8     246513   83.64014285714286    51.65122650525645    0.0006175411081432107   0.8276845440199908    297342   204035   126      0.6344228118519646   0.024302640245123908 0.028214408324095913 10538658
8     226215   97.26942105263157    57.34305882352941    0.0005895281189398836   0.8548283712397498    995286   193375   114      0.639552017622457    0.024280391979294224 0.08975666610212871  11088714
round 8, total revenue = 1292628
9     246513   82.69023200000001    51.24555158377995    0.0006197292031274015   0.8182164835120257    413721   201701   125      0.6346079008245585   0.02429749573706402  0.04002610610646249  10336279
9     226215   97.81775             57.04163737940155    0.0005831419898679079   0.8490285790066971    916412   192063   112      0.6398534253291424   0.024277259037886762 0.08364790643824868  10955588
round 9, total revenue = 1330133
10    246513   81.95248387096774    50.901908926523106   0.0006211149012477397   0.8098599262513538    501892   199641   124      0.6347600701613734   0.024293204951942194 0.04938857174121747  10162108
10    226215   96.73845535714285    56.76633746365232    0.0005868021900296021   0.8437327321353579    1037293  190865   112      0.6401464522852943   0.024274596771041587 0.0957379835006152   10834707
round 10, total revenue = 1539185
11    246513   81.94101639344262    50.58445751065143    0.0006173276795563337   0.8016859151444345    495196   197626   122      0.6349098321098575   0.024289583358150693 0.04953543152391504  9996804 
11    226215   95.7739107142857     56.51837020722795    0.0005901228193117693   0.8389850363592158    1145322  189791   112      0.6404339253313704   0.02427231010769974  0.1067732246647098   10726678
round 11, total revenue = 1640518
12    246513   80.74663934426229    50.30301018714734    0.0006229734215027957   0.7944205782250835    640910   195835   122      0.6350489847539538   0.024286493956241967 0.0650598055646634   9851090 
12    226215   96.64086363636363    56.30350039987924    0.000582605517803895    0.8346351921844263    1029505  188807   110      0.6407107894114936   0.024270326978807415 0.09684450253727601  10630495
round 12, total revenue = 1670415
13    246513   80.26373553719007    50.029682211793556   0.000623316144918428    0.787475711220098     694088   194123   121      0.6352000623681535   0.024283833244043814 0.07146769863647859  9711912 
13    226215   96.74163302752294    56.10657486578378    0.0005799630739107069   0.8308158168114405    1009162  187943   109      0.6409753816783358   0.02426859187476707  0.09570199181817682  10544838
round 13, total revenue = 1703250
14    246513   79.2604132231405     49.791344346724536   0.0006281994039893258   0.781354330197596     815490   192614   121      0.635342882080521    0.024281521803735145 0.08503093161886073  9590510 
14    226215   95.97077064220184    55.90430739632321    0.0005825138948268491   0.8271776849457375    1093186  187120   109      0.641242534730063    0.024267061430100812 0.10450295741803649  10460814
round 14, total revenue = 1908676
15    246513   78.33342975206612    49.57578626385409    0.0006328815988367531   0.7755737019954323    927655   191189   121      0.6354774438910562   0.024279497846690704 0.09787098908089967  9478345 
15    226215   95.36411926605504    55.75174045031805    0.0005846196754019931   0.8241982185089406    1159311  186446   109      0.6414841131898845   0.024265701334307374 0.1115291664810751   10394689
round 15, total revenue = 2086966
16    246513   77.4232561983471     49.355225170168374   0.0006374728678903336   0.7699877896906046    1037786  189812   121      0.6356064071240779   0.024277712697628327 0.11077735841644949  9368214 
16    226215   96.59850467289719    55.62723011264255    0.0005758601574735346   0.8213823132860332    1005960  185809   107      0.6417242283440574   0.024264484130204367 0.09732547474661475  10336040
round 16, total revenue = 2043746
17    246513   76.62236363636363    49.17890750151176    0.000641834905210002    0.7647547999496984    1134694  188522   121      0.6357325710683429   0.02427612757825999  0.12238771970205707  9271306 
17    226215   96.06533644859813    55.50900489801649    0.0005778255398888631   0.8185885109298676    1063009  185177   107      0.6419344787602183   0.0242633876183743   0.10341569517864156  10278991
round 17, total revenue = 2197703
18    246513   77.7566186440678     48.994147581338474   0.0006300961697628596   0.7596881300377668    972719   187273   118      0.6358630739101809   0.02427471127897883  0.10601517272332041  9175281 
18    226215   96.45707547169812    55.38525291702328    0.0005741958549559603   0.8160643635479522    1011550  184606   106      0.6421512475379051   0.024262393683209274 0.09893441701020593  10224450
round 18, total revenue = 1984269
19    246513   77.04377118644068    48.820536366370234   0.000633672724148301    0.7554003237151793    1056835  186216   118      0.6359914492925637   0.024273438448289372 0.11624857760254048  9091165 
19    226215   95.97567924528302    55.273214276012325   0.0005759085500687287   0.8136374687797008    1062578  184057   106      0.6423742686215453   0.024261487417134648 0.1044464684547638   10173422
round 19, total revenue = 2119413
20    246513   77.08381196581198    48.68976947578686    0.0006316471413917832   0.7514005346574014    1043194  185230   117      0.6361186489736688   0.024272288318976223 0.11566874816910354  9018806 
20    226215   96.4488380952381     55.17848464044809    0.0005721010820883324   0.8113255089185067    1002872  183534   105      0.6425734777314479   0.02426065645894281  0.09902827336634829  10127128
round 20, total revenue = 2046066
