Max revenue's round: 5
This round's info:
round bids     cpc                  cpm                  ctr                     winrate               revenue  imps     clks     auc                  rmse                 roi                  cost    
5     246513   59.49754464285714    44.186520698366806   0.0007426612470078045   0.611768953361486     2968275  150809   112      0.6021933906968207   0.026942777739798262 0.445437799428998    6663725 
5     226215   68.00770093457943    49.09143897996357    0.0007218511772245834   0.6552615874278894    4065176  148230   107      0.6279245410999622   0.026497512650418352 0.5586470141369366   7276824 
round 5, total revenue = 7033451


all rounds' info:
round bids     cpc                  cpm                  ctr                     winrate               revenue  imps     clks     auc                  rmse                 roi                  cost    
1     246513   71.4833253968254     49.479212674555306   0.0006921783842578859   0.7384357011597765    1829101  182034   126      0.6021299804013199   0.026959050444424117 0.2030777740485377   9006899 
1     226215   76.15835384615384    55.48256325478439    0.0007285157891787385   0.788829211148686     3879414  178445   130      0.6284224418817133   0.026510875814507603 0.3918368064274175   9900586 
round 1, total revenue = 5708515
2     246513   69.47851694915255    47.71292971500736    0.0006867292482642627   0.6970382900698949    1949535  171829   118      0.6020867770347504   0.026951732221543165 0.23779268436225562  8198465 
2     226215   74.07608196721311    53.51272197582914    0.0007224021648379629   0.7465508476449395    3894718  168881   122      0.628122688695382    0.026504551033430794 0.4309612115678143   9037282 
round 2, total revenue = 5844253
3     246513   65.775               46.27621500587314    0.0007035532498042286   0.6630725357283389    2325875  163456   115      0.6021020853142436   0.026947391413884025 0.30748764728240213  7564125 
3     226215   69.30638333333333    51.80333239901585    0.0007474539848640568   0.7097009482129832    4403234  160545   120      0.6279562024259364   0.026501002881427097 0.529440650368184    8316766 
round 3, total revenue = 6729109
4     246513   61.875885964912285   45.0987539080232     0.0007288583137798976   0.634485808050691     2750149  156409   114      0.6021375551648026   0.026944630018980006 0.3898790887417384   7053851 
4     226215   69.77601801801802    50.36407145133077    0.0007217962973800745   0.6798090312313507    4020862  153783   111      0.6278952446357702   0.026498868090793156 0.5191465923525185   7745138 
round 4, total revenue = 6771011
5     246513   59.49754464285714    44.186520698366806   0.0007426612470078045   0.611768953361486     2968275  150809   112      0.6021933906968207   0.026942777739798262 0.445437799428998    6663725 
5     226215   68.00770093457943    49.09143897996357    0.0007218511772245834   0.6552615874278894    4065176  148230   107      0.6279245410999622   0.026497512650418352 0.5586470141369366   7276824 
round 5, total revenue = 7033451
6     246513   60.39112380952381    43.392443869625616   0.0007185235367781405   0.5928003796959999    2688932  146133   105      0.6022815437077687   0.026941482091156252 0.4240503334769474   6341068 
6     226215   65.82228571428571    48.078218042183764   0.0007304246201791975   0.6354662599739186    4218660  143752   105      0.6280147118886109   0.02649661322162345  0.6103968260858241   6911340 
round 6, total revenue = 6907592
7     246513   60.130663366336634   42.71484737656492    0.0007103671402447602   0.5767647142341378    2612803  142180   101      0.6023786322181541   0.026940544169073644 0.43021871347166907  6073197 
7     226215   65.51810891089109    47.274064495849345   0.0007215419565931789   0.6187830161571956    4088671  139978   101      0.6281469215731706   0.02649599299120878  0.6178733141423073   6617329 
round 7, total revenue = 6701474
8     246513   60.28603092783506    42.12556819409726    0.0006987616790450738   0.5631224316770312    2494255  138817   97       0.6025003046914592   0.026939845306479738 0.4265327917000485   5847745 
8     226215   64.39622222222222    46.61513713504384    0.0007238799967827556   0.6045708728422077    4118774  136763   99       0.628313658239746    0.026495549863925057 0.6460592926431157   6375226 
round 8, total revenue = 6613029
9     246513   59.648326315789475   41.6636594906182     0.0006984883242162226   0.5517274951016782    2503409  136008   95       0.6026218637701013   0.02693931143846799  0.4417839579387325   5666591 
9     226215   64.16409375          45.98477812947922    0.000716674629718108    0.5921446411599585    4016247  133952   96       0.6284978670616042   0.02649522227352674  0.6520142934302723   6159753 
round 9, total revenue = 6519656
10    246513   59.20856989247312    41.232520873113934   0.0006963944737728855   0.5417361356196225    2491603  133545   93       0.6027541499838548   0.02693889458013421  0.4524924374323174   5506397 
10    226215   63.016389473684214   45.50092726305389    0.000722049099338755    0.5816148354441572    4083443  131570   95       0.6287010782434275   0.026494971765707802 0.6821020830504078   5986557 
round 10, total revenue = 6575046
11    246513   59.01051648351648    40.85512671277171    0.000692336368962028    0.5331929756240036    2456043  131439   91       0.6028899287532261   0.026938562651222922 0.4573673494964671   5369957 
11    226215   62.811290322580646   45.105632171482405   0.0007181134464812442   0.5724907720531353    4016550  129506   93       0.6289338084646694   0.026494773620829522 0.6875946896746526   5841450 
round 11, total revenue = 6472593
12    246513   57.79091208791209    40.5544005490565     0.0007017435628523177   0.526045279559293     2567027  129677   91       0.6030355728582708   0.02693829362151818  0.4881232514409182   5258973 
12    226215   64.32130337078652    44.77938047559449    0.0006961827284105132   0.5651260968547621    3709404  127840   89       0.6291847620325837   0.026494611567421476 0.6479765559001893   5724596 
round 12, total revenue = 6276431
13    246513   58.0046404494382     40.268118033400675   0.0006942223539597975   0.5200577657162097    2491587  128201   89       0.6031784274546078   0.026938072007405993 0.4826399980009348   5162413 
13    226215   63.13485393258427    44.45940578391423    0.0007041974917909562   0.5586941626328935    3814998  126385   89       0.6294424485011005   0.026494474683737817 0.6789458341534671   5619002 
round 13, total revenue = 6306585
14    246513   57.71559090909091    39.99946446572581    0.0006930443548387097   0.5150884537529461    2489028  126976   88       0.6033335513534719   0.026937886703466394 0.49006531242936563  5078972 
14    226215   62.190168539325846   44.20619454183871    0.0007108228773151661   0.5534867272285215    3899075  125207   89       0.629692623055722    0.02649435552040724  0.7044494731184253   5534925 
round 14, total revenue = 6388103
15    246513   58.279360465116284   39.80008735011514    0.000682919082029699    0.5108452698234982    2383975  125930   86       0.6034815994253704   0.026937729600461664 0.4756510592026177   5012025 
15    226215   61.34060674157304    43.979908484516486   0.0007169787000934489   0.548734610879031     3974686  124132   89       0.629958850848557    0.026494248929890267 0.7280559425598161   5459314 
round 15, total revenue = 6358661
16    246513   58.241564705882354   39.611235577461635   0.0006801197010673878   0.5069834045263333    2359467  124978   85       0.6036424610941777   0.02693759468161416  0.4766086803178567   4950533 
16    226215   62.0437816091954     43.79596589018978    0.0007058880802278314   0.5448312446124263    3824191  123249   87       0.6302190969321788   0.026494151318250076 0.7084709740563254   5397809 
round 16, total revenue = 6183658
17    246513   57.672623529411766   39.46077807919246    0.0006842202706292412   0.5039450252116521    2407827  124229   85       0.6037983560767496   0.02693747741808635  0.49117544403267693  4902173 
17    226215   61.437862068965515   43.63199568993665    0.0007101808920525044   0.5415379174678956    3876906  122504   87       0.6304940608026552   0.026494060156367523 0.7253204527366591   5345094 
round 17, total revenue = 6284733
18    246513   57.16708235294118    39.326659112981545   0.0006879248947879573   0.501231172392531     2450798  123560   85       0.6039495338413443   0.02693737435635943  0.5043622389026017   4859202 
18    226215   61.62859302325582    43.49444426207983    0.000705751050420168    0.5386733859381562    3815941  121856   86       0.6307753680670878   0.026493973654501093 0.719980853043334    5300059 
round 18, total revenue = 6266739
19    246513   57.425785714285716   39.223987640266714   0.0006830378923402179   0.4988783552997205    2400234  122980   84       0.6041016868000403   0.026937282831458773 0.4975850818634237   4823766 
19    226215   61.11451162790698    43.34577003645241    0.000709254952413941    0.5360122007824415    3860152  121254   86       0.6310529471964759   0.0264938905419506   0.7344489414457952   5255848 
round 19, total revenue = 6260386
20    246513   57.08560714285715    39.13291604100019    0.0006855128288829406   0.4970772332493621    2428809  122536   84       0.6042552004946911   0.02693720076437387  0.5065093340390404   4795191 
20    226215   60.65310465116279    43.208805500331344   0.0007123923127899272   0.5336516146144155    3899833  120720   86       0.6313340597075852   0.026493809915673877 0.7476434324284479   5216167 
round 20, total revenue = 6328642
