Max revenue's round: 18
This round's info:
round bids     cpc                  cpm                  ctr                     winrate               revenue  imps     clks     auc                  rmse                 roi                  cost    
18    246513   48.78209302325582    42.28240274138279    0.0008667607337230397   0.40249398611837917   3200740  99220    86       0.6144520228163124   0.028327953967329483 0.7629419869090355   4195260 
18    226215   77.43904411764707    48.236250549611604   0.0006228931555034442   0.4825851512941228    1942145  109168   68       0.6174766883770231   0.024235815758318856 0.3688185489345985   5265855 
round 18, total revenue = 5142885


all rounds' info:
round bids     cpc                  cpm                  ctr                     winrate               revenue  imps     clks     auc                  rmse                 roi                  cost    
1     246513   58.70321428571428    50.13045831967244    0.0008539644537296135   0.5320327934023763    3057240  131153   112      0.5977611918876153   0.028334436607905293 0.46499644093472614  6574760 
1     226215   94.91537037037037    55.3247243890504     0.0005828847759131861   0.6143005547819552    897855   138964   81       0.6176019340377731   0.0242433453321936   0.11678434784983895  7688145 
round 1, total revenue = 3955095
2     246513   58.205682242990655   49.11368367926314    0.0008437953441423254   0.51440694811227      2973992  126808   107      0.5986939918643226   0.028333261309922978 0.4775189755697167   6228008 
2     226215   91.637325            54.35553973797184    0.0005931593893424087   0.5962071480671043    1149014  134871   80       0.6176677827919645   0.024241878953544134 0.1567338963681011   7330986 
round 2, total revenue = 4123006
3     246513   58.20605882352941    48.252354906088215   0.0008289919620289172   0.49912580675258506   2834982  123041   102      0.5996346039613807   0.02833236028428892  0.4775094163433562   5937018 
3     226215   87.81530000000001    53.499021437002625   0.0006092220995316606   0.5804875892403245    1454776  131315   80       0.6177115156766927   0.024240753420452964 0.2070789486570108   7025224 
round 3, total revenue = 4289758
4     246513   58.57261855670103    47.48072873140565    0.0008106301186695638   0.48541050573397754   2660456  119660   97       0.6005825975894791   0.028331652650169264 0.4682628524922099   5681544 
4     226215   85.77237974683545    52.795752041388766   0.0006155332543788568   0.5673540658223372    1597982  128344   79       0.6177419790397429   0.024239871782102667 0.23582906656977592  6776018 
round 4, total revenue = 4258438
5     246513   56.46486597938144    46.86963665303188    0.0008300672611203341   0.474043965226986     2864908  116858   97       0.6015486554643732   0.028331084435712754 0.5230710019112332   5477092 
5     226215   85.12053246753247    52.12566406871322    0.0006123747415301416   0.5558428928231992    1607719  125740   77       0.6177612348118019   0.024239168702658433 0.2452929619587564   6554281 
round 5, total revenue = 4472627
6     246513   55.061114583333335   46.23746501049685    0.0008397480755773268   0.4637483621553427    2970133  114320   96       0.6025287382482438   0.028330618641782192 0.561900819676318    5285867 
6     226215   83.68563157894738    51.53264894384171    0.0006157884928576637   0.545582742081648     1695892  123419   76       0.6177633965133285   0.024238598951469317 0.26664515759795276  6360108 
round 6, total revenue = 4666025
7     246513   54.00198947368421    45.74195532967768    0.0008470420400338817   0.45496586386924825   3039811  112155   95       0.6035052737963644   0.028330229310574422 0.5925339202902661   5130189 
7     226215   84.90536986301369    51.05175935687928    0.0006012783342119136   0.5366929690780894    1539908  121408   73       0.6177588070547029   0.02423813048202457  0.24844871615329361  6198092 
round 7, total revenue = 4579719
8     246513   53.03479787234043    45.24619489748686    0.0008531416487416161   0.4469581725913035    3098729  110181   94       0.6044870994417307   0.0283298978615157   0.6215768410583898   4985271 
8     226215   83.01594520547945    50.634281656013705   0.0006099344111626352   0.5290763211988595    1677836  119685   73       0.6177567451240161   0.02423774012611018  0.2768631343970229   6060164 
round 8, total revenue = 4776565
9     246513   52.81291304347827    44.807473463854585   0.0008484188976087498   0.4398834949880939    3053212  108437   92       0.6054786441029666   0.028329610759397696 0.6283896313236964   4858788 
9     226215   81.32606849315069    50.256522475239144   0.0006179632608143571   0.5222023296421546    1801197  118130   73       0.6177416132133308   0.024237410834575174 0.3033951101291385   5936803 
round 9, total revenue = 4854409
10    246513   53.33996629213483    44.40049944350396    0.000832405839934904    0.43372560473484156   2906743  106919   89       0.6064637914373009   0.02832935799113693  0.612299481574307    4747257 
10    226215   80.86897222222223    49.89901188649978    0.0006170353167019462   0.5158234423004664    1809434  116687   72       0.6177253838234087   0.024237129862723007 0.31076229964589497  5822566 
round 10, total revenue = 4716177
11    246513   52.82217045454546    44.04433474198867    0.0008338228884382876   0.42812346610523583   2919649  105538   88       0.6074517478542811   0.028329132047540485 0.6281042460003559   4648351 
11    226215   80.62984507042255    49.600310179609586   0.0006151606782363084   0.510209314148045     1801281  115417   71       0.6177081234681434   0.024236887549251632 0.31464967974847324  5724719 
round 11, total revenue = 4720930
12    246513   51.84920454545455    43.73531046910645    0.0008435097674596937   0.42320688969750075   3005270  104326   88       0.6084402168775837   0.02832892722853652  0.6586561115823202   4562730 
12    226215   81.64065217391304    49.32278852299691    0.000604144959767448    0.5048781026899188    1680795  114211   69       0.6176884353557791   0.02423667647764442  0.2983727735809366   5633205 
round 12, total revenue = 4686065
13    246513   50.91310227272727    43.417638964260796   0.0008527792852159082   0.41860672662293674   3087647  103192   88       0.6094404963505505   0.028328739160318438 0.6891526181084392   4480353 
13    226215   80.4728695652174     49.08053353133038    0.0006099016202169128   0.5001127246203833    1761372  113133   69       0.6176608986040264   0.024236490889588777 0.31721411915222847  5552628 
round 13, total revenue = 4849019
14    246513   50.088443181818185   43.12561639010645    0.0008609893550407013   0.41461505072754784   3160217  102208   88       0.6104435644019104   0.028328564454164228 0.7169629267139512   4407783 
14    226215   80.59386764705883    48.8735173988264     0.0006064173221324487   0.49569657184536836   1727617  112134   68       0.6176353905260138   0.02423632626786128  0.31523654459916395  5480383 
round 14, total revenue = 4887834
15    246513   49.962034482758625   42.888405411005536   0.0008584199153420359   0.41113044748147154   3135303  101349   87       0.6114503232187904   0.028328400461722785 0.7213070062164444   4346697 
15    226215   79.64108823529412    48.660251226481215   0.0006109943033766421   0.4919832902327432    1792406  111294   68       0.6175981094889185   0.024236179035260357 0.3309712655712374   5415594 
round 15, total revenue = 4927709
16    246513   49.89932558139535    42.66426071741032    0.0008550067605185716   0.4080271628676784    3104658  100584   86       0.6124488598302618   0.028328245097085286 0.723470187181539    4291342 
16    226215   78.89760294117647    48.52075570668885    0.0006149839018919799   0.48879163627522487   1842963  110572   68       0.6175607951948767   0.024236046334332143 0.3435135675671948   5365037 
round 16, total revenue = 4947621
17    246513   49.313511627906976   42.46822615208988    0.0008611884400472653   0.40509831124524875   3155038  99862    86       0.6134505540966779   0.028328096705798014 0.7439439447936577   4240962 
17    226215   78.13545588235294    48.36567293250194    0.000618997769787447    0.48562208518444844   1894789  109855   68       0.6175275049913688   0.024235925864200477 0.3566184365725359   5313211 
round 17, total revenue = 5049827
18    246513   48.78209302325582    42.28240274138279    0.0008667607337230397   0.40249398611837917   3200740  99220    86       0.6144520228163124   0.028327953967329483 0.7629419869090355   4195260 
18    226215   77.43904411764707    48.236250549611604   0.0006228931555034442   0.4825851512941228    1942145  109168   68       0.6174766883770231   0.024235815758318856 0.3688185489345985   5265855 
round 18, total revenue = 5142885
19    246513   49.457857142857144   42.116542649175805   0.0008515642424119543   0.40014928218795764   3069540  98642    84       0.6154685416575678   0.028327815821685587 0.7388541471093716   4154460 
19    226215   76.85825             48.12575738043058    0.0006261625444299158   0.4800654244855558    1981639  108598   68       0.6174302616796234   0.024235714491922637 0.37916228901907084  5226361 
round 19, total revenue = 5051179
20    246513   49.04092857142857    41.97468947738458    0.0008559113927920033   0.3981169350095127    3104562  98141    84       0.6164865368050314   0.028327681413660478 0.7536372679962655   4119438 
20    226215   76.31310294117648    48.0227560869525     0.0006292858530987702   0.477682735450788     2018709  108059   68       0.617379644606957    0.024235620811290184 0.3890144144932323   5189291 
round 20, total revenue = 5123271
