Max revenue's round: 20
This round's info:
round bids     cpc                  cpm                  ctr                     winrate               revenue  imps     clks     auc                  rmse                 roi                  cost    
20    246513   37.032019047619045   39.18692681353677    0.0010581903936468264   0.4025183256055462    5141638  99226    105      0.7259250860611957   0.028813167216428664 1.3223146404578585   3888362 
20    226215   55.56740506329114    46.09417657188458    0.0008295182494014869   0.4209977234047256    3984175  95236    79       0.6870314090179057   0.027627144612983243 0.9075931272886733   4389825 
round 20, total revenue = 9125813


all rounds' info:
round bids     cpc                  cpm                  ctr                     winrate               revenue  imps     clks     auc                  rmse                 roi                  cost    
1     246513   46.305231578947364   41.18101309667575    0.0008893382387358291   0.4333280597777805    3771003  106821   95       0.6717850385220645   0.028818547033530106 0.8572415484711629   4398997 
1     226215   59.0951914893617     49.9828859875649     0.0008458029279177951   0.49128926021705016   4409052  111137   94       0.6850520336570527   0.027626741361383322 0.793716160799345    5554948 
round 1, total revenue = 8180055
2     246513   45.06727083333334    40.924516165648235   0.0009080762027280123   0.428853650720246     3929542  105718   96       0.6747153375686281   0.028818295260988145 0.908258441431767    4326458 
2     226215   58.41464516129032    49.575313463890055   0.0008486795276596522   0.48441526866034523   4425438  109582   93       0.6851453970419227   0.02762681987156458  0.81461343653326     5432562 
round 2, total revenue = 8354980
3     246513   43.51586734693878    40.69853221865934    0.0009352572911894946   0.4250648038845822    4163445  104784   98       0.6776254952652975   0.028818044398366507 0.9762906094539758   4264555 
3     226215   60.46953409090909    49.21997354619703    0.0008139631681666405   0.47792144641159956   4006681  108113   88       0.685231370117774    0.02762689358145995  0.7529488459534187   5321319 
round 3, total revenue = 8170126
4     246513   42.95986734693877    40.49659968642087    0.0009426611902540376   0.4217262375615079    4217933  103961   98       0.6805250970725925   0.028817792729786275 1.0018683788167742   4210067 
4     226215   59.961080459770116   48.85430655840568    0.0008147669485573006   0.47202440156488296   4005386  106779   87       0.6853257563827848   0.027626961177046924 0.7678133747292785   5216614 
round 4, total revenue = 8223319
5     246513   42.01221212121212    40.300850742219296   0.0009592651447618309   0.4186554055972707    4354791  103204   99       0.6834423448412992   0.028817538975854626 1.0470238451590195   4159209 
5     226215   58.827574712643674   48.520577165555885   0.0008247930906987988   0.4662864973587074    4104001  105481   87       0.6854292718530544   0.027627021887053325 0.8018760847745379   5117999 
round 5, total revenue = 8458792
6     246513   41.59322222222222    40.14398385555794    0.000965156862362782    0.41609975944473515   4396271  102574   99       0.6863499081261335   0.028817282180134216 1.0676445681588078   4117729 
6     226215   59.212               48.24504898295662    0.0008147849926190066   0.4611630528479544    3976980  104322   85       0.6855181601373073   0.027627075315114803 0.7901776666891847   5033020 
round 6, total revenue = 8373251
7     246513   41.20661616161616    39.99387266916335    0.0009705692045254015   0.41377939500148064   4434545  102002   99       0.6892346762352272   0.02881702162708035  1.087043489877937    4079455 
7     226215   60.46101219512195    48.00676846804102    0.0007940119876443988   0.4565258714055213    3734197  103273   82       0.6856235167918305   0.02762712132316966  0.7531959216612681   4957803 
round 7, total revenue = 8168742
8     246513   40.46449             39.86020922810197    0.0009850663934749201   0.41180789654095323   4553551  101516   100      0.6921145922000493   0.028816756782079223 1.1253202499277761   4046449 
8     226215   59.59404878048781    47.77404974190521    0.0008016580635069608   0.4521716066573835    3805288  102288   82       0.6857293081704138   0.02762715994981703  0.7787010979979995   4886712 
round 8, total revenue = 8358839
9     246513   40.18927             39.74334961729396    0.0009889044916042008   0.4102096035503199    4581073  101122   100      0.6949956370310897   0.028816487247203777 1.1398746481336934   4018927 
9     226215   58.79579268292684    47.55533526661537    0.0008088220788700164   0.44816656720376635   3870745  101382   82       0.6858357899930919   0.027627191352806172 0.8028500877883455   4821255 
round 9, total revenue = 8451818
10    246513   39.93696             39.64241684285757    0.0009926247977526976   0.40867215927760403   4606304  100743   100      0.6978490543467885   0.028816212728276235 1.1533937485477113   3993696 
10    226215   58.030524390243905   47.339809785312085   0.000815774289182037    0.4443471918307805    3933497  100518   82       0.685933398330547    0.02762721576834925  0.826624886019826    4758503 
round 10, total revenue = 8539801
11    246513   39.73751             39.56224923588503    0.0009955895383451311   0.40745518491925375   4626249  100443   100      0.7006945497942888   0.02881593301014963  1.1642020348028852   3973751 
11    226215   58.071839506172836   47.15324391515297    0.000811981234211476    0.4409787149393276    3882181  99756    81       0.6860397011492008   0.027627233482267092 0.8253253367104474   4703819 
round 11, total revenue = 8508430
12    246513   39.56745             39.50029949086553    0.000998302885095338    0.406347738253155     4643255  100170   100      0.7035192305330982   0.0288156479380221   1.1735037259161254   3956745 
12    226215   57.513481481481485   47.00330938735976    0.0008172572443296473   0.4381318657029817    3927408  99112    81       0.6861548774530776   0.027627244809522014 0.8430461392626785   4658592 
round 12, total revenue = 8570663
13    246513   39.03679207920793    39.44254259161073    0.0010103940536809355   0.40549991278350433   4743284  99961    101      0.7063453570128536   0.028815357403218382 1.203049877292709    3942716 
13    226215   56.9569012345679     46.84526420535315    0.0008224686243450713   0.4353557456402095    3972491  98484    81       0.6862554777149451   0.027627250079734114 0.8610563022636349   4613509 
round 13, total revenue = 8715775
14    246513   38.51176470588235    39.38439943854021    0.001022658913174253    0.40460340833951963   4843800  99740    102      0.7091615811573612   0.02881506133230649  1.2330838552008554   3928200 
14    226215   56.459037037037035   46.70897168770683    0.0008273072680475549   0.4328094953915523    4012818  97908    81       0.6863619083936163   0.027627249626989613 0.8774673739203906   4573182 
round 14, total revenue = 8856618
15    246513   38.02268932038835    39.33012975014059    0.0010343857957740821   0.4039381290236215    4941663  99576    103      0.7119725372595169   0.028814759678723392 1.2618073980865283   3916337 
15    226215   56.6667625           46.57175290987354    0.0008218530732168357   0.4303030303030303    3946659  97341    80       0.6864721493008129   0.027627243782740778 0.8705850718046579   4533341 
round 15, total revenue = 8888322
16    246513   37.900213592233015   39.265351693338296   0.0010360192719701465   0.40330124577608484   4954278  99419    103      0.7147729770816391   0.028814452416301112 1.2691164995868045   3903722 
16    226215   56.228925000000004   46.451470998254834   0.000826113446028976    0.42808390248215195   3981686  96839    80       0.6865769433712585   0.027627232870939572 0.8851507475912086   4498314 
round 16, total revenue = 8935964
17    246513   37.83607766990291    39.23442297818361    0.001036957988100152    0.40293615346857975   4960884  99329    103      0.7175794771329334   0.028814139534241726 1.272962878189923    3897116 
17    226215   55.84205000000001    46.346277142056834   0.0008299530039111535   0.42610348562208517   4012636  96391    80       0.6866879258665572   0.027627217204787603 0.8982111151005381   4467364 
round 17, total revenue = 8973520
18    246513   37.43858653846154    39.22047846889952    0.001047595064215563    0.4027170980840767    5050387  99275    104      0.7203575772867363   0.028813821033203606 1.297095268584731    3893613 
18    226215   55.50575             46.25864655387949    0.0008334027835652971   0.42433967685608825   4039540  95992    80       0.6868003403940534   0.027627197084655993 0.909712056858974    4440460 
round 18, total revenue = 9089927
19    246513   37.04726666666667    39.196346341807484   0.0010580091291073426   0.40258728748585265   5140037  99243    105      0.7231516598096295   0.02881349692224449  1.321358840688202    3889963 
19    226215   55.85540506329114    46.163906470680544   0.0008264895119527122   0.42254050350330435   3961423  95585    79       0.6869118599014261   0.027627172796850254 0.8977572516015018   4412577 
round 19, total revenue = 9101460
20    246513   37.032019047619045   39.18692681353677    0.0010581903936468264   0.4025183256055462    5141638  99226    105      0.7259250860611957   0.028813167216428664 1.3223146404578585   3888362 
20    226215   55.56740506329114    46.09417657188458    0.0008295182494014869   0.4209977234047256    3984175  95236    79       0.6870314090179057   0.027627144612983243 0.9075931272886733   4389825 
round 20, total revenue = 9125813
