Max revenue's round: 18
This round's info:
round bids     cpc                  cpm                  ctr                     winrate               revenue  imps     clks     auc                  rmse                 roi                  cost    
18    246513   35.77026428571428    44.86464912516462    0.0012542442730310605   0.4527996495113848    7032163  111621   140      0.7648902404145883   0.02894481730265703  1.4042316073785948   5007837 
18    226215   69.81296875          49.69281416480376    0.0007117991836553113   0.39746701147138785   2315970  89913    64       0.6237711692069293   0.025473998362387815 0.518342535748417    4468030 
round 18, total revenue = 9348133


all rounds' info:
round bids     cpc                  cpm                  ctr                     winrate               revenue  imps     clks     auc                  rmse                 roi                  cost    
1     246513   41.436631067961166   42.62900148822901    0.0010287757568493493   0.4061408526122355    4590027  100119   103      0.7053635435062886   0.028955447473510084 1.0754583030398739   4267973 
1     226215   66.14565151515153    48.25588053234293    0.0007295397267542115   0.39992042967972946   2630387  90468    66       0.6274194905415853   0.025475830420772217 0.6025240899731606   4365613 
round 1, total revenue = 7220414
2     246513   40.53014018691589    42.85894293676991    0.0010574585416954915   0.41046922474676795   4865275  101186   107      0.7091587127139404   0.028954867839447927 1.1218776841971765   4336725 
2     226215   67.45653846153847    48.38155295883125    0.0007172255508843942   0.4006233008421192    2505325  90627    65       0.6271999129995081   0.025475705222043316 0.5713821434883999   4384675 
round 2, total revenue = 7370600
3     246513   39.95877272727273    43.03162171422977    0.0010769004846052181   0.4143594861122943    5064535  102145   110      0.7129186364975251   0.028954282787705    1.1522182522213236   4395465 
3     226215   67.79367692307693    48.532319349758254   0.0007158826833485687   0.401374798311341     2483411  90797    65       0.626999985194991    0.025475582940784468 0.5635676483556783   4406589 
round 3, total revenue = 7547946
4     246513   39.40785840707965    43.20701699914616    0.0010964061165877512   0.4180874842300406    5264912  103064   113      0.7166464922408483   0.02895369225158825  1.1823058515798475   4453088 
4     226215   69.160140625         48.679684578668365   0.0007038690803510547   0.40194505227327987   2357751  90926    64       0.6267930460752342   0.025475463378620986 0.5326747320360874   4426249 
round 4, total revenue = 7622663
5     246513   39.88701769911504    43.37047265309265    0.0010873330510757862   0.42157614405731136   5210767  103924   113      0.7203271971775731   0.02895309617020091  1.1560900002285215   4507233 
5     226215   69.41834375          48.81150089541744    0.0007031498917808369   0.40235616559467763   2341226  91019    64       0.6265812923184031   0.025475346355242918 0.5269739131452557   4442774 
round 5, total revenue = 7551993
6     246513   39.666791304347825   43.54618872607513    0.001097799627702735    0.4249471630299416    5328319  104755   115      0.7239813258485155   0.028952494486926987 1.1680604145708566   4561681 
6     226215   69.6585              48.935205207292846   0.000702501564163639    0.40272749375594014   2325856  91103    64       0.6263725176182616   0.025475231706945344 0.5217094826905546   4458144 
round 6, total revenue = 7654175
7     246513   39.41320512820513    43.69741966663192    0.001108699978205043    0.42808695687448534   5450655  105529   117      0.727598502722606    0.028951887147979024 1.1820098040810219   4611345 
7     226215   69.801703125         49.029347527849424   0.0007024090435164352   0.4027805406361205    2316691  91115    64       0.6261692797507559   0.02547511928516165  0.5185875881878778   4467309 
round 7, total revenue = 7767346
8     246513   38.20613114754098    43.85188112105219    0.001147770784529555    0.431186184907084     5830852  106293   122      0.731170195935922    0.028951274101053696 1.250947620629081    4661148 
8     226215   71.04080952380953    49.12379812969223    0.0006914870263862668   0.40274959662268195   2202429  91108    63       0.6259532229120394   0.0254750089550306   0.4921001141530321   4475571 
round 8, total revenue = 8033281
9     246513   38.25233333333334    43.98381819541562    0.0011498336013162323   0.4339406035381501    5872963  106972   123      0.7347021326247061   0.02895065529412522  1.2482288662129544   4705037 
9     226215   70.026328125         49.203326563100404   0.0007026403908437175   0.40264792343566963   2302315  91085    64       0.6257350596696027   0.025474900594026854 0.51371638122715     4481685 
round 9, total revenue = 8175278
10    246513   37.970632            44.11045436380703    0.0011616992407133763   0.43649219310949117   6003671  107601   125      0.7381937636115101   0.02895003067439391  1.2649083112443322   4746329 
10    226215   70.077984375         49.27640990144698    0.0007031653427381698   0.4023473244479809    2299009  91017    64       0.6255162344145684   0.02547479409067543  0.5126005826990512   4484991 
round 10, total revenue = 8302680
11    246513   37.97365873015873    44.21744233328405    0.0011644240721573266   0.43895453789455324   6051319  108208   126      0.741672037818242    0.028949400187397237 1.2647277843601277   4784681 
11    226215   70.15634375          49.3721932660377     0.0007037452442215918   0.4020157814468537    2293994  90942    64       0.6252953629387774   0.02547468934336269  0.5109111212768981   4490006 
round 11, total revenue = 8345313
12    246513   37.956102362204724   44.314744844958035   0.0011675262233744265   0.4412627325942242    6101575  108777   127      0.7451001015154513   0.02894876377628265  1.2657753206408149   4820425 
12    226215   69.13223076923077    49.45026466089291    0.0007152997105787325   0.40170192073911987   2396405  90871    65       0.6250700379236925   0.02547458625925063  0.5332934988578187   4493595 
round 12, total revenue = 8497980
13    246513   37.975125            44.44012104700171    0.0011702429168304702   0.4437047944733138    6147184  109379   128      0.7485040406319134   0.028948121381235523 1.2646403402227115   4860816 
13    226215   70.23621875          49.52370354864654    0.00070510207454251     0.4012421811108901    2288882  90767    64       0.6248478424227062   0.025474484753295838 0.5091928621228631   4495118 
round 13, total revenue = 8436066
14    246513   37.655269230769235   44.53771688002111    0.0011827751544431404   0.4458628956687883    6284815  109911   130      0.7518555725290613   0.028947472939051217 1.2838769116999664   4895185 
14    226215   70.2030625           49.566401164971424   0.0007060432892791739   0.4007072917357381    2291004  90646    64       0.6246149945371924   0.02547438474737152  0.509905639800258    4492996 
round 14, total revenue = 8575819
15    246513   37.02194736842105    44.622137439169165   0.0012052887708773235   0.4476315650695907    6514081  110347   133      0.7551686423913759   0.028946818382837865 1.3229464172745327   4923919 
15    226215   70.13771875          49.60070277019636    0.000707190134697621    0.4000574674535287    2295186  90499    64       0.6243994191621833   0.025474286169487874 0.5113123421910554   4488814 
round 15, total revenue = 8809267
16    246513   36.41813970588235    44.704596943795075   0.0012275365327508551   0.44943268711994905   6743133  110791   136      0.7584427991088105   0.02894615764183436  1.3614605439637284   4952867 
16    226215   70.03384375          49.63144315627457    0.0007086779833682136   0.3992175585173397    2301834  90309    64       0.6241948873609638   0.025474188953104656 0.5135539379844477   4482166 
round 16, total revenue = 9044967
17    246513   36.356043795620444   44.78996070249903    0.001231981151587637    0.45110399857208344   6801222  111203   137      0.7616900853582584   0.028945490641328158 1.365493904767488    4980778 
17    226215   69.94475             49.66840125600542    0.0007101090683147114   0.39841301416793756   2307536  90127    64       0.6239743769829535   0.025474093036528606 0.515481862470021    4476464 
round 17, total revenue = 9108758
18    246513   35.77026428571428    44.86464912516462    0.0012542442730310605   0.4527996495113848    7032163  111621   140      0.7648902404145883   0.02894481730265703  1.4042316073785948   5007837 
18    226215   69.81296875          49.69281416480376    0.0007117991836553113   0.39746701147138785   2315970  89913    64       0.6237711692069293   0.025473998362387815 0.518342535748417    4468030 
round 18, total revenue = 9348133
19    246513   35.93106428571429    44.927469053105405   0.00125037957951521     0.4541991700234876    7009651  111966   140      0.7680328495197698   0.028944137543280016 1.3934721030290345   5030349 
19    226215   69.71084375          49.72353609878965    0.0007132826605443239   0.3966403642552439    2322506  89726    64       0.623557850693049    0.025473904877175192 0.5205668773733642   4461494 
round 19, total revenue = 9332157
20    246513   36.09309285714286    44.991033905548825   0.0012465275304508869   0.4556027471167849    6986967  112312   140      0.7711180107412048   0.028943451276903683 1.3827273639416169   5053033 
20    226215   69.591796875         49.74506891236849    0.000714812250094936    0.39579161417235814   2330125  89534    64       0.6233577122481598   0.02547381253085301  0.5231680278409251   4453875 
round 20, total revenue = 9317092
