Max revenue's round: 20
This round's info:
round bids     cpc                  cpm                  ctr                     winrate               revenue  imps     clks     auc                  rmse                 roi                  cost    
20    246513   35.46219886363636    48.29530383106482    0.0013618812532402715   0.5242441575089346    8894653  129233   176      0.8216831865603038   0.03001887016708575  1.4251175267133842   6241347 
20    226215   64.14347692307692    47.90291485230419    0.0007468088284292887   0.384753442521495     2720674  87037    65       0.6933359085287043   0.026483225695629244 0.6525452795008114   4169326 
round 20, total revenue = 11615327


all rounds' info:
round bids     cpc                  cpm                  ctr                     winrate               revenue  imps     clks     auc                  rmse                 roi                  cost    
1     246513   34.61334722222222    45.07720691308005    0.001302307073155291    0.4485483524195479    7399678  110573   144      0.7502088937045485   0.030042633826016997 1.4845906825441855   4984322 
1     226215   64.4475294117647     48.55611323472384    0.000753420863110077    0.39897884755652807   2825568  90255    68       0.6918093206937315   0.02648419211386349  0.6447488517791035   4382432 
round 1, total revenue = 10225246
2     246513   35.0952275862069     45.36328546341115    0.0012925770420488683   0.4550632218179163    7381192  112179   145      0.7550238453447364   0.03004152728273318  1.4504756320144128   5088808 
2     226215   64.38789705882353    48.546147022951544   0.0007539638540858189   0.39869151028888444   2829623  90190    68       0.6919061965610792   0.026484113914447775 0.6462721232091252   4378377 
round 2, total revenue = 10210815
3     246513   35.526760273972606   45.6156240930797     0.0012839792804439402   0.4612697910455027    7369093  113709   146      0.7597454293463882   0.03004040671219594  1.420710454226382    5186907 
3     226215   64.34267647058824    48.547578891305314   0.0007545160001775332   0.3983997524478925    2832698  90124    68       0.6920010136075816   0.026484041184990433 0.6474291374629683   4375302 
round 3, total revenue = 10201791
4     246513   35.21977333333333    45.88337574583764    0.0013027731698208253   0.46707070215363894   7617034  115139   150      0.7643394885936899   0.0300392718240014   1.4418101498287137   5282966 
4     226215   65.21213432835822    48.52847813048404    0.0007441633160805918   0.3980019008465398    2732787  90034    67       0.6920969435302167   0.026483973343718    0.6254643570821564   4369213 
round 4, total revenue = 10349821
5     246513   35.38561184210526    46.1449823694438     0.001304060604500725    0.47283104744983023   7693387  116559   152      0.7687983577637432   0.0300381223092136   1.4303663416572265   5378613 
5     226215   65.07005970149254    48.500322616531314   0.0007453554344198465   0.3973653382843755    2742306  89890    67       0.6921894513587439   0.026483909855837363 0.6290134124092196   4359694 
round 5, total revenue = 10435693
6     246513   35.50487012987013    46.38246072410166    0.0013063689728886024   0.47820601753254394   7776250  117884   154      0.7731348548786866   0.03003695784148245  1.422202917104842    5467750 
6     226215   64.93707462686568    48.476161825494984   0.000746509788191775    0.39675087858895297   2751216  89751    67       0.6922775076827403   0.02648385022995     0.6323494800017652   4350784 
round 6, total revenue = 10527466
7     246513   35.1358417721519     46.60160670214731    0.001326326746470124    0.483244291376114     8036537  119126   158      0.7773118550136036   0.030035778078134377 1.4476430807518668   5551463 
7     226215   64.79592537313432    48.458259384522655   0.00074785967027202     0.39603474570651814   2760673  89589    67       0.6923684296627786   0.026483794014792228 0.6359053349356084   4341327 
round 7, total revenue = 10797210
8     246513   35.37836477987422    46.78510238368515    0.0013224212785069116   0.487738983339621     8048840  120234   159      0.7813474563417984   0.030034582661252272 1.4308641887519644   5625160 
8     226215   64.59762686567164    48.419674221913944   0.000749558096346184    0.3951373693168004    2773959  89386    67       0.6924565694524851   0.02648374079627284  0.6409271538786254   4328041 
round 8, total revenue = 10822799
9     246513   35.83379874213837    46.97712806305861    0.0013109725932522014   0.49199839359384695   7976426  121284   159      0.7852668761369395   0.030033371218751014 1.3999688288383794   5697574 
9     226215   64.3775223880597     48.36887019904682    0.0007513316512475469   0.39420462834029574   2788706  89175    67       0.6925468515287467   0.026483690194775592 0.6465374259208855   4313294 
round 9, total revenue = 10765132
10    246513   35.36291411042945    47.14245405697181    0.001333104333815868    0.4960022392328194    8253845  122271   163      0.7890907069885715   0.030032143365447937 1.431926275403767    5764155 
10    226215   64.20182089552239    48.34094152815706    0.0007529528112111303   0.39335587825741      2800478  88983    67       0.692636020728876    0.026483641862693835 0.6510435143653804   4301522 
round 10, total revenue = 11054323
11    246513   35.333830303030304   47.31633323864789    0.0013391226717526276   0.4998316518804282    8359918  123215   165      0.7927959529279984   0.03003089870412261  1.4339280305148367   5830082 
11    226215   64.98234848484849    48.30149899203766    0.0007433018368565089   0.39251596932122096   2707165  88793    66       0.6927103052107308   0.026483595482166458 0.6312122056455891   4288835 
round 11, total revenue = 11067083
12    246513   35.25116766467066    47.46005320864237    0.001346339890357949    0.5031783313658914    8475055  124040   167      0.7964111631863491   0.030029636826557942 1.4396354985480584   5886945 
12    226215   64.75812121212121    48.242406456346295   0.0007449630340312658   0.391640695798245     2721964  88595    66       0.6927929084416774   0.026483550762988303 0.6368603352896419   4274036 
round 12, total revenue = 11197019
13    246513   35.386029761904766   47.60147492152969    0.0013452053039523413   0.5066183122188282    8503147  124888   168      0.7999216625848671   0.030028357314552615 1.4303376382897945   5944853 
13    226215   64.55634848484848    48.20417699034948    0.0007466992499066626   0.3907300576884822    2735281  88389    66       0.6928756229602371   0.026483507440671548 0.6419763894309857   4260719 
round 13, total revenue = 11238428
14    246513   35.269788235294115   47.726371089707875   0.0013531799729364006   0.5096282954651479    8624136  125630   170      0.8033083697496861   0.030027059740895853 1.4383475008772715   5995864 
14    226215   64.35572727272728    48.160077101876524   0.0007483417427291796   0.3898724664588997    2748522  88195    66       0.6929525227010038   0.026483465274639018 0.6470950526406494   4247478 
round 14, total revenue = 11372658
15    246513   35.539288235294116   47.82874310277947    0.0013457991276055066   0.5124232799081591    8578321  126319   170      0.8066033297361546   0.030025743670295323 1.41985712911924     6041679 
15    226215   64.13822727272728    48.11077772852808    0.0007501108118244741   0.38895298720244015   2762877  87987    66       0.6930162626815017   0.026483424046533848 0.6526805386944816   4233123 
round 15, total revenue = 11341198
16    246513   35.60388888888889    47.936452321525586   0.0013463824828552756   0.5152142077699756    8617735  127007   171      0.8097732957993484   0.030024408660250836 1.415466475260193    6088265 
16    226215   63.97716666666667    48.08615093780961    0.0007516142624500347   0.3881749662931282    2773507  87811    66       0.6930781664163808   0.026483383558633066 0.6568411125844377   4222493 
round 16, total revenue = 11391242
17    246513   35.86350292397661    48.04238901379543    0.001339589975793374    0.5178266460592342    8573341  127651   171      0.8128690484275436   0.0300230542618679   1.3979810388935696   6132659 
17    226215   63.782045454545454   48.04015885514739    0.0007531925091581362   0.38736158079702937   2786385  87627    66       0.6931492513793545   0.026483343632355546 0.661909699580603    4209615 
round 17, total revenue = 11359726
18    246513   35.48318390804598    48.14130324602921    0.001356735725034893    0.5202524816135458    8789926  128249   174      0.8158770959241421   0.030021680020606678 1.4236832924257143   6174074 
18    226215   63.565045454545455   47.98514222969495    0.0007548982603026456   0.3864863072740534    2800707  87429    66       0.6932116837303964   0.026483304106856703 0.6675831699955164   4195293 
round 18, total revenue = 11590633
19    246513   35.480874285714286   48.21968967445328    0.0013590333001988072   0.5223578472534917    8840847  128768   175      0.8188013346765552   0.030020285476963792 1.4238410617357955   6209153 
19    226215   64.36070769230768    47.95330123796424    0.0007450710683172857   0.3856508189112128    2706554  87240    65       0.6932744777661817   0.026483264837704062 0.6469675956137596   4183446 
round 19, total revenue = 11547401
20    246513   35.46219886363636    48.29530383106482    0.0013618812532402715   0.5242441575089346    8894653  129233   176      0.8216831865603038   0.03001887016708575  1.4251175267133842   6241347 
20    226215   64.14347692307692    47.90291485230419    0.0007468088284292887   0.384753442521495     2720674  87037    65       0.6933359085287043   0.026483225695629244 0.6525452795008114   4169326 
round 20, total revenue = 11615327
