Max revenue's round: 19
This round's info:
round bids     cpc                  cpm                  ctr                     winrate               revenue  imps     clks     auc                  rmse                 roi                  cost    
19    246513   40.22960621761658    50.148320383395664   0.0012465526038740013   0.6280682966009906    8833686  154827   193      0.8878698188816214   0.029083352639634512 1.1377291026612268   7764314 
19    226215   46.83248598130841    51.07141328386959    0.0010905125408942203   0.4337422363680569    6330924  98119    107      0.6782082470139726   0.029471845896058047 1.2633861470071497   5011076 
round 19, total revenue = 15164610


all rounds' info:
round bids     cpc                  cpm                  ctr                     winrate               revenue  imps     clks     auc                  rmse                 roi                  cost    
1     246513   38.31503389830508    47.915449073027354   0.001250565227221343    0.5741522759448792    8440239  141536   177      0.8399077752276861   0.029127192736674242 1.2445497563243528   6781761 
1     226215   46.74421296296296    50.51506934299265    0.001080670015409554    0.44178325928872975   6399625  99938    108      0.679252209506875    0.029474633237356242 1.2676603857676976   5048375 
round 1, total revenue = 14839864
2     246513   38.69672471910113    48.16087847239216    0.0012445724753707497   0.580176299018713     8419983  143021   178      0.8432978311847023   0.029124917058432433 1.2224103105436586   6888017 
2     226215   46.97277777777778    50.641976541053154   0.0010781133017219865   0.44283093517229183   6374940  100175   108      0.6791177922893972   0.029474366421035993 1.2566261782829298   5073060 
round 2, total revenue = 14794923
3     246513   39.289511235955054   48.39647763053181    0.0012317912874987025   0.5861962655113523    8314467  144505   178      0.8465810114255322   0.02912263150437646  1.18887935468382     6993533 
3     226215   47.14331481481482    50.74579649766278    0.00107641553626424     0.4435293857613333    6356522  100333   108      0.6789980857281346   0.02947412128166378  1.2484630199718039   5091478 
round 3, total revenue = 14670989
4     246513   39.36307222222223    48.60071885696256    0.001234677989121115    0.5913968026027024    8394647  145787   180      0.8497530819085977   0.02912033449997621  1.1847888171556167   7085353 
4     226215   47.71080373831776    50.82590948009797    0.0010652914119591405   0.44401122825630485   6236944  100442   107      0.678883140478502    0.02947389562493851  1.2217190173819836   5105056 
round 4, total revenue = 14631591
5     246513   39.853277777777784   48.812550183040514   0.0012248064125420176   0.5961632855062411    8306410  146962   180      0.8528269767609118   0.029118024403064494 1.1579153534004591   7173590 
5     226215   47.77184112149533    50.87978778467909    0.0010650581302755215   0.44410848086996885   6230413  100464   107      0.6787702614584445   0.02947368744217333  1.218880359465661    5111587 
round 5, total revenue = 14536823
6     246513   39.60273224043716    48.985785450195      0.0012369294409484478   0.6001590179828244    8490700  147947   183      0.8558030053188455   0.029115699525261492 1.1715673423205883   7247300 
6     226215   47.35375             50.929166085761516   0.0010755043916429326   0.4439051344959441    6333795  100418   108      0.678669465389599    0.029473494904485545 1.23847108201568     5114205 
round 6, total revenue = 14824495
7     246513   39.98889617486339    49.151154902711454   0.0012291200709262729   0.6039722043056552    8420032  148887   183      0.8587093945262543   0.029113358148632865 1.1505969963246627   7317968 
7     226215   47.3437962962963     50.95448792689368    0.0010762653592035637   0.44359127378821034   6334870  100347   108      0.6785893989935575   0.029473316353980927 1.2389417049830533   5113130 
round 7, total revenue = 14754902
8     246513   40.34651912568306    49.29998998430875    0.0012219143324541783   0.6075338825944271    8354587  149765   183      0.8615325335828132   0.029110998538970295 1.1315345626744704   7383413 
8     226215   47.35666666666666    51.002393298763465   0.0010769844435580375   0.44329509537387      6333480  100280   108      0.6785125442369645   0.02947315029311738  1.2383332160202718   5114520 
round 8, total revenue = 14688067
9     246513   40.64825683060109    49.41758234457834    0.001215736816231083    0.6106209408834422    8299369  150526   183      0.86429229735036     0.02910861895665843  1.1157118830064296   7438631 
9     226215   47.32760185185185    51.02655459164828    0.0010781563526369908   0.4428132528788984    6336619  100171   108      0.6784565539072783   0.029472995373128814 1.2397078206457315   5111381 
round 9, total revenue = 14635988
10    246513   40.89561202185792    49.5189437048408     0.0012108620278961438   0.6130792290873098    8254103  151132   183      0.8669751330291395   0.029106217665759517 1.1029150989117034   7483897 
10    226215   47.28075925925926    51.05198856251624    0.0010797624522605027   0.44215458744999225   6341678  100022   108      0.6784083343975165   0.029472850382142465 1.2419267723422065   5106322 
round 10, total revenue = 14595781
11    246513   40.903489130434785   49.60939951222728    0.001212840287390416    0.6154239330177314    8297758  151710   184      0.8695819106276956   0.029103792941706657 1.1025101239104456   7526242 
11    226215   47.22969444444445    51.0811159958741     0.0010815466116546662   0.4414251928475123    6347193  99857    108      0.6783664707896002   0.02947271423342797  1.2443507468524098   5100807 
round 11, total revenue = 14644951
12    246513   40.67925268817204    49.69747385844149    0.0012216909253323525   0.6176063737003727    8429659  152248   186      0.8720854278789016   0.029101343077836243 1.1140998006830514   7566341 
12    226215   47.16023148148148    51.09553379747597    0.0010834453562328203   0.44065159251154873   6354695  99682    108      0.6783259996407455   0.02947258595406852  1.2476564823822645   5093305 
round 12, total revenue = 14784354
13    246513   40.88466666666667    49.78753437213565    0.0012177556632185413   0.6196022116480673    8391452  152740   186      0.8745366866169292   0.02909886639089263  1.1034780765405123   7604548 
13    226215   47.52302803738318    51.10927511759739    0.0010754633538374945   0.4398116835753597    6257036  99492    107      0.6782954553774591   0.029472464674234762 1.2304976003763253   5084964 
round 13, total revenue = 14648488
14    246513   41.05744623655914    49.85594907785213    0.0012142973722866002   0.6213668244676751    8359315  153175   186      0.8769244347312823   0.02909636122558528  1.0946261368643593   7636685 
14    226215   47.40791588785047    51.108763551364206   0.0010780639181074438   0.4387507459717525    6269353  99252    107      0.6782635186551109   0.02947234961716319  1.2359135181296865   5072647 
round 14, total revenue = 14628668
15    246513   40.769095744680854   49.918849037065016   0.0012244286542356765   0.6228515331848624    8503410  153541   188      0.8792286233584146   0.029093825958255534 1.1094409485699823   7664590 
15    226215   47.291943925233646   51.10061095682909    0.0010805352183791972   0.43774727582167405   6281762  99025    107      0.678248875375947    0.029472240089885356 1.2413965509132179   5060238 
round 15, total revenue = 14785172
16    246513   40.48714736842105    49.974715615640974   0.0012343353104353305   0.6244254866883288    8647442  153929   190      0.8814858508577221   0.029091258999704956 1.1241308807811394   7692558 
16    226215   47.182028037383176   51.09277401072766    0.0010828863475356744   0.43679685255177597   6293523  98810    107      0.6782344791459716   0.029472135474716363 1.2466181384999873   5048477 
round 16, total revenue = 14940965
17    246513   40.418942408376964   50.044521369349745   0.001238145245457433    0.6257803848072921    8705982  154263   191      0.8836713509859999   0.029088658797240888 1.1277152462597886   7720018 
17    226215   47.06651401869159    51.089190971341615   0.0010854679178290642   0.4357580178149106    6305883  98575    107      0.6782253607850199   0.029472035221486222 1.252131950071851    5036117 
round 17, total revenue = 15011865
18    246513   40.324703125         50.09441946232732    0.0012422762123515901   0.6269649065160864    8769657  154555   192      0.8857961631849892   0.029086023836002166 1.1326877406490516   7742343 
18    226215   46.941308411214955   51.0812789846229     0.0010881946139451632   0.43466613619786487   6319280  98328    107      0.6782178819323181   0.029471938840481805 1.2581390163098878   5022720 
round 18, total revenue = 15088937
19    246513   40.22960621761658    50.148320383395664   0.0012465526038740013   0.6280682966009906    8833686  154827   193      0.8878698188816214   0.029083352639634512 1.1377291026612268   7764314 
19    226215   46.83248598130841    51.07141328386959    0.0010905125408942203   0.4337422363680569    6330924  98119    107      0.6782082470139726   0.029471845896058047 1.2633861470071497   5011076 
round 19, total revenue = 15164610
20    246513   40.32322797927461    50.1953212677855     0.0012448239831787515   0.6289404615578084    8815617  155042   193      0.88988433333082     0.02908064377039066  1.1327657608215889   7782383 
20    226215   46.68102803738318    51.05193225605331    0.0010936334181665798   0.4325044758305152    6347130  97839    107      0.6782042043908906   0.029471756000872085 1.2707297687427301   4994870 
round 20, total revenue = 15162747
