Max revenue's round: 11
This round's info:
round bids     cpc                  cpm                  ctr                     winrate               revenue  imps     clks     auc                  rmse                 roi                  cost    
11    246513   42.972196629213485   51.295633629968414   0.0011936935426544257   0.6049052179803905    7658949  149117   178      0.9172500505861261   0.027627014316512412 1.0012940167348865   7649051 
11    226215   52.192735294117654   51.658926388107204   0.0009897723523589574   0.45555776584222973   5488341  103054   102      0.7174235585972153   0.029010014706038617 1.0309339873196235   5323659 
round 11, total revenue = 13147290


all rounds' info:
round bids     cpc                  cpm                  ctr                     winrate               revenue  imps     clks     auc                  rmse                 roi                  cost    
1     246513   42.91684883720931    50.91458249989654    0.0011863541681036266   0.5881312547411293    7410302  144982   172      0.8909224879528099   0.02765929780920224  1.0038749891962526   7381698 
1     226215   54.16933695652174    50.69919733053908    0.0009359390418832721   0.4345290984240656    4768421  98297    92       0.7139907349875091   0.02901240960796037  0.9568266099524056   4983579 
round 1, total revenue = 12178723
2     246513   42.84428323699422    50.958460808646095   0.0011893876372436457   0.5900419044837392    7465939  145453   173      0.8938536841977062   0.0276563287785126   1.0072689633827892   7412061 
2     226215   54.56344565217391    50.79367183389323    0.0009309102683450034   0.4368764228720465    4732163  98828    92       0.7143728933571989   0.029012152487165706 0.9426925615313804   5019837 
round 2, total revenue = 12198102
3     246513   43.03442196531792    51.0141565996752     0.0011854267879045355   0.5920134029442666    7433045  145939   173      0.8966970625005207   0.02765330769376691  0.9984002589673141   7444955 
3     226215   53.765957446808514   50.885000302047885   0.0009464167052616742   0.43906018610613795   4910000  99322    94       0.7147300810199835   0.02901190043213411  0.9715077166600712   5054000 
round 3, total revenue = 12343045
4     246513   42.94108045977011    51.04629300685924    0.0011887519470937065   0.5937699026014855    7492252  146372   174      0.8994755709074327   0.027650232351051064 1.0027442038998102   7471748 
4     226215   53.55424210526316    50.981041134325366   0.0009519515005761811   0.4411511172999138    4982347  99795    95       0.7150859251753463   0.029011652903844595 0.9793016544170761   5087653 
round 4, total revenue = 12474599
5     246513   43.104982758620686   51.091389023235536   0.0011852780294412163   0.5955101759339264    7463733  146801   174      0.9022048927200208   0.027647100619361667 0.9951289734085467   7500267 
5     226215   52.84217525773196    51.09442971351103    0.0009669251779341693   0.4434630771611078    5156309  100318   97       0.7154388506766551   0.029011409436124753 1.0059734385080958   5125691 
round 5, total revenue = 12620042
6     246513   43.261310344827585   51.133869072284      0.0011819768903139033   0.5971733742236718    7436532  147211   174      0.904873959886217    0.027643910434217184 0.9879194438289209   7527468 
6     226215   53.17994845360825    51.18428886110615    0.0009624734575618663   0.44551422319474837   5123545  100782   97       0.7157834603303027   0.029011169625590506 0.9932324697995815   5158455 
round 6, total revenue = 12560077
7     246513   42.9061875           51.16150297084708    0.0011924038455024017   0.5987554408895271    7584511  147601   176      0.9074963403849075   0.02764065979127005  1.0043729124150218   7551489 
7     226215   53.517463917525774   51.274090316463194   0.0009580814665560428   0.4475565280816922    5090806  101244   97       0.7161235066915009   0.029010933122947176 0.9806618670001545   5191194 
round 7, total revenue = 12675317
8     246513   42.820581920903955   51.196226771951395   0.0011955985760893795   0.6005484497774966    7642757  148043   177      0.9100318003511436   0.027637346740058792 1.00837999256654     7579243 
8     226215   53.31780612244898    51.36691177916282    0.0009634100784491064   0.4496695621422098    5162855  101722   98       0.7164518321086414   0.02901069962548141  0.9880787997270889   5225145 
round 8, total revenue = 12805612
9     246513   42.71130337078652    51.22950344669582    0.0011994366690700324   0.6020088190075168    7705388  148403   178      0.9124857669764795   0.027633969377998974 1.0135185117956829   7602612 
9     226215   53.085565656565656   51.44856583455702    0.0009691629955947136   0.45156156753530935   5238529  102150   99       0.7167805281485189   0.02901046887059066  0.9967763117711048   5255471 
round 9, total revenue = 12943917
10    246513   42.8462191011236     51.261792738173654   0.001196413448224872    0.6035300369554547    7681373  148778   178      0.914894286214271    0.027630525844680322 1.0071782716002762   7626627 
10    226215   53.43769696969697    51.55766494493714    0.0009648182438358834   0.45359503127555645   5203668  102610   99       0.71710167275013     0.029010240630213267 0.983618419411107    5290332 
round 10, total revenue = 12885041
11    246513   42.972196629213485   51.295633629968414   0.0011936935426544257   0.6049052179803905    7658949  149117   178      0.9172500505861261   0.027627014316512412 1.0012940167348865   7649051 
11    226215   52.192735294117654   51.658926388107204   0.0009897723523589574   0.45555776584222973   5488341  103054   102      0.7174235585972153   0.029010014706038617 1.0309339873196235   5323659 
round 11, total revenue = 13147290
12    246513   43.09172471910113    51.318206147217424   0.0011909062930699958   0.6063209648172713    7637673  149466   178      0.9195381246318216   0.027623433001741967 0.9957428151368253   7670327 
12    226215   52.51000980392157    51.761998183118465   0.000985754875620929    0.4574144066485423    5455979  103474   102      0.717737869842113    0.02900979092539107  1.0186627348921895   5356021 
round 12, total revenue = 13093652
13    246513   43.43657627118644    51.33729967948718    0.0011818910256410256   0.6075135996884545    7533726  149760   177      0.9217726959702248   0.027619780135850588 0.9798982190280939   7688274 
13    226215   52.29029126213592    51.85181619508814    0.0009916145988774537   0.45916937426784254   5532100  103871   103      0.7180489844659038   0.029009569137694872 1.0271449525613174   5385900 
round 13, total revenue = 13065826
14    246513   43.553909604519774   51.3658757604227     0.0011793631439022928   0.6088157622518894    7512958  150081   177      0.9239438930954372   0.027616053977330926 0.9745644140997026   7709042 
14    226215   52.095615384615385   51.956731045858184   0.0009973340493680354   0.4609685476206264    5606056  104278   104      0.7183533815525869   0.029009349211439453 1.034720181677773    5417944 
round 14, total revenue = 13119014
15    246513   43.67532768361582    51.395719756402414   0.0011767678110789033   0.6101584906272691    7491467  150412   177      0.9260584465796621   0.027612252803831328 0.9690750948220517   7730533 
15    226215   52.37140384615385    52.04163999273832    0.0009937033604372294   0.4626527860663528    5577374  104659   104      0.7186383904373403   0.029009131031574834 1.0240053199907613   5446626 
round 15, total revenue = 13068841
16    246513   43.79671751412429    51.4277876552383     0.0011742384035665003   0.6114728229342874    7469981  150736   177      0.9281104591596356   0.027608374908654573 0.963617478233735    7752019 
16    226215   52.15474285714286    52.13190411819584    0.0009995620966052967   0.4643635479521694    5653752  105046   105      0.7189227044044622   0.02900891449727677  1.0324134334310644   5476248 
round 16, total revenue = 13123733
17    246513   43.91700564971752    51.45638330266241    0.0011716733083552884   0.6128114947284727    7448690  151066   177      0.9300896960922298   0.027604418597591614 0.958239154234168    7773310 
17    226215   52.46027619047619    52.23739663151506    0.0009957514604354754   0.4661406184382114    5621671  105448   105      0.7192088946491898   0.029008699520029053 1.0205764760964713   5508329 
round 17, total revenue = 13070361
18    246513   43.79448314606742    51.49229143272343    0.0011757711870004624   0.614125827035491     7512582  151390   178      0.9320109646362916   0.02760038218607064  0.9637176608104915   7795418 
18    226215   52.74355238095238    52.33929364621826    0.0009923353904603492   0.4677452865636673    5591927  105811   105      0.7194851475717817   0.029008486021978006 1.0097243210770244   5538073 
round 18, total revenue = 13104509
19    246513   43.88091011235956    51.51156747916007    0.001173894692413211    0.6151075196845602    7497198  151632   178      0.9338795851488962   0.027596263996599483 0.9598499616300605   7810802 
19    226215   52.98354285714286    52.412990022893645   0.0009892315084367317   0.4692129169153239    5566728  106143   105      0.7197559338090028   0.029008273934520355 1.0006212171542215   5563272 
round 19, total revenue = 13063926
20    246513   43.980898876404495   51.53751456540773    0.0011718158537468483   0.616198740025881     7479400  151901   178      0.9356914124522423   0.027592062356480214 0.9553943233783818   7828600 
20    226215   52.73579245283019    52.50003756715128    0.0009955295089973328   0.47068496784032887   5646006  106476   106      0.7200190991161944   0.02900806319709103  1.0100200465331448   5589994 
round 20, total revenue = 13125406
