Max revenue's round: 20
round bids     cpc                  cpm                  ctr                     revenue  imps     clks     auc                  rmse                 roi                  cost    
1     206295   306.8898571428572    104.171204678476     0.0003394416669495347   -1182290 206221   70       0.5664929082313007   0.0197007710223563   -0.05503556650617788 21482290
1     206295   324.8498301886792    83.45835332897065    0.0002569136430839332   -1794041 206295   53       0.5177960018757961   0.019188934920985674 -0.10420147108902163 17217041
round 1, total revenue = -2976331
2     206295   301.5455571428572    103.20843438294543   0.0003422648151769998   -808189  204520   70       0.5670772907538576   0.018809893989963918 -0.03828793649706282 21108189
2     206295   323.89709433962264   83.29635596098792    0.00025716919792323744  -1743546 206090   53       0.5176557562987463   0.017094210666079745 -0.10156650033151689 17166546
round 2, total revenue = -2551735
3     206295   304.0259850746269    101.39799093031475   0.00033351751464739233  -939741  200889   67       0.5677673137869526   0.018615264688844016 -0.04613416537794958 20369741
3     206295   320.83377358490566   82.79258750724257    0.0002580544640987813   -1581190 205383   53       0.5175972977705436   0.016589320203467598 -0.09298825760003858 17004190
round 3, total revenue = -2520931
4     206295   297.0308333333333    99.57453346742653    0.00033523298692591353  -464035  196878   66       0.568513516789914    0.018540557986277968 -0.023670382143267953 19604035
4     206295   316.54764150943396   82.1006670026964     0.00025936275061537483  -1354025 204347   53       0.5175704928429014   0.01638665740026373  -0.080707097950918   16777025
round 4, total revenue = -1818060
5     206295   291.04424615384613   97.98352946051214    0.00033666197066379384  -67876   193072   65       0.5692767608194933   0.01850361059165303  -0.0035879292157322525 18917876
5     206295   318.03396153846154   81.38824583161086    0.0002559105494202642   -1405766 203196   52       0.5175636315133001   0.016283469365501603 -0.08500337953747804 16537766
round 5, total revenue = -1473642
6     206295   285.989765625        96.54172160978955    0.0003375705469697769   256655   189590   64       0.5700343937793326   0.018482463450947072 0.014022300295383166 18303345
6     206295   319.4001568627451    80.65141380283504    0.0002525089987275527   -1448408 201973   51       0.517589064175022    0.016223082702514578 -0.08891716629603728 16289408
round 6, total revenue = -1191753
7     206295   282.07528571428577   95.28855083809667    0.00033781247654080025  499257   186494   63       0.570791957466706    0.018469149415000958 0.028094323349338854 17770743
7     206295   314.74407843137254   79.95152686393952    0.0002540207500087164   -1210948 200771   51       0.517676065834366    0.016184351178911087 -0.07543931739624375 16051948
round 7, total revenue = -711691
8     206295   275.05590476190474   94.24846078538017    0.0003426520178396606   941478   183860   63       0.5715495904265452   0.01846018571069716  0.05433111952652396  17328522
8     206295   316.91206            79.35339336151118    0.0002503956250876385   -1295603 199684   50       0.5177257418606791   0.016157841396141626 -0.08176419666705016 15845603
round 8, total revenue = -354125
9     206295   268.79031746031745   93.29089446660349    0.00034707684171092354  1336210  181516   63       0.5723239873231386   0.018453843785685136 0.07890791134176106  16933790
9     206295   313.23594            78.82291037564923    0.0002516406973467005   -1111797 198696   50       0.5177584932739758   0.0161387960295979   -0.07098783108988069 15661797
round 9, total revenue = 224413
10    206295   267.6298064516129    92.44861937554322    0.0003454346905573756   1386952  179484   62       0.5730808582858529   0.018449182530647965 0.08358633085374068  16593048
10    206295   309.8369             78.32748517314431    0.0002528023136467745   -941845  197783   50       0.5178153965674689   0.01612459043670248  -0.060796180183832205 15491845
round 10, total revenue = 445107
11    206295   271.3703833333334    91.64873718753343    0.0003377256429451928   1117777  177659   60       0.573854631730253    0.018445652020460612 0.06865014685034102  16282223
11    206295   313.01008163265305   77.87229699883731    0.000248785267850343    -1078494 196957   49       0.5178980069758681   0.016113673431317883 -0.07031748472077642 15337494
round 11, total revenue = 39283
12    206295   271.2199322033898    90.91825185791232    0.00033521965409877047  1108024  176004   59       0.57459938001143     0.018442912445493922 0.06924294849586077  16001976
12    206295   310.04279591836735   77.44629211421115    0.0002497922645962796   -933097  196163   49       0.5179906806676824   0.016105076911072005 -0.06141989483084528 15192097
round 12, total revenue = 174927
13    206295   267.04822033898307   90.27016574902171    0.000338029460126847    1354155  174541   59       0.5753405953968447   0.018440744090655364 0.08594619964844792  15755845
13    206295   320.5638510638298    77.07478041119506    0.0002404350339422649   -1389501 195479   47       0.5180452053669138   0.01609816933990406  -0.09222453176089127 15066501
round 13, total revenue = -35346
14    206295   268.0520862068966    89.71781658279858    0.0003347029223027561   1272979  173288   58       0.5760949032783195   0.018438999452674503 0.08187928735672255  15547021
14    206295   318.16257446808515   76.73649612562221    0.00024118643198029456  -1276641 194870   47       0.5181559014844807   0.01609252334752084  -0.08537325458060682 14953641
round 14, total revenue = -3662
15    206295   269.44154385964913   89.203508160539      0.00033106813033629553  1171832  172170   57       0.5768213636284918   0.018437576320150008 0.0763002462272844   15358168
15    206295   315.77776595744683   76.40164833184905    0.00024194752312657974  -1164555 194257   47       0.5182500389266099   0.01608784064819089  -0.07846583461099595 14841555
round 15, total revenue = 7277
16    206295   271.34794642857145   88.7591925186479     0.00032710471439669625  1044515  171199   56       0.5775487245207211   0.01843640192154125  0.06873851015614177  15195485
16    206295   313.7425106382979    76.10903910770232    0.00024258440130685895  -1068898 193747   47       0.5183395106646103   0.016083907482266405 -0.07248782000255258 14745898
round 16, total revenue = -24383
17    206295   273.5627454545455    88.34501406267431    0.00032294241643131017  904049   170309   55       0.5782629236444244   0.018435423216190277 0.06008586629053889  15045951
17    206295   311.7003404255319    75.81594990425917    0.0002432334523624696   -972916  193230   47       0.5184566106898052   0.01608056712925889  -0.0664110292509527  14649916
round 17, total revenue = -68867
18    206295   271.19641818181816   87.99728028412477    0.00032447803283717694  1034197  169503   55       0.5789778847652529   0.01843460074320945  0.06933565695390319  14915803
18    206295   309.6545744680851    75.51257439047802    0.00024386067772514308  -876765  192733   47       0.5185615432905071   0.016077702377696866 -0.06024317418894699 14553765
round 18, total revenue = 157432
19    206295   269.17763636363634   87.68520492774225    0.0003257521914238332   1145230  168840   55       0.5796816930190672   0.01843390460810679  0.07735547394522171  14804770
19    206295   307.93710638297875   75.25853435320913    0.00024439579639230205  -796044  192311   47       0.518679466675254    0.01607522401618072  -0.05500183651759782 14473044
round 19, total revenue = 349186
20    206295   267.3179090909091    87.39826065246338    0.00032694502568004564  1247515  168224   55       0.5803882721715186   0.01843331179570063  0.08485062219073851  14702485
20    206295   306.22848936170215   74.99772808987593    0.0002449077427322325   -715739  191909   47       0.5187788187278802   0.016073063082528125 -0.049729172466755636 14392739
round 20, total revenue = 531776
