Max revenue's round: 20
round bids     cpc                  cpm                  ctr                     revenue  imps     clks     auc                  rmse                 roi                  cost    
1     206295   271.08881355932203   90.64306075838891    0.00033436665854363483  1115760  176453   59       0.5634923713696898   0.018441792554649214 0.06976011364091073  15994240
1     206295   310.36424            78.39341661909646    0.00025258520962046546  -968212  197953   50       0.5054166080404171   0.016120717222155617 -0.06239198175666114 15518212
round 1, total revenue = 147548
2     206295   270.17923809523813   77.05358937447375    0.00028519433957139363  832472   147268   42       0.5666244566440954   0.018423218102545446 0.07336152860781661  11347528
2     206295   282.5072173913043    70.56735901821835    0.00024978957943037113  390668   184155   46       0.5044316870472552   0.016054673384523568 0.030062179250210767 12995332
round 2, total revenue = 1223140
3     206295   279.68153125         68.52420219282126    0.0002450079627587897   330191   130608   32       0.5695656270024072   0.0184200941252831   0.036893636501069464 8949809 
3     206295   257.50055813953486   63.9553396600223     0.00024836971275753915  1440476  173129   43       0.5038369469974181   0.016041474423101942 0.1300946378621532   11072524
round 3, total revenue = 1770667
4     206295   266.754275862069     63.751598760548525   0.0002389899789029536   674126   121344   29       0.5723826611017786   0.018419084004793723 0.08714283609066022  7735874 
4     206295   237.97659523809523   60.08209502512684    0.00025247060520810794  2226983  166356   42       0.5034423748031485   0.016036608644696075 0.22280932588708954  9995017 
round 4, total revenue = 2901109
5     206295   252.469              60.89617090924754    0.00024120256708446398  1050868  116085   28       0.5749903538091197   0.018418641307085502 0.14865587458262203  7069132 
5     206295   244.02834210526316   57.339259103528875   0.00023496967036228613  1784923  161723   38       0.5031655430248364   0.01603426127018448  0.19248443639581556  9273077 
round 5, total revenue = 2835791
6     206295   239.25635714285713   59.26325846374324    0.0002476977379888713   1420822  113041   28       0.5774228564501325   0.01841840694544923  0.21208900554665064  6699178 
6     206295   243.15958333333336   55.27017129579937    0.00022729999179194475  1722255  158381   36       0.5029592457148252   0.016032939476018793 0.19674493602452436  8753745 
round 6, total revenue = 3143077
7     206295   240.62955555555556   58.354871739599055   0.0002425091614572106   1333002  111336   27       0.5796377742756698   0.018418265127495597 0.20517198866307176  6496998 
7     206295   232.93780555555557   53.719409620571035   0.0002306169644401453   2090239  156103   36       0.5028126877145424   0.016032114775933765 0.24926050241594055  8385761 
round 7, total revenue = 3423241
8     206295   236.80607407407408   57.89774702984642    0.0002444943494639235   1436236  110432   27       0.5818281003758032   0.018418170201271525 0.22463074958662846  6393764 
8     206295   232.71702857142859   52.684626878222005   0.0002263892212857614   2039904  154601   35       0.5027146164434417   0.016031560116427288 0.2504456669387322   8145096 
round 8, total revenue = 3476140
9     206295   235.31688888888888   57.72076966404419    0.0002452895324963207   1476444  110074   27       0.583933013525449    0.01841810144653619  0.23238073293129077  6353556 
9     206295   227.6548             51.888316542827184   0.0002279254228016593   2217082  153559   35       0.5026435330687726   0.016031164449980075 0.27825110649984097  7967918 
round 9, total revenue = 3693526
10    206295   234.9308148148148    57.676896078270914   0.00024550587850186856  1486868  109977   27       0.5859765512702839   0.01841804839871119  0.23440596853415632  6343132 
10    206295   224.19282857142858   51.33123344127171    0.00022896019363490661  2338251  152865   35       0.5026794864358832   0.01603086824283991  0.29798977895176715  7846749 
round 10, total revenue = 3825119
11    206295   235.2781851851852    57.71966599429392    0.00024532519217140055  1477489  110058   27       0.587977278631176    0.018418005310489625 0.23258346187830292  6352511 
11    206295   221.19488571428573   50.83938140267927    0.00022983976884686103  2443179  152280   35       0.502741695824268    0.016030637353260158 0.31558195416814727  7741821 
round 11, total revenue = 3920668
12    206295   236.53374074074074   57.890924418499246   0.00024474700411537554  1443589  110318   27       0.589851860831616    0.01841796881138519  0.22604072929224253  6386411 
12    206295   218.6203142857143    50.40387199620574    0.0002305543844856661   2533289  151808   35       0.5028021670091537   0.0160304511765711   0.3310748406467521   7651711 
round 12, total revenue = 3976878
13    206295   237.71385185185187   58.03770752703729    0.00024414945563713965  1411726  110588   27       0.5916162998112325   0.018417936823572893 0.21995414966702886  6418274 
13    206295   216.2243142857143    49.99439137500495    0.00023121540026688865  2617149  151374   35       0.5029193585187433   0.016030296769024847 0.34582459406243593  7567851 
round 13, total revenue = 4028875
14    206295   239.06244444444445   58.22008352350113    0.00024353504649715424  1375314  110867   27       0.5933208873802884   0.018417908018202107 0.21307217732977252  6454686 
14    206295   220.75938235294117   49.67911652965861    0.0002250373959202044   2388181  151086   34       0.503036184090754    0.016030165725581445 0.3181772701952978   7505819 
round 14, total revenue = 3763495
15    206295   240.4894074074074    58.39693860114578    0.000242825408531266    1336786  111191   27       0.5949283549521154   0.018417881522788913 0.20587431740275308  6493214 
15    206295   212.77488571428572   49.38671149663112    0.00023210780412753992  2737879  150792   35       0.5031810953719326   0.016030052427496486 0.36764260980854213  7447121 
round 15, total revenue = 4074665
16    206295   233.3111785714286    58.59198170321539    0.0002511323377729943   1587287  111495   28       0.5964006026704536   0.018417856753647942 0.2429751620804404   6532713 
16    206295   211.60808571428572   49.175893710825456   0.00023239137363221076  2778717  150608   35       0.5033455843135733   0.0160299530155503   0.3751837460167266   7406283 
round 16, total revenue = 4366004
17    206295   234.69421428571428   58.78114405832103    0.00025045842837336196  1548562  111795   28       0.597842370503784    0.01841783331480348  0.23565040102333767  6571438 
17    206295   210.40485714285714   48.96129195255571    0.0002327003882772193   2820830  150408   35       0.5035659702203658   0.01602986476794629  0.3830479198606224   7364170 
round 17, total revenue = 4369392
18    206295   235.94               58.95447000660372    0.0002498706027235896   1513680  112058   28       0.5991636735188681   0.018417810934465626 0.22912604899550734  6606320 
18    206295   209.27488571428572   48.75799472787304    0.00023298540845670466  2860379  150224   35       0.5038004447239394   0.01602978571339519  0.39051563213987456  7324621 
round 18, total revenue = 4374059
19    206295   237.10660714285714   59.1172463535823     0.00024932770565083435  1481015  112302   28       0.6003854320004156   0.018417789423910577 0.22307852781712867  6638985 
19    206295   202.45533333333336   48.57308897034322    0.00023992002665778074  3187608  150050   36       0.5040973115846872   0.016029714385421064 0.43735408304053897  7288392 
round 19, total revenue = 4668623
20    206295   238.0663928571429    59.25208             0.0002488888888888889   1454141  112500   28       0.6015580763036211   0.018417768650329045 0.21814757857914485  6665859 
20    206295   201.52361111111114   48.40148376465251    0.00024017773152132577  3221150  149889   36       0.5044152198562122   0.016029649663657802 0.4439995313479948   7254850 
round 20, total revenue = 4675291
