Max revenue's round: 20
round bids     cpc                  cpm                  ctr                     revenue  imps     clks     auc                  rmse                 roi                  cost    
1     208073   314.8285             90.81896986917829    0.0002884712466284923   -1489710 207993   60       0.5103024810949316   0.01817455393056383  -0.07886357175414552 18889710
1     206296   331.7175438596491    91.65644647609444    0.000276308709541376    -2320900 206291   57       0.5733458362861755   0.019145278006961072 -0.12274763458660137 18907900
round 1, total revenue = -3810610
2     208073   314.12049152542374   89.81351677481572    0.00028592059161331904  -1423109 206351   59       0.5124123652528128   0.01734289405202232  -0.07678738629336286 18533109
2     206296   335.63926785714284   91.31621419410004    0.00027206653970228146  -2499799 205832   56       0.5762582297850143   0.017419499343097552 -0.13299775125281985 18795799
round 2, total revenue = -3922908
3     208073   313.8439473684211    88.0867863209986     0.00028067065514439767  -1359105 203085   57       0.5139569802528368   0.01716249365845211  -0.07597389584330798 17889105
3     206296   330.03376785714283   90.40119250842532    0.00027391497874713243  -2185891 204443   56       0.5779899967870694   0.017024657241857685 -0.11827204261728413 18481891
round 3, total revenue = -3544996
4     208073   301.8275964912281    86.28922448815817    0.0002858891151481106   -674173  199378   57       0.5152258112073124   0.017093446158597043 -0.039186597344725606 17204173
4     206296   327.8076909090909    89.12617466916471    0.00027188555101314443  -2024423 202291   55       0.5792858022071651   0.016870828793290785 -0.11228440311151389 18029423
round 4, total revenue = -2698596
5     208073   318.7441346153846    84.6537432199148     0.00026558525797521886  -1494695 195794   52       0.5163604358060955   0.01705933385037618  -0.09017933663334378 16574695
5     206296   319.4989636363636    87.862215            0.000275                -1567443 200000   55       0.5803405315056462   0.016794167688666865 -0.08919892356458348 17572443
round 5, total revenue = -3062138
6     208073   314.60554901960785   83.28082113567943    0.0002647150420429773   -1254883 192660   51       0.5174501914143187   0.017039811616147666 -0.07821079156513637 16044883
6     206296   311.61776363636363   86.67561963618341    0.00027814723597505776  -1133977 197737   55       0.5813201478135187   0.01675005837186229  -0.06616363392050763 17138977
round 6, total revenue = -2388860
7     208073   311.7761             82.08565681457961    0.00026328399391287405  -1088805 189909   50       0.5184780117909298   0.01702751510956569  -0.06984531527593038 15588805
7     206296   304.79136363636366   85.65229720615586    0.00028101943632610516  -758525  195716   55       0.5822051710913152   0.01672216073749376  -0.04524853812071149 16763525
round 7, total revenue = -1847330
8     208073   309.78991836734696   81.00509093237704    0.0002614839480874317   -969706  187392   49       0.519510158820202    0.017019229801860374 -0.06388173789400137 15179706
8     206296   298.4651636363636    84.70198757507585    0.00028379187220078017  -410584  193804   55       0.5830639941413569   0.016703291951290458 -0.0250118424053631  16415584
round 8, total revenue = -1380290
9     208073   308.5730416666667    80.01634739014402    0.00025931088133285794  -891506  185106   48       0.5204839761617464   0.017013361720290967 -0.060190098157472983 14811506
9     206296   292.99636363636364   83.88231864745565    0.0002862913300574665   -109800  192112   55       0.5838557854398698   0.016689874095032076 -0.006813612331521335 16114800
round 9, total revenue = -1001306
10    208073   301.8482916666667    79.12619259566706    0.00026213894456307443  -568718  183109   48       0.5214336764208647   0.017009043469711056 -0.039252472164894095 14488718
10    206296   288.0951090909091    83.1438953488372     0.00028859877424229706  159769   190576   55       0.5846209511822555   0.016679954274544672 0.010083096926766167 15845231
round 10, total revenue = -408949
11    208073   302.0541914893617    78.31540651168949    0.00025927601310722994  -566547  181274   47       0.5223341009135647   0.01700576830903174  -0.03990738029465898 14196547
11    206296   283.6042909090909    82.44920871523263    0.00029071918640914235  406764   189186   55       0.5854006631549855   0.01667238929030112  0.026077564155331412 15598236
round 11, total revenue = -159783
12    208073   296.145              77.50803267642654    0.00026172325271885913  -288815  179579   47       0.5232127318965641   0.017003223111071542 -0.020749970453662902 13918815
12    206296   290.1469811320755    81.82940002660636    0.0002820274045496874   45210    187925   53       0.586149581353536    0.01666647182168705  0.0029399543107299555 15377790
round 12, total revenue = -243605
13    208073   290.6073404255319    76.73986571902127    0.000264067196673877    -28545   177985   47       0.5240900809084048   0.017001205376736266 -0.0020899004981863004 13658545
13    206296   291.7821153846154    81.2511111825124     0.00027846501515492293  -40670   186738   52       0.5868794448409922   0.016661744110957596 -0.0026804774637555553 15172670
round 13, total revenue = -69215
14    208073   291.73739130434785   76.01846659302687    0.00026057155804797916  -79920   176535   46       0.5249584561221334   0.016999579117343705 -0.005955326112227197 13419920
14    206296   287.94290384615385   80.66844277309657    0.0002801543003685107   158969   185612   52       0.5876130512181277   0.016657898667272065 0.010617022031143862 14973031
round 14, total revenue = 79049
15    208073   287.294347826087     75.39286549640879    0.0002624237687476111   124460   175289   46       0.5258410131418069   0.016998250060178736 0.009417700676627666 13215540
15    206296   284.62425            80.16976502323767    0.00028166877918251056  331539   184614   52       0.5883400224726499   0.01665472235504818  0.022400586035799832 14800461
round 15, total revenue = 455999
16    208073   283.41995652173915   74.85441151984567    0.0002641112942027571   302682   174169   46       0.5266880755850195   0.016997151051281162 0.023216584883486005 13037318
16    206296   286.7391960784314    79.6289586600453     0.0002777051751176163   217301   183648   51       0.5890568709119032   0.016652063428004252 0.014859509895546947 14623699
round 16, total revenue = 519983
17    208073   279.83626086956525   74.3441584318527     0.0002656702108612913   467532   173147   46       0.5275328144555067   0.016996233115932097 0.03632030780732957  12872468
17    206296   283.5840588235294    79.13454109716461    0.00027905144395443256  378213   182762   51       0.5897330579587318   0.016649811316622142 0.026150768866332608 14462787
round 17, total revenue = 845745
18    208073   282.8451111111111    73.88762466475485    0.00026122998688044957  321970   172262   45       0.5283305210091037   0.016995459795084218 0.02529613773694751  12728030
18    206296   280.5657647058824    78.64297844976834    0.0002803014064535277   532146   181947   51       0.5904238763015792   0.016647883810620486 0.03718998041352578  14308854
round 18, total revenue = 854116
19    208073   280.2958222222222    73.53414563050195    0.00026234477933889113  436688   171530   45       0.529135839266456    0.016994803449821703 0.03462120020498977  12613312
19    206296   277.8352549019608    78.21118170126566    0.00028150200639175143  671402   181171   51       0.5910970860497994   0.016646218689065632 0.04738327791656475  14169598
round 19, total revenue = 1108090
20    208073   278.03068888888885   73.21306688513079    0.00026332728655860496  538619   170890   45       0.5299190435213184   0.0169942427867206   0.043050323541422006 12511381
20    206296   275.44176470588235   77.8312565447927     0.00028256882767179907  793470   180487   51       0.5917653619888967   0.01664476811219358  0.05648466314006804  14047530
round 20, total revenue = 1332089
