Max revenue's round: 12
round bids     cpc                  cpm                  ctr                     revenue  imps     clks     auc                  rmse                 roi                  cost    
1     243370   240.14613114754098   77.52799153215136    0.0003228367292934639   3041086  188950   61       0.5140097810008815   0.01847650807469779  0.20759805129581618  14648914
1     206296   214.94533333333334   83.12063076030678    0.00038670591015532686  5475936  186188   72       0.5486240423181574   0.020077682847221747 0.35383260239812914  15476064
round 1, total revenue = 8517022
2     243370   224.06075409836066   74.81856600137948    0.00033392088812008016  4022294  182678   61       0.5147025024388618   0.018473831395325473 0.29429181458834425  13667706
2     206296   209.94474647887324   81.41170976815314    0.0003877768371610366   5754923  183095   71       0.5489474300143161   0.020072590242594755 0.3860789797342386   14906077
round 2, total revenue = 9777217
3     243370   220.1886724137931    72.17872665103003    0.00032780399581767316  4049057  176935   58       0.5153855669794726   0.018471981126955726 0.3170523116421395   12770943
3     206296   201.5294366197183    79.52839626941162    0.00039462421769917406  6352410  179918   71       0.5492399103769122   0.020069014193375083 0.4439577903902481   14308590
round 3, total revenue = 10401467
4     243370   210.6081052631579    69.8530281165627     0.0003316730285820687   4525338  171856   57       0.5160663534827551   0.01847065256664524  0.37696504907843303  12004662
4     206296   205.32541791044775   77.71941629097319    0.0003785182423194694   5740197  177006   67       0.5495121169309146   0.020066410569150477 0.41726242645184347  13756803
round 4, total revenue = 10265535
5     243370   206.28705454545454   67.8186447972456     0.0003287586074980872   4604212  167296   55       0.5167372849984655   0.018469668795988953 0.4058080408341845   11345788
5     206296   206.61784375         75.93496149716037    0.00036751405454138263  5400458  174143   64       0.5497757932945575   0.02006445863599514  0.4083972357784321   13223542
round 5, total revenue = 10004670
6     243370   203.219              66.00769127056112    0.0003248106292746304   4599393  163172   53       0.5174088107847834   0.018468921536829188 0.42703192122783795  10770607
6     206296   202.32515873015873   74.32656143399439    0.0003673619331401282   5586515  171493   63       0.550039703362046    0.020062959442305166 0.4382788666836387   12746485
round 6, total revenue = 10185908
7     243370   205.97432            64.49313970454702    0.0003131125263797303   4201284  159687   50       0.5180703330158773   0.018468341602770097 0.4079425046772821   10298716
7     206296   195.91295238095236   72.98254452565104    0.00037252536720357626  5990484  169116   63       0.5502874878641975   0.020061784309644014 0.4853535535218265   12342516
round 7, total revenue = 10191768
8     243370   201.70297959183674   63.13687236489076    0.0003130190366679443   4326554  156540   49       0.5187243773418286   0.018467883168848263 0.43775764040194076  9883446 
8     206296   193.66733870967744   71.87075399984438    0.0003711041545708659   6034625  167069   62       0.550521542265428    0.02006084705517707  0.5025765415005361   12007375
round 8, total revenue = 10361179
9     243370   198.4035             61.94382797153673    0.0003122113670955237   4396632  153742   48       0.5193872366817891   0.018467514945758465 0.46166776291748884  9523368 
9     206296   191.63045901639344   70.80228952150212    0.000369473046638401    6061542  165100   61       0.550762198800293    0.020060088224229444 0.5185477376282117   11689458
round 9, total revenue = 10458174
10    243370   191.70110416666665   60.857090892256004   0.00031745821786892945  4718347  151201   48       0.5200275137386698   0.018467215004143327 0.5127716726549023   9201653 
10    206296   189.96723333333335   69.78445130164327    0.00036734993755051064  6061966  163332   60       0.5509950846822963   0.020059465745257816 0.5318431231210575   11398034
round 10, total revenue = 10780313
11    243370   185.69479166666667   59.861316319677634   0.0003223640026863667   5006650  148900   48       0.5206805180910582   0.018466967622602467 0.5617023902348725   8913350 
11    206296   188.74393220338982   68.86505138955883    0.00036485968362336585  6033108  161706   59       0.5512216021345107   0.02005894918304396  0.5417714180417698   11135892
round 11, total revenue = 11039758
12    243370   180.36752083333334   58.96450949410194    0.0003269131228376059   5262359  146828   48       0.5213168828664405   0.018466761304461454 0.6078282756238103   8657641 
12    206296   184.8780677966102    68.06318482465993    0.0003681517534007238   6261194  160260   59       0.5514478858828797   0.020058516090021968 0.5740103921906935   10907806
round 12, total revenue = 11523553
13    243370   175.79145833333334   58.17377695659368    0.00033092493519386686  5482010  145048   48       0.5219737004552262   0.018466587493848413 0.6496819740246196   8437990 
13    206296   187.76524561403508   67.3349376517811     0.0003586123589143483   5884381  158946   57       0.5516708393514508   0.020058149624194985 0.5498075751365157   10702619
round 13, total revenue = 11366391
14    243370   175.48138297872342   57.497577434939316   0.0003276562815892027   5382375  143443   47       0.5226199697407311   0.018466439723358853 0.6525969597308316   8247625 
14    206296   184.35033333333334   66.63941173486214    0.0003614824585880622   6079031  157684   57       0.5518807638306374   0.02005783695524487  0.5785162670350474   10507969
round 14, total revenue = 11461406
15    243370   183.22127272727275   56.825211991344126   0.00031014527486624983  4698264  141869   44       0.523255987858259    0.018466313035473532 0.5827856431914913   8061736 
15    206296   181.08468421052632   65.94615989113143    0.0003641730396948613   6265173  156519   57       0.5520733942252598   0.020057568174478468 0.606982949820802    10321827
round 15, total revenue = 10963437
16    243370   179.56379545454544   56.24190804319507    0.0003132140747015568   4859193  140479   44       0.523902900936922    0.018466203581897992 0.6150248955581373   7900807 
16    206296   178.23245614035088   65.3504483526097     0.00036665851869958444  6427750  155458   57       0.5522713998083277   0.020057335534634266 0.6326992642173389   10159250
round 16, total revenue = 11286943
17    243370   180.05213953488374   55.64553850576778    0.00030905235921946313  4727758  139135   43       0.5245443665350176   0.018466108341091317 0.6106445652305883   7742242 
17    206296   175.46861403508774   64.77078948561363    0.00036913034186650436  6585289  154417   57       0.5524678863164002   0.020057132910325192 0.6584162449804838   10001711
round 17, total revenue = 11313047
18    243370   176.9326976744186    55.127208173320774   0.0003115716252445475   4861894  138010   43       0.5251943995343691   0.018466024915865138 0.6390413067325823   7608106 
18    206296   176.10351785714286   64.23953854972771    0.0003647828239401756   6434203  153516   56       0.5526508764273974   0.02005695540893921  0.6524371775245424   9861797 
round 18, total revenue = 11296097
19    243370   182.6329756097561    54.676938130252864   0.0002993815215883285   4402048  136949   41       0.5258189779427055   0.018465951386203446 0.5878841103682289   7487952 
19    206296   180.33162962962965   63.767323685416805   0.00035361142033920505  5976092  152710   54       0.5528333407047422   0.020056799085953456 0.6136936187936876   9737908 
round 19, total revenue = 10378140
20    243370   184.34062500000002   54.238170196176505   0.0002942279825522806   4226375  135949   40       0.5264450915501109   0.018465886200788848 0.5731746596823136   7373625 
20    206296   181.454320754717     63.300657552640416   0.00034885175116996977  5805921  151927   53       0.553014870166705    0.020056660733873452 0.6037094007442384   9617079 
round 20, total revenue = 10032296
