Max revenue's round: 1
round bids     cpc                  cpm                  ctr                     revenue  imps     clks     auc                  rmse                 roi                  cost    
1     206296   285.9913461538461    60.663063430552725   0.00021211503161329797  104225   122575   26       0.5356289806504325   0.017613288459666934 0.014016696309396129 7435775 
1     206296   219.9474347826087    61.13231784318109    0.00027794058113750206  3268418  165503   46       0.526565181974224    0.01677284085554438  0.32304339119762016  10117582
round 1, total revenue = 3372643
2     206296   275.67357692307695   59.53776186599771    0.00021597195687206154  372487   120386   26       0.5360031042103068   0.017613039140342335 0.05196879308066829  7167513 
2     206296   224.56411363636366   60.29560086164286    0.0002685006071775094   2923179  163873   44       0.5270068377646048   0.01677211078531534  0.2958437360620135   9880821 
round 2, total revenue = 3295666
3     206296   276.58784            58.43668447028598    0.00021127712798323304  335304   118328   25       0.5363464675098918   0.017612833620392607 0.0484915027356228   6914696 
3     206296   229.76480952380953   59.461476844206736   0.00025879279323688166  2571878  162292   42       0.527441053205687    0.016771499394784388 0.2665124855416336   9650122 
round 3, total revenue = 2907182
4     206296   268.16859999999997   57.524196454618775   0.00021450757640759872  545785   116546   25       0.5367193030785717   0.017612662400249262 0.08140923284829021  6704215 
4     206296   230.04407317073174   58.65770488948593    0.0002549846387303009   2499193  160794   41       0.5278491856245094   0.016770982354092922 0.2649749936571009   9431807 
round 4, total revenue = 3044978
5     206296   259.7532             56.57681283161554    0.00021780987811359222  756170   114779   25       0.537087895852729    0.017612518383814994 0.11644437874105112  6493830 
5     206296   230.92857500000002   57.94363802880514    0.00025091584282631606  2402857  159416   40       0.5282406817566982   0.016770541272215007 0.2601298908114771   9237143 
round 5, total revenue = 3159027
6     206296   263.1237083333333    55.7603309433829     0.0002119167873415039   645031   113252   24       0.5374549733431281   0.017612396189972224 0.10214317758329455  6314969 
6     206296   226.349375           57.265945200627435   0.0002529980266153924   2586025  158104   40       0.5286436310108408   0.01677016203680553  0.2856231655156989   9053975 
round 6, total revenue = 3231056
7     206296   267.82217391304346   55.05523479255671    0.00020556638006542373  510090   111886   23       0.537828566553687    0.01761229168265422  0.0828080280393707   6159910 
7     206296   227.74864102564104   56.6188606360397     0.0002486024082561497   2466803  156877   39       0.5290405611060004   0.016769833671685327 0.2777244188571814   8882197 
round 7, total revenue = 2976893
8     206296   261.7555652173913    54.41510150219635    0.00020788517507547137  649622   110638   23       0.5381909466644361   0.01761220164383372  0.10790385587084399  6020378 
8     206296   229.48905263157897   55.997380114555774   0.00024400893843269205  2337416  155732   38       0.5294125785709246   0.016769547535286415 0.2680343426541158   8720584 
round 8, total revenue = 2987038
9     206296   268.1604090909091    53.851895464213015   0.00020081970954167466  480471   109551   22       0.5385591606176539   0.017612123541967128 0.08144226428923394  5899529 
9     206296   232.06813513513515   55.47851678598196    0.00023906132892254412  2180479  154772   37       0.5297989751378638   0.016769296748470795 0.2539420796851251   8586521 
round 9, total revenue = 2660950
10    206296   263.4750909090909    53.370887696004864   0.00020256521218705976  583548   108607   22       0.5389254804661741   0.01761205536542539  0.1006733084307435   5796452 
10    206296   234.7935             54.95709446499743    0.0002340656554163443   2023434  153803   36       0.5301697386113332   0.01676907577962151  0.2393869506608999   8452566 
round 10, total revenue = 2606982
11    206296   258.56713636363634   52.856570743628104   0.00020442107023722135  691523   107621   22       0.5392908153802514   0.017611995500942425 0.12156557897658724  5688477 
11    206296   238.01537142857146   54.47644520010463    0.00022887784462464033  1854462  152920   35       0.5305598971526369   0.016768880139447925 0.22261011233608202  8330538 
round 11, total revenue = 2545985
12    206296   253.83068181818183   52.33082812456073    0.00020616431295742706  795725   106711   22       0.5396496345741688   0.017611942643745045 0.14249387789820522  5584275 
12    206296   234.8537142857143    54.04331417901616    0.00023011479440886797  1965120  152098   35       0.5309435349383755   0.01676870615354265  0.23906918349172981  8219880 
round 12, total revenue = 2760845
13    206296   250.14754545454545   51.93946486716059    0.00020763531687980746  876754   105955   22       0.5400287585704449   0.017611895730303844 0.15931579289750086  5503246 
13    206296   231.95134285714286   53.64808855113167    0.0002312902692879564   2066703  151325   35       0.5313247483406349   0.01676855079083901  0.254573465346242    8118297 
round 13, total revenue = 2943457
14    206296   258.33319047619045   51.557630533538614   0.00019957803501168957  665003   105222   21       0.540391214445382    0.017611853887451814 0.1225812659435572   5424997 
14    206296   236.16405882352942   53.293895105730556   0.0002256647153305988   1864422  150666   34       0.531680798314368    0.016768411532794385 0.23219426973621776  8029578 
round 14, total revenue = 2529425
15    206296   255.2027142857143    51.23278779419918    0.00020075330286981627  730743   104606   21       0.5407539733770705   0.017611816393491995 0.13635155022421952  5359257 
15    206296   233.56238235294117   52.935865985841325   0.00022664551308544537  1952879  150014   34       0.5320371826858223   0.016768286272608533 0.24591981409173844  7941121 
round 15, total revenue = 2683622
16    206296   264.74795            50.92041159782661    0.00019233543299514353  505041   103985   20       0.5411348399496684   0.01761178264818691  0.09538147509735202  5294959 
16    206296   231.37867647058823   52.64553539760826    0.00022752976290060296  2027125  149431   34       0.5323947374493011   0.01676817323684383  0.2576785572415985   7866875 
round 16, total revenue = 2532166
17    206296   261.9139             50.6402490308485     0.0001933469320675554   561722   103441   20       0.54150472071502     0.017611752149397333 0.10723409486858086  5238278 
17    206296   229.21264705882353   52.34641787235186    0.0002283749110009538   2100770  148878   34       0.5327665041159343   0.016768070923930366 0.2695634544341691   7793230 
round 17, total revenue = 2662492
18    206296   259.41075            50.39401474459219    0.00019426340174642797  611785   102953   20       0.5418715709128554   0.01761172447474786  0.11791820500885179  5188215 
18    206296   227.28614705882353   52.085929970006404   0.00022916456037475145  2166271  148365   34       0.5331240588794132   0.01676797805552195  0.280324400609804    7727729 
round 18, total revenue = 2778056
19    206296   257.1648             50.1716448485085     0.00019509530405603136  656704   102514   20       0.5422273595392567   0.017611699267127606 0.1276815489522672   5143296 
19    206296   225.6585588235294    51.87062076612085    0.00022986329894398097  2221609  147914   34       0.5334791056599824   0.016767893537722223 0.28955888718393     7672391 
round 19, total revenue = 2878313
20    206296   268.58231578947374   49.978101188960494   0.00018608113137327876  406936   102106   19       0.5426065592997207   0.017611676223141654 0.07974346392677027  5103064 
20    206296   224.15800000000002   51.66401388305156    0.0002304803481609024   2272628  147518   34       0.5338353228325761   0.016767816429956183 0.2981914542420971   7621372 
round 20, total revenue = 2679564
