Max revenue's round: 12
round bids     cpc                  cpm                  ctr                     revenue  imps     clks     auc                  rmse                 roi                  cost    
1     206295   258.3759655172414    63.04450951190987    0.0002440029953471153   917097   118851   29       0.5763390194482448   0.018418901628977528 0.12239541870487314  7492903 
1     206295   239.85775            58.6890510591704     0.0002446827382445237   2045690  163477   40       0.5116294047677641   0.016034960727566508 0.2132190850618752   9594310 
round 1, total revenue = 2962787
2     206295   252.73360714285712   61.262918683069145   0.00024240115659980436  1043459  115511   28       0.5763524583066345   0.018418671399086466 0.14745325435124307  7076541 
2     206295   242.40365789473685   57.28230911781899    0.00023630959043816774  1846661  160806   38       0.5113807501830147   0.0160339296215618   0.20047693391807642  9211339 
round 2, total revenue = 2890120
3     206295   257.94615384615383   59.637547129544      0.00023120153660098172  833400   112456   26       0.5763595240981592   0.018418492495188225 0.12426564876390421  6706600 
3     206295   246.03066666666666   55.94396195072037    0.0002273861332356415   1618896  158321   36       0.5111528625558581   0.01603308369649127  0.1827793825160007   8857104 
round 3, total revenue = 2452296
4     206295   254.90632000000002   58.11976615867283    0.00022800441416545824  877342   109647   25       0.5763672133418769   0.018418352358309964 0.13767285173627708  6372658 
4     206295   236.76408333333336   54.656084079308485   0.00023084617949572933  1952493  155948   36       0.5109534265754482   0.016032381778908412 0.22907155470160345  8523507 
round 4, total revenue = 2829835
5     206295   264.16804347826087   56.748781125660805   0.00021482076476192255  594135   107066   23       0.5763621564518643   0.018418241877309005 0.0977860765504171   6075865 
5     206295   234.8844             53.489101721602665   0.00022772522024282015  1964046  153694   35       0.5107589307523512   0.016031793454730884 0.23890730929768006  8220954 
round 5, total revenue = 2558181
6     206295   252.1245652173913    55.432120598019345   0.00021986005429587427  871135   104612   23       0.5763808600176645   0.018418154335373547 0.15022508715067517  5798865 
6     206295   227.25820000000002   52.43682427087179    0.00023073677548652498  2230963  151688   35       0.5105984671240764   0.01603129587578057  0.2804818483997497   7954037 
round 6, total revenue = 3102098
7     206295   252.47627272727274   54.244538414211355   0.00021485004443489556  825522   102397   22       0.5764087768214329   0.01841808470983018  0.14862278687574243  5554478 
7     206295   220.79020000000003   51.53832866479925    0.00023342670401493932  2457343  149940   35       0.510446877482086    0.016030871617474296 0.3179932804988627   7727657 
round 7, total revenue = 3282865
8     206295   243.12313636363635   53.22839997611607    0.00021893597118006488  1031291  100486   22       0.5764234625842094   0.01841802919689649  0.19281119986149928  5348709 
8     206295   214.5100285714286    50.65240212382694    0.00023613069496636823  2677149  148223   35       0.5103091934680875   0.016030507210600776 0.3565799321270494   7507851 
round 8, total revenue = 3708440
9     206295   234.52963636363637   52.285644798443485   0.00022293832715186154  1220348  98682    22       0.5764384254368495   0.01841798488298988  0.2365175015679352   5159652 
9     206295   208.82122857142858   49.833584475975535   0.000238642329694606    2876257  146663   35       0.5101899893018148   0.016030192115592874 0.3935364808969203   7308743 
round 9, total revenue = 4096605
10    206295   237.5664285714286    51.4250152041479     0.0002164658344757919   1101105  97013    21       0.5764762482032455   0.01841794951351581  0.22071119957425442  4988895 
10    206295   203.67705714285714   49.10551694208898    0.00024109498453547885  3056303  145171   35       0.5100828610756405   0.01602991799343006  0.4287323475804905   7128697 
round 10, total revenue = 4157408
11    206295   230.29080952380954   50.63774292176244    0.00021988607807002847  1253893  95504    21       0.5764973070328872   0.018417921327714578 0.259277348495391    4836107 
11    206295   199.04654285714287   48.44193889329272    0.00024336990835384595  3218371  143814   35       0.5099991528545051   0.01602967817919586  0.4619696269171216   6966629 
round 11, total revenue = 4472264
12    206295   224.01009523809523   49.96030119266347    0.00022302700750857592  1385788  94159    21       0.5765224529380184   0.01841789893903836  0.2945845127728087   4704212 
12    206295   194.8978             47.85586603152777    0.0002455433875165742   3363577  142541   35       0.5099229463537339   0.01602946729649199  0.49309022472290603  6821423 
round 12, total revenue = 4749365
13    206295   228.66895000000002   49.26511332299207    0.00021544295070665288  1226621  92832    20       0.5765437888575238   0.018417881247397565 0.26820891074192627  4573379 
13    206295   196.27764705882353   47.25161436501643    0.00024073864280049848  3220560  141232   34       0.5098590902462449   0.01602928097130601  0.4825936848162267   6673440 
round 13, total revenue = 4447181
14    206295   247.57966666666667   48.63722087617052    0.00019645078907733614  763566   91626    18       0.5765675493133366   0.018417867374031803 0.17134013428674139  4456434 
14    206295   192.2960588235294    46.693133936095755   0.00024281898558797902  3355934  140022   34       0.5097834326518416   0.016029115617117222 0.5132915452367719   6538066 
round 14, total revenue = 4119500
15    206295   271.4615             48.01760010613129    0.00017688548875671611  296616   90454    16       0.5765987219230037   0.018417856612651884 0.06829145201069028  4343384 
15    206295   188.89073529411766   46.210803148699796   0.0002446430370274432   3471715  138978   34       0.5097189361535898   0.016028968271709822 0.5405731760580541   6422285 
round 15, total revenue = 3768331
16    206295   264.8385625          47.416964135847365   0.00017904101158171544  402583   89365    16       0.5766350206951493   0.01841784839242439  0.09500669865628046  4237417 
16    206295   185.5698235294118    45.73799892711641    0.00024647325765154483  3584626  137946   34       0.5096709983307757   0.016028836471978287 0.5681428934154165   6309374 
round 16, total revenue = 3987209
17    206295   258.9165             46.89029746004437    0.0001811020057047132   497336   88348    16       0.5766671631193392   0.01841784224967112  0.12005221760683464  4142664 
17    206295   182.50114705882353   45.304821775382955   0.00024824403849242854  3688961  136962   34       0.5096221456640148   0.01602871815696475  0.5945105260418186   6205039 
round 17, total revenue = 4186297
18    206295   253.1788125          46.36019364142004    0.0001831124539357733   589139   87378    16       0.5767038082538144   0.01841783780604796  0.1454355012428222   4050861 
18    206295   185.01127272727274   44.88881046385954    0.00024262743454573528  3497628  136011   33       0.5095773183106198   0.0160286115920971   0.5728771318111329   6105372 
round 18, total revenue = 4086767
19    206295   248.098              45.89732679678106    0.00018499676255665526  670432   86488    16       0.5767378903070501   0.018417834751586933 0.1688929374682585   3969568 
19    206295   187.90628125         44.49756902561219    0.00023680724630173683  3298999  135131   32       0.5095412734591146   0.01602851530950363  0.5486443458100206   6013001 
round 19, total revenue = 3969431
20    206295   259.70346666666666   45.48328040351205    0.0001751354380721091   454448   85648    15       0.5767790381518106   0.018417832831420955 0.11665817835315766  3895552 
20    206295   191.1081935483871    44.11710738939733    0.0002308488535748062   3096646  134287   31       0.509503581888505    0.01602842806063041  0.5226976645892532   5924354 
round 20, total revenue = 3551094
