Max revenue's round: 16
This round's info:
round bids     cpc                  cpm                  ctr                     winrate               revenue  imps     clks     auc                  rmse                 roi                  cost    
16    330754   178.5321280487805    97.37068962650358    0.0005453958942331035   0.9091318623508711    -5335269 300699   164      0.5125168559661273   0.02386166660610478  -0.18222002058862877 29279269
16    208792   278.7933970588236    98.19567187912754    0.00035221663394850386  0.9246666538947852    966049   193063   68       0.5794764250883693   0.018658295013943258 0.050957458429974845 18957951
round 16, total revenue = -4369220


all rounds' info:
round bids     cpc                  cpm                  ctr                     winrate               revenue  imps     clks     auc                  rmse                 roi                  cost    
1     330754   187.38583152173914   104.77453065838495   0.0005591379551352567   0.9949327899284665    -7614993 329078   184      0.5044859574383928   0.025780731065797077 -0.22085891545614456 34478993
1     208792   303.6808888888889    104.87073550924482   0.0003453320223506559   0.9985775317061957    -769024  208495   72       0.5711075577062306   0.020393689266305293 -0.03517142263370029 21865024
round 1, total revenue = -8384017
2     330754   183.35271270718235   102.86219369316315   0.000561007209407564    0.9754500323503268    -6760841 322634   181      0.5047917523777257   0.02452397137479287  -0.2037205348951411  33186841
2     208792   297.66038888888886   103.83099492267742   0.0003488236890043022   0.9885819380052876    -335548  206408   72       0.5720289808781568   0.019252207680261764 -0.015656731842235566 21431548
round 2, total revenue = -7096389
3     330754   181.95117613636364   101.24057728178053   0.0005564161740065125   0.9563300821758769    -6327407 316310   176      0.5052111673280242   0.024203763486807247 -0.19758694007792488 32023407
3     208792   298.3124714285714    102.56927225573216   0.0003438316600192546   0.9750756733974482    -371873  203588   70       0.5727205639666113   0.01896814022914335  -0.017808412109392678 20881873
round 3, total revenue = -6699280
4     330754   182.28791228070173   100.06206042007068   0.0005489231796455433   0.9418449965835636    -6205233 311519   171      0.5057127803223282   0.024068970670321484 -0.1990692187248416  31171233
4     208792   291.67321428571427   101.53227410612163   0.000348102839524591    0.9631116134717805    92875    201090   70       0.573315393296708    0.018849820220849054 0.0045488774741791515 20417125
round 4, total revenue = -6112358
5     330754   182.93840718562876   99.21704479764092    0.0005423521846725427   0.9309577510778403    -6168714 307918   167      0.5061931037955394   0.023998035748072803 -0.20191717941518486 30550714
5     208792   290.46839130434785   100.69391887139398   0.00034666050381326557  0.9533028085367256    174681   199042   69       0.5738672357437928   0.018787661148023518 0.008715608208810567 20042319
round 5, total revenue = -5994033
6     330754   181.31989759036145   98.59862285394193    0.0005437826965725311   0.922948777641389     -5863103 305269   166      0.5067022144745064   0.023955697257862486 -0.1947932800522328  30099103
6     208792   286.4047971014493    100.07510469891781   0.00034941839561252033  0.94577857389172      455069   197471   69       0.5743764905668414   0.018750337876962963 0.0230275573778696   19761931
round 6, total revenue = -5408034
7     330754   180.43023636363637   98.14363702895422    0.0005439422959639482   0.9171196720221071    -5680989 303341   165      0.5071974519972531   0.023928327675588803 -0.1908229854238299  29770989
7     208792   283.30171014492754   99.5965659550619     0.0003515565292709023   0.9400264377945515    669182   196270   69       0.5749416416464376   0.018725882888868593 0.03423307910888059  19547818
round 7, total revenue = -5011807
8     330754   179.06329696969698   97.83194813279383    0.0005463539976556447   0.9130713460759355    -5455444 302002   165      0.5077332680953448   0.023909647190651168 -0.1846458628274464  29545444
8     208792   285.0932794117647    99.23089483328727    0.00034806465812884535  0.9356967699911874    537657   195366   68       0.5754885598994932   0.018708835550701804 0.027733802089439975 19386343
round 8, total revenue = -4917787
9     330754   179.20143902439025   97.60978056176454    0.0005446930621381859   0.9103049396228012    -5445036 301087   164      0.508298408109808    0.02389639201749482  -0.18527439960943257 29389036
9     208792   283.1672205882353    98.93372005199636    0.0003493826716470824   0.9321669412621173    668629   194629   68       0.5760041363229845   0.018696383566424    0.03472428549935496  19255371
round 9, total revenue = -4776407
10    330754   179.65686503067485   97.4524419626218     0.0005424365049784357   0.9085181131596292    -5486069 300496   163      0.5088763153313437   0.023886710221689984 -0.18733971020215803 29284069
10    208792   281.82926470588234   98.71834627985082    0.00035027713102425153  0.929786581861374     759610   194132   68       0.5765270324943571   0.0186869453198807   0.039636534217890575 19164390
round 10, total revenue = -4726459
11    330754   179.33609815950922   97.37079587356892    0.0005429514574749094   0.907656445575866     -5433784 300211   163      0.5094960209250783   0.023879478363399806 -0.18588615734161146 29231784
11    208792   280.83013235294123   98.56130001238697    0.00035096411908006113  0.9279665887581899    827551   193752   68       0.5770097365955453   0.018679569960032737 0.043335334228892505 19096449
round 11, total revenue = -4606233
12    330754   179.12993865030674   97.30845369895154    0.0005432283091935559   0.9071938661361616    -5400180 300058   163      0.5101146530975815   0.02387397836860584  -0.18494919888842387 29198180
12    208792   280.0255294117647    98.42725111134085    0.000351493848857645    0.9265680677420591    882264   193460   68       0.5775054831565947   0.0186736553234935   0.04633317046302921  19041736
round 12, total revenue = -4517916
13    330754   179.103018404908     97.28929057026313    0.000543202964621824    0.9072361936665921    -5395792 300072   163      0.5107433363961619   0.023869731788366936 -0.18482669192135096 29193792
13    208792   279.50329411764704   98.3361996709403     0.0003518248326245098   0.9256963868347446    917776   193278   68       0.5780102130445892   0.018668803960150422 0.048288181808232924 19006224
round 13, total revenue = -4478016
14    330754   179.19540490797547   97.29602672831322    0.0005429605004563533   0.9076413286007123    -5410851 300206   163      0.5113441270066796   0.02386640902589102  -0.18524696503809754 29208851
14    208792   279.1239117647059    98.26780222624903    0.00035205798602122704  0.9250833365263037    943574   193150   68       0.5785130131808696   0.018664744633774828 0.04971300433404392  18980426
round 14, total revenue = -4467277
15    330754   179.37567484662577   97.32517692015792    0.0005425773422364839   0.9082822883472309    -5440235 300418   163      0.5119457145511421   0.023863776847918426 -0.18606577996243617 29238235
15    208792   278.8850147058824    98.21980122126176    0.00035218744658921993  0.9247432851833404    959819   193079   68       0.5789907930880286   0.018661287128514573 0.05061220413367706  18964181
round 15, total revenue = -4480416
16    330754   178.5321280487805    97.37068962650358    0.0005453958942331035   0.9091318623508711    -5335269 300699   164      0.5125168559661273   0.02386166660610478  -0.18222002058862877 29279269
16    208792   278.7933970588236    98.19567187912754    0.00035221663394850386  0.9246666538947852    966049   193063   68       0.5794764250883693   0.018658295013943258 0.050957458429974845 18957951
round 16, total revenue = -4369220
17    330754   178.7909024390244    97.4156068519183     0.0005448577389732754   0.9100298106750032    -5377708 300996   164      0.5130944867003759   0.02385995422073788  -0.18340364074289262 29321708
17    208792   278.7247205882353    98.17046590526506    0.00035221298526403027  0.9246762328058546    970719   193065   68       0.5799440904348196   0.01865566858203622  0.05121640944383191  18953281
round 17, total revenue = -4406989
18    330754   179.1031036585366    97.47560530437784    0.0005442429713011389   0.9110577649854574    -5428909 301336   164      0.5136307907172093   0.023858547131693317 -0.18482707994635464 29372909
18    208792   278.73419117647063   98.16414099562884    0.0003521783265314578   0.9247672324610138    970075   193084   68       0.5804430976108343   0.018653333794652886 0.05118069212577342  18953925
round 18, total revenue = -4458834
19    330754   179.45218292682927   97.5448461928547     0.0005435701288327494   0.9121854913319265    -5486158 301709   164      0.5141610770695626   0.023857375531534157 -0.18641279465777927 29430158
19    208792   278.8396617647059    98.17179588075095    0.00035207256836938626  0.9250450208820261    962903   193142   68       0.5809294615859631   0.018651234915907852 0.0507830849660228   18961097
round 19, total revenue = -4523255
20    330754   179.82634146341462   97.6226841047743     0.000542871991446456    0.9133585686038567    -5547520 302097   164      0.514683849473295    0.023856386318484857 -0.18810559781252373 29491520
20    208792   278.926              98.17525298273765    0.00035197598281529023  0.9252988620253649    957032   193195   68       0.5813989235978025   0.018649329478050047 0.05045782752414619  18966968
round 20, total revenue = -4590488
