Max revenue's round: 19
This round's info:
round bids     cpc                  cpm                  ctr                     winrate               revenue  imps     clks     auc                  rmse                 roi                  cost    
19    330754   124.35283950617284   55.48010773713461    0.00044615071081171887  0.5489064380173785    1753420  181553   81       0.5273405429507713   0.023709938203469356 0.17407853797140355  10072580
19    208792   227.35               65.21213561600052    0.00028683587251374765  0.5844141537989961    2297750  122021   35       0.6126678883991312   0.0185670377828147   0.2887618209808665   7957250 
round 19, total revenue = 4051170


all rounds' info:
round bids     cpc                  cpm                  ctr                     winrate               revenue  imps     clks     auc                  rmse                 roi                  cost    
1     330754   160.6168849557522    78.31420249832797    0.00048758387089814677  0.7006869153509859    -1651708 231755   113      0.5059305384567143   0.02373158545154092  -0.09100465968929086 18149708
1     208792   259.30056140350877   88.95013300273227    0.00034303872124793875  0.79582551055596      1920868  166162   57       0.5826935208253481   0.018588168813023633 0.1299628447161365   14780132
round 1, total revenue = 269160
2     330754   151.1877011494253    66.99397970825524    0.00044311792029989405  0.5936012867569251    -451330  196336   87       0.5071898079369677   0.023717009631080848 -0.034312983860360836 13153330
2     208792   255.69793617021278   81.3002503044243     0.000317954268705182    0.7079773171385877    1753197  147820   47       0.5848754711255909   0.018574035730981424 0.14588331993792875  12017803
round 2, total revenue = 1301867
3     330754   142.81409756097563   63.03289771136995    0.0004413632742695976   0.5617105159725959    261244   185788   82       0.5086065775870168   0.023714129205268292 0.02230803886615006  11710756
3     208792   249.08606976744187   76.87676119520826    0.0003086353294143824   0.6672813134602859    1888299  139323   43       0.5872897901494826   0.018571170756237928 0.17630022535406412  10710701
round 3, total revenue = 2149543
4     330754   138.56744444444445   61.40090701211173    0.0004431120690598365   0.5526705648306597    602037   182798   81       0.5100311214090156   0.023713031359260957 0.053638541039381545 11223963
4     208792   245.81812195121952   74.47217603984247    0.00030295641122268774  0.6481713858768535    1934457  135333   41       0.5895359546015928   0.018570025513423523 0.19193816010905546  10078543
round 4, total revenue = 2536494
5     330754   136.30553086419752   60.5835601404741     0.00044446883230904303  0.5509835104035024    785252   182240   81       0.5115625356993879   0.023712441898015704 0.07112307970438235  11040748
5     208792   242.39520000000002   72.89478313823669    0.0003007270075407297   0.6370502701252921    2024192  133011   40       0.5917372689621396   0.018569383439372998 0.20876981062331268  9695808 
round 5, total revenue = 2809444
6     330754   132.9543536585366    59.8518671014636     0.00045016853870900446  0.550723498430858     1069743  182154   82       0.5130159480469327   0.023712044553444146 0.0981212422345208   10902257
6     208792   241.95000000000002   71.76740365528099    0.0002966208045268898   0.6297224031572091    1990950  131481   39       0.5938572010348793   0.018568945420612434 0.2109940070262451   9436050 
round 6, total revenue = 3060693
7     330754   131.48620731707317   59.166267903199255   0.00044998079350271633  0.5509532764531948    1190131  182230   82       0.5141251987780954   0.023711736197080828 0.11038262475643137  10781869
7     208792   236.5387948717949    70.84501666487475    0.00029950696545686333  0.6236541629947507    2201987  130214   39       0.5958785161407094   0.018568612447581463 0.2386974414019796   9225013 
round 7, total revenue = 3392118
8     330754   130.71165853658536   58.717526473504584   0.000449214149150054    0.5518935523077574    1253644  182541   82       0.5151560247035211   0.02371147800162133  0.11696234012007065  10718356
8     208792   231.67787179487178   69.97596846393334    0.00030203993122783105  0.618424077550864     2391563  129122   39       0.5978475948639326   0.01856834450617955  0.2646870317395827   9035437 
round 8, total revenue = 3645207
9     330754   130.2281707317073    58.401157226375574   0.0004484525652033623   0.5528308047672893    1293290  182851   82       0.5164014047635962   0.023711253531499044 0.12110919764653222  10678710
9     208792   233.48226315789475   69.24472020604074    0.00029657379224225396  0.6136729376604467    2261674  128130   38       0.5997267737745411   0.018568122214982156 0.25491331134586354  8872326 
round 9, total revenue = 3554964
10    330754   128.08673493975903   58.08319219380006    0.00045346766174590513  0.5533840860579161    1486801  183034   83       0.5177189967974315   0.023711054761126955 0.139852616812083    10631199
10    208792   229.55836842105265   68.58091449416648    0.0002987515330670776   0.6091995861910418    2410782  127196   38       0.6014410587283336   0.01856793446174447  0.27636383729032105  8723218 
round 10, total revenue = 3897583
11    330754   130.4172839506173    57.72032106307064    0.0004425818366599824   0.5533326883423935    1262200  183017   81       0.5189574809392918   0.02371087703266095  0.11948351918817092  10563800
11    208792   226.31331578947368   68.02592923644015    0.00030058297276560063  0.6054877581516533    2534094  126421   38       0.6029089343511775   0.018567773962575168 0.2946653137836623   8599906 
round 11, total revenue = 3796294
12    330754   129.26406172839506   57.272199673992716   0.0004430635933004409   0.5527310327312746    1355611  182818   81       0.5201756839254585   0.023710717167021365 0.12947092987662637  10470389
12    208792   235.93133333333336   67.55209849442868    0.0002863210135763881   0.6021926127437833    2054472  125733   36       0.6042525738895277   0.018567635498984617 0.24188676366287365  8493528 
round 12, total revenue = 3410083
13    330754   126.54756097560976   56.854741502114884   0.0004492756799403888   0.5518179674319887    1595100  182516   82       0.5213574068537099   0.02371057273350476  0.15371642783490252  10376900
13    208792   233.38750000000002   67.14254890678941    0.00028768699654775604  0.5993333077895705    2146050  125136   36       0.6055296037221584   0.018567515129420658 0.2554228482673665   8401950 
round 13, total revenue = 3741150
14    330754   128.7298875          56.50136612021858    0.0004389141264511598   0.5510681654643632    1381609  182268   80       0.5224621849964076   0.023710441752287474 0.13415775338108643  10298391
14    208792   237.30811428571428   66.71151699155844    0.00028111772407090593  0.5963015824361086    1949216  124503   35       0.6068157499680593   0.018567409784164685 0.23468175912111366  8305784 
round 14, total revenue = 3330825
15    330754   126.4990987654321    56.25052564545969    0.00044467135493008776  0.5507325686159502    1579573  182157   81       0.5235375579029434   0.023710322560590993 0.15415842029616764  10246427
15    208792   234.9906             66.35581856907736    0.00028237648045954756  0.5936434346143531    2030329  123948   35       0.6081249201482049   0.018567317027130506 0.24685838497369683  8224671 
round 15, total revenue = 3609902
16    330754   125.95100000000001   56.048648232896205   0.000445003598485889    0.5503213868917685    1623969  182021   81       0.5245609674634965   0.0237102137421619   0.15918095132233964  10202031
16    208792   232.704              66.0142490091346     0.0002836833445455798   0.5909086555040423    2110360  123377   35       0.6093853141901964   0.01856723490008741  0.25911028602860287  8144640 
round 16, total revenue = 3734329
17    330754   125.31582716049382   55.825493463567014   0.00044547839429787654  0.5497348482558034    1675418  181827   81       0.5255221511205346   0.023710114082671846 0.1650563484931209   10150582
17    208792   230.70425714285716   65.71433570701933    0.00028484231943031536  0.5885043488256255    2180351  122875   35       0.6105542113836719   0.018567161813296682 0.2700242450167184   8074649 
round 17, total revenue = 3855769
18    330754   124.84734567901235   55.65015573581043    0.0004457456058288117   0.5494052981974519    1713365  181718   81       0.5264464969125803   0.02371002253705772  0.16942814607666548  10112635
18    208792   228.91505714285714   65.44383545978795    0.00028588698479081243  0.5863538832905475    2242973  122426   35       0.6116272864230654   0.018567096465342256 0.2799507540351524   8012027 
round 18, total revenue = 3956338
19    330754   124.35283950617284   55.48010773713461    0.00044615071081171887  0.5489064380173785    1753420  181553   81       0.5273405429507713   0.023709938203469356 0.17407853797140355  10072580
19    208792   227.35               65.21213561600052    0.00028683587251374765  0.5844141537989961    2297750  122021   35       0.6126678883991312   0.0185670377828147   0.2887618209808665   7957250 
round 19, total revenue = 4051170
20    330754   123.88579012345679   55.3214014002977     0.0004465516290864987   0.5484136246273665    1791251  181390   81       0.5281954253779679   0.023709860301653472 0.17850481362314094  10034749
20    208792   232.83467647058822   65.04616939459673    0.00027936633142706897  0.5828958963944979    2045621  121704   34       0.6137034330948425   0.018566984874177055 0.25840362115052856  7916379 
round 20, total revenue = 3836872
