Max revenue's round: 7
This round's info:
round bids     cpc                  cpm                  ctr                     winrate               revenue  imps     clks     auc                  rmse                 roi                  cost    
7     330754   98.07850694444444    59.787258811477145   0.0006095857356937848   0.7142045145334599    6900695  236226   144      0.52174005709445     0.02603997708111022  0.4886034111704024   14123305
7     208792   287.21708771929826   82.75350421820424    0.00028812179969974676  0.9475123567952796    329626   197833   57       0.49214213593767964  0.01766835164025815  0.02013429049999102  16371374
round 7, total revenue = 7230321


all rounds' info:
round bids     cpc                  cpm                  ctr                     winrate               revenue  imps     clks     auc                  rmse                 roi                  cost    
1     330754   124.80153773584905   82.85916595680713    0.0006639274440046099   0.9654063140581822    4494074  319312   212      0.5161748609376283   0.026395405031500226 0.16985738035551237  26457926
1     208792   284.97390625         87.51219956911649    0.0003070884654693415   0.9981656385302119    513670   208409   64       0.4914757483423402   0.019329534862234824 0.02816431109646552  18238330
round 1, total revenue = 5007744
2     330754   117.3088219895288    75.94348128188182    0.0006473808192248377   0.8920073528967147    5480015  295035   191      0.51747931352676     0.02613625486969019  0.24457817855363198  22405985
2     208792   292.92940983606553   86.53078677585097    0.0002953980852392967   0.9890273573700141    4306     206501   61       0.49187272131673754  0.01819250381041825  0.0002409801186365383 17868694
round 2, total revenue = 5484321
3     330754   111.34561627906977   69.9062487452502     0.0006278311718176808   0.8282862792286715    5960554  273959   172      0.5185054928016044   0.026081088882699208 0.311232582646762    19151446
3     208792   290.66195            85.42474026832816    0.00029389722414071797  0.9777817157745508    140283   204153   60       0.49203920592828954  0.01790972927362695  0.008043880528565917 17439717
round 3, total revenue = 6100837
4     330754   108.55928481012658   66.04888483280193    0.0006084130431434161   0.7851515023249908    5915633  259692   158      0.5193918668502103   0.026060020691812687 0.34488726832862193  17152367
4     208792   289.0926440677966    84.45801972745998    0.0002921486293772778   0.9672401241426875    230534   201952   59       0.4920879386090989   0.01779190614244832  0.013515929970487438 17056466
round 4, total revenue = 6146167
5     330754   103.80219078947368   63.27980315718548    0.0006096191484583053   0.7538412233865652    6414067  249336   152      0.5202030505119484   0.026049624208130482 0.4065213738707092   15777933
5     208792   284.3096610169492    83.75367608510044    0.00029458610652033894  0.9592369439442124    512730   200281   59       0.49212357110689514  0.01772996752896693  0.030566456841340933 16774270
round 5, total revenue = 6926797
6     330754   101.67298630136986   61.36018518518519    0.000603505291005291    0.7314197258385386    6471744  241920   146      0.5209796036452279   0.026043692088325028 0.43597631299271583  14844256
6     208792   290.48670175438593   83.21476962045674    0.0002864667095529109   0.9529867044714357    143258   198976   57       0.49213068263481663  0.017692751236907098 0.008652025137243955 16557742
round 6, total revenue = 6615002
7     330754   98.07850694444444    59.787258811477145   0.0006095857356937848   0.7142045145334599    6900695  236226   144      0.52174005709445     0.02603997708111022  0.4886034111704024   14123305
7     208792   287.21708771929826   82.75350421820424    0.00028812179969974676  0.9475123567952796    329626   197833   57       0.49214213593767964  0.01766835164025815  0.02013429049999102  16371374
round 7, total revenue = 7230321
8     330754   99.10118248175182    58.536600298355594   0.0005906750942062102   0.7012401966416127    6425138  231938   137      0.5225132201096939   0.02603749605099364  0.4732417549799063   13576862
8     208792   289.81523214285716   82.38778928986603    0.0002842769466625379   0.9434796352350665    178347   196991   56       0.49210208680675327  0.0176513346582191   0.010988959529818659 16229653
round 8, total revenue = 6603485
9     330754   98.61001492537314    57.679261425640576   0.0005849229560434764   0.6926295675940427    6350258  229090   134      0.5232841680677354   0.026035759758558017 0.4805798387769339   13213742
9     208792   287.7764285714286    82.09367008649761    0.0002852689168950516   0.9401988581938006    292520   196306   56       0.49209452612969984  0.017638900338732427 0.018151491609309806 16115480
round 9, total revenue = 6642778
10    330754   97.48323308270676    57.08454412567584    0.0005855832056497772   0.6866855729635922    6452730  227124   133      0.5240535222651067   0.026034500759532727 0.4976934533565441   12965270
10    208792   286.2670892857143    81.87372383184969    0.00028600466800475993  0.9377801831487796    377043   195801   56       0.49205739646813074  0.017629473112354476 0.023519681326573328 16030957
round 10, total revenue = 6829773
11    330754   96.12512030075187    56.6290944848756     0.0005891185811544066   0.6825646855366828    6633359  225761   133      0.5248185679060902   0.026033561981127103 0.5188537558465662   12784641
11    208792   285.07408928571425   81.69900512789019    0.0002865886736062067   0.9358691903904364    443851   195402   56       0.4920048460197003   0.0176221051823057   0.02780298530162804  15964149
round 11, total revenue = 7077210
12    330754   96.59540458015267    56.27876092419222    0.0005826235851364274   0.6797952556885177    6472002  224845   131      0.5255977277835164   0.026032845810563216 0.5114590661386228   12653998
12    208792   284.04391071428574   81.54314905571391    0.00028707937744786434  0.9342695122418484    501541   195068   56       0.4919326827258441   0.017616195945764662 0.03153065053636388  15906459
round 12, total revenue = 6973543
13    330754   96.64285384615384    56.01859770371196    0.0005796455244677294   0.6780719205209914    6416429  224275   130      0.5263786975247546   0.026032288768041142 0.5107169768849955   12563571
13    208792   283.26408928571425   81.42028784659132    0.00028743596850523033  0.9331104640024522    545211   194826   56       0.4918745179132651   0.017611348743031576 0.03437043763237348  15862789
round 13, total revenue = 6961640
14    330754   96.16945384615384    55.82085307210437    0.0005804426544982073   0.677140714851521     6477971  223967   130      0.5271504423631311   0.02603184801715932  0.51815357331198     12502029
14    208792   282.65803571428575   81.32038346142781    0.0002876988204348362   0.9322579409172765    579150   194648   56       0.4918197217191752   0.017607292724415094 0.0365882549900972   15828850
round 14, total revenue = 7057121
15    330754   96.56335658914729    55.65785405347441    0.0005763869030597656   0.6766599950416321    6377327  223808   129      0.527901225196762    0.026031493763889146 0.5119606976919118   12456673
15    208792   282.25703571428573   81.25218598195697    0.00028786593672089854  0.931716732441856     601606   194535   56       0.4917513013347514   0.017603837848727807 0.0380609264832953   15806394
round 15, total revenue = 6978933
16    330754   96.38636434108527    55.546406904747016   0.0005762890558687669   0.6767748840528006    6400159  223846   129      0.5286552900968574   0.02603120476502402  0.5147370792340034   12433841
16    208792   287.1322181818182    81.20505568867817    0.00028281415510556684  0.9314245756542396    322728   194474   55       0.49172255579031077  0.017600847751373192 0.020435818228054837 15792272
round 16, total revenue = 6722887
17    330754   95.52641538461538    55.443892812815314   0.0005804037824468038   0.6771860657769823    6561566  223982   130      0.5294014132064953   0.02603096556322331  0.5283730621751502   12418434
17    208792   286.9113454545455    81.16470957355429    0.00028289125145946166  0.9311707345109008    334876   194421   55       0.49172285522306547  0.017598222737273544 0.021221379502467788 15780124
round 17, total revenue = 6896442
18    330754   96.21291472868216    55.35766820543699    0.0005753662942396468   0.677860282868839     6422534  224205   129      0.5301417015313068   0.02603076472304599  0.5174677995331092   12411466
18    208792   286.7231090909091    81.1268983043872     0.0002829450983620051   0.9309935246561171    345229   194384   55       0.4917056378396766   0.017595888758688717 0.021891820749965235 15769771
round 18, total revenue = 6767763
19    330754   96.17778294573642    55.27951345571199    0.0005747638567100339   0.6785707807010648    6427066  224440   129      0.5308799909020577   0.026030593669611565 0.5180220995775426   12406934
19    208792   286.58892727272723   81.09727624457204    0.0002829742133316869   0.9308977355454232    352609   194364   55       0.4916993497518302   0.01759379006371508  0.022370273646935925 15762391
round 19, total revenue = 6779675
20    330754   96.95928125          55.21918533514271    0.0005695090209339058   0.6795231501357505    6277212  224755   128      0.5315994117672483   0.02603044590243009  0.5057867397299833   12410788
20    208792   286.58145454545456   81.09015516318887    0.00028295674363090095  0.9309552090118395    353020   194376   55       0.49170211950481013  0.017591884170329787 0.022396932365096264 15761980
round 20, total revenue = 6630232
