Max revenue's round: 10
This round's info:
round bids     cpc                  cpm                  ctr                     winrate               revenue  imps     clks     auc                  rmse                 roi                  cost    
10    330754   109.82223026315789   67.06054458388905    0.0006106281435297521   0.7525955846338971    5499021  248924   152      0.5250655923021292   0.025509631557629715 0.32942118959114486  16692979
10    208792   298.5186             76.7030287457845     0.0002569455596595471   0.7455984903636155    -220744  155675   40       0.5319220019594879   0.017518058883116493 -0.018486620264197944 11940744
round 10, total revenue = 5278277


all rounds' info:
round bids     cpc                  cpm                  ctr                     winrate               revenue  imps     clks     auc                  rmse                 roi                  cost    
1     330754   123.01763874345549   79.34290210274298    0.0006449717529386737   0.895339134220599     4389631  296137   191      0.5261577056276721   0.025593773813749898 0.18682167444680495  23496369
1     208792   302.98646428571425   90.03625384056164    0.00029716262755440467  0.9025681060577033    -559242  188449   56       0.5279496521789122   0.017595984108544772 -0.03296010040995467 16967242
round 1, total revenue = 3830389
2     330754   122.11614999999999   76.76050175131043    0.0006285859958024424   0.8657703308198843    4299093  286357   180      0.5258423644481456   0.025561595675966636 0.19558305760540273  21980907
2     208792   290.9367818181818    87.76469781651245    0.00030166243425130127  0.8732279014521629    113477   182323   55       0.528342283378368    0.017564232810976865 0.007091637464758823 16001523
round 2, total revenue = 4412570
3     330754   119.68800574712644   74.79130259902101    0.0006248855274357068   0.8418673697067911    4578287  278451   174      0.5256230890532074   0.025543677742547812 0.21983818753288303  20825713
3     208792   292.6584807692308    85.89674830246827    0.0002935050714289746   0.8485430476263458    17759    177169   52       0.5287542279904948   0.017547511180919705 0.001166954840575859 15218241
round 3, total revenue = 4596046
4     330754   117.98473214285714   72.99664136643355    0.0006186956569774508   0.8209696632542615    4706565  271539   168      0.5254545693760093   0.025532597900295207 0.23744824731408196  19821435
4     208792   297.4016530612245    84.33703722994832    0.00028357958458484527  0.827574811295452     -215681  172791   49       0.5292016553840404   0.017537574941782222 -0.014800365149007242 14572681
round 4, total revenue = 4490884
5     330754   115.92660975609756   71.51172430395174    0.0006168706602772909   0.8037937560845825    4932036  265858   164      0.5253223540380874   0.025525236175173723 0.25941749100724154  19011964
5     208792   298.0332340425532    82.89086799062656    0.00027812625748573864  0.8093605118970075    -236562  168988   47       0.5296318653941972   0.017531162283164547 -0.016888163693296522 14007562
round 5, total revenue = 4695474
6     330754   114.7109125          70.27832193538012    0.0006126559400822491   0.7895837994400673    5006254  261158   160      0.5252383474855762   0.025520082559296917 0.2727646988249701   18353746
6     208792   300.1164444444444    81.48941048693658    0.0002715259759850359   0.7937564657649718    -320240  165730   45       0.5300797419368747   0.0175267669953428   -0.02371227760484079 13505240
round 6, total revenue = 4686014
7     330754   114.12964102564104   69.22111287362758    0.0006065130167024354   0.7776413890686129    4971776  257208   156      0.5251695803126916   0.02551632904268327  0.2792469921744413   17804224
7     208792   303.6803023255814    80.21039926289926    0.0002641277641277641   0.7797233610483161    -459253  162800   43       0.5305578611877659   0.017523613116187    -0.035169559052041645 13058253
round 7, total revenue = 4512523
8     330754   112.74572727272728   68.36679713032453    0.0006063803816258869   0.7678395423789282    5121158  253966   154      0.5251177551648023   0.025513509327287076 0.29494929459128866  17362842
8     208792   294.00862790697676   78.954122768122      0.0002685435571404483   0.766901988581938     -43371   160123   43       0.5310135229820627   0.017521266775164333 -0.003430606489874407 12642371
round 8, total revenue = 5077787
9     330754   111.87299342105263   67.66879698200906    0.0006048716040637822   0.7597580074617389    5187305  251293   152      0.5250859959036603   0.02551133793293159  0.3050513402328004   17004695
9     208792   306.746              77.7709182412261     0.0002535352318896615   0.7556276102532664    -549840  157769   40       0.5314684361944731   0.017519469415750985 -0.04481232029105514 12269840
round 9, total revenue = 4637465
10    330754   109.82223026315789   67.06054458388905    0.0006106281435297521   0.7525955846338971    5499021  248924   152      0.5250655923021292   0.025509631557629715 0.32942118959114486  16692979
10    208792   298.5186             76.7030287457845     0.0002569455596595471   0.7455984903636155    -220744  155675   40       0.5319220019594879   0.017518058883116493 -0.018486620264197944 11940744
round 10, total revenue = 5278277
11    330754   110.2200134228188    66.51188465666323    0.0006034465301824514   0.7465215840171245    5331218  246915   149      0.5250519007819293   0.025508267793314346 0.3246233189967449   16422782
11    208792   298.64958974358973   75.74171690174734    0.000253613999492772    0.7365081037587647    -220334  153777   39       0.5324059601490936   0.017516929132393826 -0.018917118715750747 11647334
round 11, total revenue = 5110884
12    330754   111.73616551724137   66.05892474170479    0.0005912045078324404   0.7415239120312982    4968256  245262   145      0.5250410798373932   0.025507162155543835 0.30664945699672824  16201744
12    208792   291.9440512820513    74.8717243918959     0.000256459153947827    0.7283372926165753    41182    152071   39       0.5329134986681231   0.017516008345253794 0.0036169557602273284 11385818
round 12, total revenue = 5009438
13    330754   112.68106338028169   65.63828757317319    0.0005825139167497365   0.737016030040453     4731289  243771   142      0.5250489457775698   0.02550625467120035  0.2956924226679677   16000711
13    208792   285.374              73.95810878160614    0.00025916204272851117  0.7207412161385494    297414   150485   39       0.5333887733078456   0.017515246420037694 0.026722826886822204 11129586
round 13, total revenue = 5028703
14    330754   114.68097101449275   65.26551635970736    0.0005691050204960287   0.733130967425942     4322026  242486   138      0.5250473697752445   0.02550550172140844  0.27309699864286396  15825974
14    208792   287.38473684210527   73.22198680469882    0.0002547873196373974   0.7143185562665236    213380   149144   38       0.5338663685514162   0.01751460750480169  0.01953918367272188  10920620
round 14, total revenue = 4535406
15    330754   114.47397810218978   64.95905611610915    0.000567456964395182    0.7299322154834106    4319065  241428   137      0.525055024643681    0.025504870904399114 0.2753990244810681   15682935
15    208792   290.2345945945946    72.56306126723922    0.00025001520362724763  0.7087963140350205    102320   147991   37       0.534340744892875    0.017514065372690533 0.00952817292255659  10738680
round 15, total revenue = 4421385
16    330754   113.56901459854015   64.6907027894542     0.0005696157796044289   0.7271658090302763    4443045  240513   137      0.5250617648679109   0.025504337700894174 0.2855619159512962   15558955
16    208792   285.69840540540537   71.95306746169501    0.0002518497341964292   0.7036332809686194    270159   146913   37       0.5348134743541835   0.017513600464612103 0.02555700156685736  10570841
round 16, total revenue = 4713204
17    330754   112.86041605839416   64.48037048775606    0.0005713284846867285   0.724985941213107     4540123  239792   137      0.525073936671583    0.025503883251384182 0.29363336676394464  15461877
17    208792   281.7851081081081    71.42792842168724    0.00025348368798213284  0.6990976665772635    414951   145966   37       0.5352859792409259   0.017513197944448486 0.039799448477558466 10426049
round 17, total revenue = 4955074
18    330754   113.01474264705882   64.2795217304025     0.0005687711198099635   0.7229300325921985    4485995  239112   136      0.5251025439280746   0.02550349283936901  0.2918668536542441   15370005
18    208792   278.1641891891892    70.92211166085531    0.0002549649250954396   0.6950362082838423    548925   145118   37       0.5357704614378521   0.017512846388147856 0.05333472599062871  10292075
round 18, total revenue = 5034920
19    330754   112.4616544117647    64.11214228526637    0.0005700800207911537   0.7212701887203178    4561215  238563   136      0.5251266764636787   0.025503154834406447 0.2982202757345069   15294785
19    208792   274.6806216216216    70.41726484119505    0.00025636051216673135  0.6912525384114334    677817   144328   37       0.5362476823904796   0.01751253688045652  0.06669337745861705  10163183
round 19, total revenue = 5239032
20    330754   111.11762043795622   63.948960516864034   0.0005755069291874431   0.7197222104645749    4778886  238051   137      0.5251560576498836   0.02550285994151971  0.31392302521021653  15223114
20    208792   279.18227777777776   69.98413781578141    0.0002506754310224772   0.6878232882485918    497438   143612   36       0.5367284965361618   0.017512262380152088 0.04949355070890563  10050562
round 20, total revenue = 5276324
