Max revenue's round: 20
This round's info:
round bids     cpc                  cpm                  ctr                     winrate               revenue  imps     clks     auc                  rmse                 roi                  cost    
20    330754   128.62740909090908   49.81199795809399    0.00038725803707115574  0.5152741916953385    1146591  170429   66       0.5192420195469298   0.02233318347505847  0.13506134525972302  8489409 
20    208792   175.59348484848488   52.85197650449662    0.0003009905324796147   0.5251063259128702    3874415  109638   33       0.521366327826953    0.019449514159659946 0.668626830049089    5794585 
round 20, total revenue = 5021006


all rounds' info:
round bids     cpc                  cpm                  ctr                     winrate               revenue  imps     clks     auc                  rmse                 roi                  cost    
1     330754   161.22442156862743   69.48946770165601    0.0004310108048492941   0.7154955042115893    -1552891 236653   102      0.516417290828115    0.022352996966456748 -0.09442999652597271 16444891
1     208792   216.28216            72.75613415413596    0.00033639452349715747  0.7118807233993639    3835892  148635   50       0.5147227186845579   0.01945549125447217  0.35471182644005406  10814108
round 1, total revenue = 2283001
2     330754   153.88522680412373   66.20275244819756    0.000430208629009367    0.6816909243727967    -764867  225472   97       0.5164520130598858   0.02234686108181277  -0.05124096034352018 14926867
2     208792   211.62163829787232   69.80144287789575    0.00032984076410771056  0.6824638875052684    3824783  142493   47       0.5152334436356096   0.01945372352059213  0.3845465064757787   9946217 
round 2, total revenue = 3059916
3     330754   152.63433333333336   63.52617194545026    0.0004161984434178216   0.6537880116340241    -597090  216243   90       0.5165375903449463   0.022343066350417818 -0.04346553746099065 13737090
3     208792   219.4237857142857    67.18376794267094    0.00030618270359327273  0.656983984060692     3090201  137173   42       0.5156575618617947   0.019452605301261493 0.3353155814270689   9215799 
round 3, total revenue = 2493111
4     330754   145.51410227272726   61.36246058596333    0.00042169425249901764  0.630928121806539     42759    208682   88       0.5166465052229552   0.022340561603668332 0.0033391796374625045 12805241
4     208792   221.36584615384615   64.98214608297705    0.00029355091226591196  0.6363079045174145    2793732  132856   39       0.5160602710026311   0.019451854543165698 0.3236007500288419   8633268 
round 4, total revenue = 2836491
5     330754   139.8756976744186    59.47095989558614    0.00042517006802721087  0.6115481596594448    526690   202272   86       0.5167902339964932   0.02233882493043955  0.043783891179128315 12029310
5     208792   214.4634210526316    63.08968453648152    0.0002941745693826205   0.6186779186942029    2984390  129175   38       0.5164644963676424   0.01945132697051887  0.36620034578341787  8149610 
round 5, total revenue = 3511080
6     330754   144.20167088607593   57.86701479193758    0.00040129226267880366  0.59519763933316      142068   196864   79       0.5169371160033281   0.02233757353639969  0.012470931181822364 11391932
6     208792   203.8541052631579    61.465174958343255   0.00030151551217963977  0.6036150810375877    3387544  126030   38       0.5168588359510337   0.01945094254445562  0.4373024257802536   7746456 
round 6, total revenue = 3529612
7     330754   143.0973552631579    56.530231518541235   0.00039504735370252933  0.5816467828053478    220601   192382   76       0.5171032290667245   0.022336643496583652 0.020284405197455283 10875399
7     208792   195.15994736842103   60.09641580836771    0.0003079341669165255   0.5910331813479444    3717922  123403   38       0.5172334646201522   0.019450653984915214 0.5013326450989324   7416078 
round 7, total revenue = 3938523
8     330754   147.2658591549296    55.447953290802936   0.0003765160072333498   0.5701246243431675    -89876   188571   71       0.5172636039788305   0.022335934541529233 -0.008595740806413543 10455876
8     208792   198.47936111111113   58.95621142611967    0.00029703950625433183  0.5804628529828729    3402743  121196   36       0.517586987448757    0.019450431927536642 0.4762240182543469   7145257 
round 8, total revenue = 3312867
9     330754   142.33301408450706   54.50695519441643    0.0003829537057513174   0.5605404620956965    260356   185401   71       0.5174245105407365   0.02233538258507423  0.025763424874258384 10105644
9     208792   197.87720000000002   58.015865835678866   0.0002931912612250369   0.5717460439097284    3329298  119376   35       0.5179152803070924   0.019450257371957047 0.4807163230528833   6925702 
round 9, total revenue = 3589654
10    330754   138.344661971831     53.73666358478902    0.0003884259993763301   0.5526433542753829    543529   182789   71       0.5175871037158013   0.022334945140630547 0.05533526136142321  9822471 
10    208792   197.8305294117647    57.1463356612462     0.0002888650999983008   0.5637284953446492    3235762  117702   34       0.5182429060267909   0.019450117596458608 0.48106564174505867  6726238 
round 10, total revenue = 3779291
11    330754   134.87026760563379   53.04176521743947    0.00039327989896584004  0.5458225750860156    790211   180533   71       0.517752465136377    0.022334593154440707 0.08252176400294535  9575789 
11    208792   193.0425588235294    56.415597252903105   0.0002922443506588391   0.5572100463619296    3398553  116341   34       0.5185685909795457   0.019450003832877934 0.5178000218482758   6563447 
round 11, total revenue = 4188764
12    330754   133.79887142857143   52.44487809794721    0.00039196801540994255  0.5399360249611493    854079   178586   70       0.5179270112655676   0.022334306222370256 0.09119007089639129  9365921 
12    208792   188.73782352941177   55.74936145813424    0.00029537991069101524  0.5512950687765815    3544914  115106   34       0.5188869374072943   0.019449909885684208 0.5524180289932221   6417086 
round 12, total revenue = 4398993
13    330754   133.14201449275365   51.92423428871795    0.0003899913523656649   0.5349202126051386    887201   176927   69       0.5180988074819993   0.022334069679181133 0.09657346372768143  9186799 
13    208792   185.2485             55.219036848057655   0.0002980808851248871   0.5462996666538947    3663551  114063   34       0.5192146844249268   0.01944983128143431  0.5816592307090206   6298449 
round 13, total revenue = 4550752
14    330754   132.8592205882353    51.473523781307684   0.00038742906629595024  0.5306542022167532    893573   175516   68       0.5182686420939963   0.022333872767828652 0.09890754554771432  9034427 
14    208792   182.11614705882351   54.72917145433011    0.0003005179515282222   0.5418694202843021    3770051  113138   34       0.5195237515607254   0.019449764728181277 0.6088633804961895   6191949 
round 14, total revenue = 4663624
15    330754   130.9107794117647    51.08068421777451    0.0003901946382666177   0.5268930987985028    1026067  174272   68       0.5184292003336194   0.022333707454418976 0.11526339279345284  8901933 
15    208792   179.59479411764704   54.33162793180767    0.00030252340107484783  0.5382773286332809    3855777  112388   34       0.5198390655401242   0.019449707762333894 0.6314504072320974   6106223 
round 15, total revenue = 4881844
16    330754   131.1898208955224    50.74221090732755    0.0003867846648539744   0.5237215574112483    992282   173223   67       0.5185995115971613   0.022333567641436642 0.11289122131108188  8789718 
16    208792   177.2490588235294    53.953231033680105   0.0003043922003975004   0.5349726043143416    3935532  111698   34       0.5201612935017604   0.01944965851233181  0.6530412175091612   6026468 
round 16, total revenue = 4927814
17    330754   131.72898484848486   50.44627605254607    0.0003829550201921738   0.5210639931792208    941887   172344   66       0.5187670362824406   0.022333448633522886 0.108336181045726    8694113 
17    208792   175.28867647058823   53.64514793378759    0.0003060388669361009   0.53209414153799      4002185  111097   34       0.5204630827615198   0.019449615537069233 0.6715283947572198   5959815 
round 17, total revenue = 4944072
18    330754   130.4280606060606    50.175457412145974   0.0003846983323910167   0.5187027216602067    1027748  171563   66       0.5189193631165385   0.022333346767381954 0.11939102154537297  8608252 
18    208792   178.65733333333336   53.337784412177136   0.00029854797123083184  0.5294024675274914    3773308  110535   33       0.5207714221097144   0.01944957771328817  0.6400110453531155   5895692 
round 18, total revenue = 4801056
19    330754   129.46689393939394   49.97873883569536    0.000386034895214922    0.5169068250119424    1091185  170969   66       0.5190800130199202   0.022333259150719532 0.12770141893066145  8544815 
19    208792   177.04881818181818   53.080384479108936   0.0002998064885392156   0.5271801601593931    3826389  110071   33       0.5210745456467476   0.019449544155735358 0.6549107924522102   5842611 
round 19, total revenue = 4917574
20    330754   128.62740909090908   49.81199795809399    0.00038725803707115574  0.5152741916953385    1146591  170429   66       0.5192420195469298   0.02233318347505847  0.13506134525972302  8489409 
20    208792   175.59348484848488   52.85197650449662    0.0003009905324796147   0.5251063259128702    3874415  109638   33       0.521366327826953    0.019449514159659946 0.668626830049089    5794585 
round 20, total revenue = 5021006
