Max revenue's round: 20
This round's info:
round bids     cpc                  cpm                  ctr                     winrate               revenue  imps     clks     auc                  rmse                 roi                  cost    
20    330754   116.8656274509804    44.12145686049524    0.00037754006736499243  0.4084153177285838    1485853  135085   51       0.5092212908118093   0.0240886473692556   0.2492980458367889   5960147 
20    208792   318.1323333333333    50.97348772124721    0.00016022730914257025  0.4483744587915246    -376985  93617    15       0.5192058908169876   0.016665900137456707 -0.07899961965513304 4771985 
round 20, total revenue = 1108868


all rounds' info:
round bids     cpc                  cpm                  ctr                     winrate               revenue  imps     clks     auc                  rmse                 roi                  cost    
1     330754   129.4775479452055    55.52862833106171    0.0004288668515298209   0.5146302085537893    1206139  170216   73       0.5074214834635157   0.024090680774815694 0.1276086264916507   9451861 
1     208792   318.9443             58.3239096644418     0.0001828655024229679   0.523822751829572     -518886  109370   20       0.511379067501519    0.016667031253834518 -0.08134429742121116 6378886 
round 1, total revenue = 687253
2     330754   127.12408450704226   54.249471077559264   0.0004267442419579747   0.5030203716357172    1340190  166376   71       0.5075177841070662   0.024090339493833966 0.1484841803671914   9025810 
2     208792   325.01684210526315   57.442165480675314   0.000176735965769034    0.5148904172573662    -608320  107505   19       0.5118541813487748   0.01666686720836703  -0.09850825544263293 6175320 
round 2, total revenue = 731870
3     330754   125.23986956521739   53.058618021956434   0.0004236559667951961   0.49241430186785345   1432449  162868   69       0.5076213482644708   0.024090062257770252 0.16576295158126128  8641551 
3     208792   333.0323888888889    56.626925874495804   0.00017003429024853347  0.5070165523583279    -720583  105861   18       0.5123309471913271   0.016666729577185138 -0.12020569237259705 5994583 
round 3, total revenue = 711866
4     330754   124.04064179104478   52.029493335670594   0.00041945520907024934  0.4829299116563972    1471277  159731   67       0.5077213673229228   0.024089834795251876 0.17703357457588226  8310723 
4     208792   324.02872222222226   55.886292208041084   0.00017247326664367022  0.49984673742288976   -558517  104364   18       0.5127863196947906   0.016666613036739625 -0.09575917224073244 5832517 
round 4, total revenue = 912760
5     330754   125.309484375        51.10273042979578    0.00040781215152770257  0.474476499150426     1324193  156935   64       0.5078302727627495   0.02408964648130173  0.1651153201068305   8019807 
5     208792   334.70164705882354   55.232903307221136   0.00016502130716289544  0.49339534081765585   -708928  103017   17       0.5132371492111888   0.016666513535208264 -0.12459349221993671 5689928 
round 5, total revenue = 615265
6     330754   123.10085714285715   50.240039905160465   0.0004081209592785976   0.46670939731643457   1442646  154366   63       0.5079252656586863   0.024089489291148382 0.1860193615920047   7755354 
6     208792   348.00631250000004   54.67660084252285    0.00015711381914235495  0.48774378328671597   -880101  101837   16       0.5136850877358182   0.016666427945556096 -0.15806124924817277 5568101 
round 6, total revenue = 562545
7     330754   121.4614677419355    49.52231611481932    0.00040772038273106893  0.4597525653506836    1521389  152065   62       0.5080250168652174   0.024089357085287727 0.2020272989801226   7530611 
7     208792   340.718125           54.128423059356194   0.00015886569890978414  0.4823652247212537    -763490  100714   16       0.5140912307794477   0.01666635382408365  -0.14005161891519566 5451490 
round 7, total revenue = 757899
8     330754   120.16695081967214   48.86463569095394    0.0004066395573628425   0.4535394885624966    1575816  150010   61       0.5081267848391526   0.024089245111712433 0.21497632255888802  7330184 
8     208792   356.8392             53.670252980517596   0.0001504045883426417   0.4776571899306487    -957588  99731    15       0.514506790196267    0.016666289239342984 -0.1789018695255454  5352588 
round 8, total revenue = 618228
9     330754   123.29086206896552   48.266791762569774   0.00039148717879489446  0.4479250439903977    1317130  148153   58       0.508228095889223    0.024089149653463256 0.1841915738924075   7150870 
9     208792   351.1755333333333    53.26867769597929    0.000151686756734892    0.473619678914901     -872633  98888    15       0.5149182196248451   0.01666623264893187  -0.16565941476940402 5267633 
round 9, total revenue = 444497
10    330754   127.18818181818183   47.754718913199305   0.0003754650646823907   0.4428820210791102    1034650  146485   55       0.5083211035297464   0.024089067775242057 0.14790539429764057  6995350 
10    208792   346.19773333333336   52.92356454210065    0.0001528709157986996   0.4699509559753247    -797966  98122    15       0.5153307228503659   0.016666182809451775 -0.15366285856676126 5192966 
round 10, total revenue = 236684
11    330754   126.93540740740741   47.29010804023567    0.0003725525368068108   0.4382290161267891    1029488  144946   54       0.5084194524526917   0.024088997138697422 0.1501912900582857   6854512 
11    208792   341.7982             52.60430111939915    0.0001539045586530273   0.46679470477796087   -731973  97463    15       0.5157492558587188   0.016666138709814433 -0.14276903740277158 5126973 
round 11, total revenue = 297515
12    330754   124.44712962962964   46.82799445323224    0.0003762882646839527   0.4338783506775428    1163855  143507   54       0.5085079223665555   0.024088935866052163 0.17318897136892136  6720145 
12    208792   338.0046666666667    52.34214981830195    0.00015485629335976214  0.46392582091267864   -675070  96864    15       0.5161433393366842   0.016666099521232224 -0.13314806304449445 5070070 
round 12, total revenue = 488785
13    330754   122.27398148148147   46.42401636808505    0.0003796720758219197   0.4300114284332162    1281205  142228   54       0.5086007409351347   0.02408888243824209  0.19403979678302902  6602795 
13    208792   334.57793333333336   52.11548406525509    0.00015576485737131226  0.46121977853557605   -623669  96299    15       0.5165264370459285   0.01666606455929367  -0.1242698014154749  5018669 
round 13, total revenue = 657536
14    330754   122.63575471698113   46.068049245511695   0.00037564941278200284  0.42656778149319435   1238305  141089   53       0.508692472340035    0.024088835618013064 0.19051740120113328  6499695 
14    208792   331.3151333333334    51.88960584703733    0.00015661707126076742  0.458710103835396     -574727  95775    15       0.5169229985168386   0.01666603325490304  -0.11564558777574704 4969727 
round 14, total revenue = 663578
15    330754   120.59877358490567   45.698010281048695   0.0003789259950382143   0.42287923955568185   1346265  139869   53       0.5087873076760184   0.024088794391283423 0.2106259098664134   6391735 
15    208792   328.43140000000005   51.68458213558824    0.0001573679682746176   0.45652132265604045   -531471  95318    15       0.5173302153574109   0.01666600513179719  -0.10788067158012297 4926471 
round 15, total revenue = 814794
16    330754   120.98375            45.340350548452655   0.0003747639707684103   0.4195081540963979    1300845  138754   52       0.5088748164741661   0.024088757922022315 0.20677363695537623  6291155 
16    208792   325.7914666666667    51.49496311907271    0.00015806111696522654  0.45451933024253804   -491872  94900    15       0.5177153780607756   0.01666597978899539  -0.10065170522166327 4886872 
round 16, total revenue = 808973
17    330754   119.24336538461539   45.01186881152182    0.00037747902087749354  0.4164908058557115    1391345  137756   52       0.5089586541253986   0.024088725517231846 0.22438677849356237  6200655 
17    208792   323.4105333333333    51.32957359009629    0.0001587133636652206   0.452651442584007     -456158  94510    15       0.5180933545846008   0.016665956886985658 -0.09403074482422548 4851158 
round 17, total revenue = 935187
18    330754   117.55617307692307   44.6909754207425     0.00038016698103551636  0.413546019095763     1479079  136782   52       0.5090481796909505   0.024088696599554742 0.24195944950049247  6112921 
18    208792   321.3847333333334    51.194934423618115   0.00015929485477619073  0.45099908042453735   -425771  94165    15       0.5184661273232423   0.01666593613676791  -0.08832010481310977 4820771 
round 18, total revenue = 1053308
19    330754   118.36076470588235   44.41010417586298    0.0003752096759954092   0.4109519461593813    1409601  135924   51       0.5091342231815312   0.02408867068568819  0.23351686990869888  6036399 
19    208792   319.56626666666665   51.06904744148387    0.00015980737883937226  0.4495526648530595    -398494  93863    15       0.5188321268811683   0.01666591729110004  -0.08313226218703935 4793494 
round 19, total revenue = 1011107
20    330754   116.8656274509804    44.12145686049524    0.00037754006736499243  0.4084153177285838    1485853  135085   51       0.5092212908118093   0.0240886473692556   0.2492980458367889   5960147 
20    208792   318.1323333333333    50.97348772124721    0.00016022730914257025  0.4483744587915246    -376985  93617    15       0.5192058908169876   0.016665900137456707 -0.07899961965513304 4771985 
round 20, total revenue = 1108868
