Max revenue's round: 3
This round's info:
round bids     cpc                  cpm                  ctr                     winrate               revenue  imps     clks     auc                  rmse                 roi                  cost    
3     330754   104.56643396226416   44.192982735935566   0.00042263067660779075  0.3791488538309438    2195979  125405   53       0.5184117926186611   0.023709285740147017 0.3962415515928215   5542021 
3     208792   186.431375           50.98745356337033    0.0002734918066412927   0.42029388099160886   2557647  87754    24       0.5958052521187344   0.01856684808765237  0.5716238750049448   4474353 
round 3, total revenue = 4753626


all rounds' info:
round bids     cpc                  cpm                  ctr                     winrate               revenue  imps     clks     auc                  rmse                 roi                  cost    
1     330754   112.68937735849057   45.88223951571395    0.0004071567399804872   0.39355835454748844   1765463  130171   53       0.518261090783332    0.02370941687482635  0.29559682928711867  5972537 
1     208792   189.99136            52.50991100547233    0.000276380520700901    0.43323020039081955   2575216  90455    25       0.5958739912056557   0.018566871824275626 0.5421753915546476   4749784 
round 1, total revenue = 4340679
2     330754   108.39911320754717   44.98311122942733    0.00041497674564274417  0.3861419665370638    1992847  127718   53       0.5183370597314028   0.02370934509650568  0.3468744870676203   5745153 
2     208792   184.17456            51.70479837396548    0.0002807380040650863   0.426505804820108     2720636  89051    25       0.5958433148077169   0.018566858057740703 0.5908820414719601   4604364 
round 2, total revenue = 4713483
3     330754   104.56643396226416   44.192982735935566   0.00042263067660779075  0.3791488538309438    2195979  125405   53       0.5184117926186611   0.023709285740147017 0.3962415515928215   5542021 
3     208792   186.431375           50.98745356337033    0.0002734918066412927   0.42029388099160886   2557647  87754    24       0.5958052521187344   0.01856684808765237  0.5716238750049448   4474353 
round 3, total revenue = 4753626
4     330754   104.94264705882352   43.42595297210457    0.0004138065332749136   0.3726213439595591    2093925  123246   51       0.5184878916783962   0.023709236556366208 0.391236109359454    5352075 
4     208792   198.29395454545457   50.3754893243571     0.000254044503978106    0.41476205984903636   2083533  86599    22       0.5957629306673481   0.018566841140609417 0.47760430050244507  4362467 
round 4, total revenue = 4177458
5     330754   103.71542            42.75690316197387    0.00041225213340479036  0.3666924663042624    2114229  121285   50       0.5185655032862303   0.023709195740296618 0.4076981031364478   5185771 
5     208792   193.51090909090908   49.784128914563695   0.0002572678157962439   0.40956550059389246   2188760  85514    22       0.5957351821685618   0.018566836602449333 0.5141265232873881   4257240 
round 5, total revenue = 4302989
6     330754   104.89664583333332   42.125404727044554   0.00040158962560133863  0.36137129105014604   1972961  119525   48       0.5186482380408514   0.023709161834415876 0.39184622005907005  5035039 
6     208792   198.26538095238095   49.251487514342834   0.00024841193796799036  0.40488620253649565   1989427  84537    21       0.5957094965078148   0.018566833982875033 0.47781724975159556  4163573 
round 6, total revenue = 3962388
7     330754   106.67434782608696   41.599016615801965   0.0003899626992200746   0.35663967782702555   1808980  117960   46       0.5187291674961285   0.02370913365476851  0.36865144221951407  4907020 
7     208792   193.96780952380954   48.74029579284928    0.00025128033312592734  0.40026437794551517   2079676  83572    21       0.5956866056598953   0.0185668328886499   0.5105599259965571   4073324 
round 7, total revenue = 3888656
8     330754   104.05647826086957   41.105025419071175   0.000395026106073097    0.35206830454053467   1929402  116448   46       0.5188086169312227   0.02370911023443855  0.4030841946618454   4786598 
8     208792   199.6473             48.289304373065015   0.00024187306501547988  0.39603049925284495   1867054  82688    20       0.5956640475277885   0.018566833003107214 0.4675880915995358   3992946 
round 8, total revenue = 3796456
9     330754   101.59056521739132   40.62810046686315    0.0003999200159968006   0.3477599666217189    2042834  115023   46       0.5188882777977715   0.02370909077987072  0.4371413298821399   4673166 
9     208792   195.80679999999998   47.84118645931319    0.00024432852413354997  0.39205046170351354   1943864  81857    20       0.5956470790213364   0.018566834070359    0.49637295538255055  3916136 
round 9, total revenue = 3986698
10    330754   101.60457777777779   40.19910496839255    0.0003956426555535041   0.34387792740223855   1997794  113739   45       0.5189751273337804   0.023709074636853004 0.4369431298589784   4572206 
10    208792   192.38105            47.445262405050805   0.00024662128834961034  0.3884056860416108    2012379  81096    20       0.5956414893956816   0.01856683588303488  0.5230190291611362   3847621 
round 10, total revenue = 4010173
11    330754   99.61911111111111    39.82888061624301    0.00039981164429202243  0.34029218089577146   2087140  112553   45       0.5190623346768664   0.02370906126382848  0.4655822399093436   4482860 
11    208792   199.14105263157896   47.08353554584936    0.00023643309565585295  0.3848854362236101    1783320  80361    19       0.5956289792811209   0.018566838272695164 0.47131892760487143  3783680 
round 11, total revenue = 3870460
12    330754   99.96220454545454    39.4781262341579     0.0003949305281298244   0.3368424871656881    2025663  111412   44       0.5191464193400059   0.023709050210813175 0.4605520222756919   4398337 
12    208792   206.54505555555556   46.685054497965744   0.0002260284293535587   0.3814130809609564    1556189  79636    18       0.5956168684255356   0.018566841102286222 0.41857668396806613  3717811 
round 12, total revenue = 3581852
13    330754   100.47083720930232   39.14152661381654    0.00038958097395243486  0.33370722651880247   1957754  110375   43       0.5192331225003922   0.02370904110263534  0.4531579914662267   4320246 
13    208792   203.18383333333335   46.33199893586024    0.00022802994793316188  0.37806525154220466   1616691  78937    18       0.5956089497891912   0.018566844260167106 0.44204386339792456  3657309 
round 13, total revenue = 3574445
14    330754   101.1782857142857    38.837903048914235   0.00038385610879578853  0.3308077906843152    1882512  109416   42       0.5193224116301092   0.02370903362553001  0.44299736815352814  4249488 
14    208792   200.37522222222222   46.043864016442626   0.00022978821186473133  0.37517242039924903   1667246  78333    18       0.5955901180741877   0.018566847655353578 0.4622566440627778   3606754 
round 14, total revenue = 3549758
15    330754   99.54404761904762    38.54063920205754    0.0003871717106536749   0.3279748695405044    1951150  108479   42       0.5194077811459351   0.023709027516356444 0.4666873961036631   4180850 
15    208792   197.38644444444444   45.71246976480881    0.0002315886984715146   0.3722556419786199    1721044  77724    18       0.5955758112942379   0.018566851213711533 0.4843977803271417   3552956 
round 15, total revenue = 3672194
16    330754   97.99869047619048    38.272551444538465   0.00039054145783547044  0.32514497179172436   2016055  107543   42       0.5194993309658215   0.023709022553879393 0.48981582601322415  4115945 
16    208792   206.47623529411766   45.46167594871131    0.00022017873332469886  0.3697938618337867    1470904  77210    17       0.5955650978450662   0.018566854874895466 0.41904950747785813  3510096 
round 16, total revenue = 3486959
17    330754   96.47559523809524    37.984298101710806   0.00039371924068432154  0.32252066490503517   2080025  106675   42       0.5195874165626424   0.023709018551683756 0.5133360891910735   4051975 
17    208792   204.03788235294118   45.224109831940446   0.00022164565378948877  0.36734645005555766   1512356  76699    17       0.5955626357480517   0.018566858589874773 0.4360078462938255   3468644 
round 17, total revenue = 3592381
18    330754   95.09447619047619    37.72841745307526    0.00039674667724657806  0.3200596213500064    2138032  105861   42       0.5196769821796463   0.023709015352389732 0.535315255405151    3993968 
18    208792   213.9598125          44.935380132311245   0.00021001785151737897  0.3648798804551899    1264643  76184    16       0.5955445360078362   0.018566862318926732 0.36941604395918975  3423357 
round 18, total revenue = 3402675
19    330754   93.77202380952382    37.483106821988734   0.00039972590223846506  0.3176741626707462    2193575  105072   42       0.5197630347817104   0.023709012822908732 0.55696756952335     3938425 
19    208792   211.70575            44.70787302844321    0.00021117930442816603  0.36287309858615274   1300708  75765    16       0.5955416746518462   0.01856686603000156  0.38399641955875075  3387292 
round 19, total revenue = 3494283
20    330754   92.56711904761906    37.26248849869652    0.00040254562183714154  0.31544894392811573   2244181  104336   42       0.5198611552406507   0.023709010850536637 0.5772339195831905   3887819 
20    208792   209.4304375          44.48040725303316    0.0002123875009955664   0.3608088432506993    1337113  75334    16       0.5955417411950088   0.0185668696973857   0.39903255466388454  3350887 
round 20, total revenue = 3581294
