Max revenue's round: 4
round bids     cpc                  cpm                  ctr                     revenue  imps     clks     auc                  rmse                 roi                  cost    
1     250550   267.16809375         85.47840388730029    0.0003199424103661341   1461242  200036   64       0.5672179308810179   0.018217760948410003 0.08545895555688898  17098758
1     206295   260.2247391304348    67.02054230797225    0.0002575486962996971   1415662  178607   46       0.4999038499011877   0.016122161438465017 0.11826416263266752  11970338
round 1, total revenue = 2876904	optimal mu = 0.18000000000000105, 0.9400000000000017
2     250550   259.6467575757576    85.81171851918619    0.0003304940886625505   2003314  199701   66       0.571098874050262    0.0182025700098488   0.11690206612877192  17136686
2     206295   228.2983142857143    52.517900451537      0.00023004068433817295  2194559  152147   35       0.4993822058827027   0.01605603852492437  0.2746480450828684   7990441 
round 2, total revenue = 4197873	optimal mu = -0.2999999999999994, 0.9400000000000017
3     250550   258.48               85.08013672616786    0.0003291555893151032   2048800  197475   65       0.5746295317936456   0.018200030587446955 0.1219436706901888   16801200
3     206295   199.5193142857143    48.49360425549645    0.0002430521798308357   3201824  144002   35       0.4989814127495946   0.01604262446342628  0.4585054135825876   6983176 
round 3, total revenue = 5250624	optimal mu = -0.4199999999999995, 0.7800000000000016
4     250550   252.08443076923078   84.1005994908434     0.00033362076045002876  2464512  194832   65       0.5779605143375308   0.018199205898319783 0.15040821487892214  16385488
4     206295   183.57170000000002   42.01141989670982    0.0002288556454873481   3222849  131087   30       0.49853048616819984  0.0160376205255863   0.5852116638893685   5507151 
round 4, total revenue = 5687361	optimal mu = -0.4599999999999995, 0.9400000000000017
5     250550   253.62351612903228   82.47616400132175    0.00032519131214694453  2255342  190657   62       0.5811413676842021   0.01819883927242844  0.14342709393107309  15724658
5     206295   182.63053333333332   41.79507208787856    0.00022885040811656114  3251084  131090   30       0.49803363442067416  0.0160351790109572   0.5933808804515346   5478916 
round 5, total revenue = 5506426	optimal mu = -0.4599999999999995, 0.7800000000000016
6     250550   254.6766875          83.86661041019202    0.0003293061930145924   2260692  194348   64       0.5842296710227224   0.01819864076168134  0.13869864904694112  16299308
6     206295   192.50684375         44.70308338715412    0.00023221555408808227  3151781  137803   32       0.497627352223885    0.016033786956422342 0.5116345701346008   6160219 
round 6, total revenue = 5412473	optimal mu = -0.49999999999999956, 0.5000000000000013
