Max revenue's round: 20
round bids     cpc                  cpm                  ctr                     revenue  imps     clks     auc                  rmse                 roi                  cost    
1     250550   307.1774457831325    102.87919555164594   0.00033491780390764337  -1425728 247822   83       0.5565047864083867   0.019127904355771014 -0.055920270250765146 25495728
1     206295   324.0502641509434    83.32280882195981    0.00025712927295485196  -1751664 206122   53       0.5174166160910438   0.019020522467253498 -0.10199116559136179 17174664
round 1, total revenue = -3177392	optimal mu = 0.9400000000000017, 0.9400000000000017
2     250550   293.72431645569617   98.23763679854363    0.00033445524015156324  -294221  236205   79       0.5583726225916013   0.018480416190752122 -0.01267963272716632 23204221
2     206295   315.4753962264151    81.92479862023009    0.0002596868079101582   -1297196 204092   53       0.5172767364515729   0.017049104411842056 -0.07758258336206107 16720196
round 2, total revenue = -1591417	optimal mu = 0.8200000000000016, 0.9400000000000017
3     250550   281.25031081081084   93.45416541312869    0.0003322811098189068   647477   222703   74       0.5598310067637028   0.018340555041579342 0.031109971626217543 20812523
3     206295   311.0541509433962    81.22358586779262    0.0002611236198631318   -1062870 202969   53       0.5172502974615093   0.016571036435993083 -0.0644715747485574  16485870
round 3, total revenue = -415393	optimal mu = 0.8600000000000017, 0.5800000000000014
4     250550   276.03550746268655   88.41920092557622    0.00032031821463232726  935621   209167   67       0.5611604270211197   0.01828708190925715  0.05058947910605704  18494379
4     206295   308.62164            78.10516885325559    0.0002530774214447684   -881082  197568   50       0.5172647519958693   0.016378139977920987 -0.05709787557346918 15431082
round 4, total revenue = 54539	optimal mu = 0.9400000000000017, 0.9400000000000017
5     250550   272.347564516129     84.66565549193233    0.0003108735546886752   1094451  199438   62       0.5624547802536188   0.01826069461645704  0.06481583749512675  16885549
5     206295   309.09394000000003   78.18275038700082    0.0002529417121118609   -904697  197674   50       0.5172906420795647   0.016279499045914417 -0.05853864362400635 15454697
round 5, total revenue = 189754	optimal mu = 0.9400000000000017, 0.6200000000000014
6     250550   262.0937833333333    81.79822521833664    0.0003120952514707489   1674373  192249   60       0.5636686092066766   0.01824561718638163  0.10647416475031489  15725627
6     206295   305.55206382978724   74.92654969295705    0.0002452169648400611   -683947  191667   47       0.5173149769285506   0.016221559834449957 -0.04762548040877806 14360947
round 6, total revenue = 990426	optimal mu = 0.9000000000000017, 0.9400000000000017
7     250550   259.8574827586207    80.11254863606403    0.0003082941764293156   1748266  188132   58       0.5648477559581353   0.018236140024003977 0.11599634123054454  15071734
7     206295   300.39               73.20452643066784    0.000243698280337787    -431940  188758   46       0.5173279677125955   0.016184277821912618 -0.03125936282832318 13817940
round 7, total revenue = 1316326	optimal mu = 0.8200000000000016, 0.9400000000000017
8     250550   257.49187719298243   79.09292600516255    0.00030716668373148245  1852963  185567   57       0.5660031398696632   0.018229771077710132 0.12624911962816474  14677037
8     206295   288.6317826086957    71.4219886388088     0.000247450187201446    108938   185896   46       0.517372063190833    0.01615868642266807  0.00820497787838906  13277062
round 8, total revenue = 1961901	optimal mu = 0.7400000000000015, 0.9400000000000017
9     250550   255.3193448275862    79.48750402576489    0.00031132581857219537  2011478  186300   58       0.5671412548347639   0.018225274758098504 0.1358324618756686   14808522
9     206295   278.4814347826087    69.86564787242166    0.0002508808097996226   575854   183354   46       0.5174393042209253   0.01614025250315496  0.04495296150410776  12810146
round 9, total revenue = 2587332	optimal mu = 0.6200000000000014, 0.9400000000000017
10    250550   262.34328571428574   83.97971088132924    0.0003201138182464876   1742373  196805   63       0.5682679694090476   0.018221978795437254 0.10542184912570933  16527627
10    206295   269.4810869565217    68.45324674607514    0.00025401874216545453  989870   181089   46       0.5175079175169379   0.016126469434816135 0.07985314771626306  12396130
round 10, total revenue = 2732243	optimal mu = 0.3400000000000012, 0.9400000000000017
11    250550   256.5240701754386    79.04440948627712    0.00030813642334701026  1908128  184983   57       0.5693722199221012   0.01821949051494231  0.1304982015982632   14621872
11    206295   264.6431739130435    67.67389346586171    0.00025571750997854196  1212414  179886   46       0.517589064175022    0.016115852672113216 0.09959382551698406  12173586
round 11, total revenue = 3120542	optimal mu = 0.5000000000000013, 0.9000000000000017
12    250550   254.8141052631579    78.80078993912694    0.0003092481472238197   2005596  184318   57       0.570461750943214    0.01821756731896505  0.13808456443376266  14524404
12    206295   259.7510222222222    65.97391250359817    0.0002539890389619186   1406204  177173   45       0.5176587752837709   0.01610747389290069  0.12030357959878844  11688796
round 12, total revenue = 3411800	optimal mu = 0.4600000000000013, 0.9400000000000017
13    250550   258.2677966101695    80.73177709726299    0.00031258940586820384  1872200  188746   59       0.5715475299369693   0.018216052344864654 0.12286550551916943  15237800
13    206295   253.4932888888889    64.97236429913994    0.0002563080252890585   1687802  175570   45       0.5177649886659983   0.016100726403983082 0.14795938494273528  11407198
round 13, total revenue = 3560002	optimal mu = 0.3400000000000012, 0.9400000000000017
14    250550   259.47492307692306   84.84520886992917    0.00032698808757244046  1984130  198784   65       0.5726294606975375   0.018214840261943473 0.1176417226031032   16865870
14    206295   247.83073333333334   64.05844443040374    0.00025847659638017885  1942617  174097   45       0.5178779718934324   0.01609519894329025  0.17418851199783938  11152383
round 14, total revenue = 3926747	optimal mu = 0.140000000000001, 0.9400000000000017
15    250550   255.2333035714286    78.20503490840647    0.0003064060755947561   1946935  182764   56       0.5736578048109745   0.018213858051830394 0.1362153603863132   14293065
15    206295   242.88535555555555   63.25102863988056    0.00026041515963449286  2165159  172801   45       0.5179897658237356   0.016090604008670885 0.19809611137069605  10929841
round 15, total revenue = 4112094	optimal mu = 0.3800000000000012, 0.9400000000000017
16    250550   256.080868852459     81.76101771208441    0.0003192781174106021   2069067  191056   61       0.5747037064883279   0.018213053695553982 0.13245476438571244  15620933
16    206295   241.9153777777778    63.072892344594635   0.00026072295578718054  2208808  172597   45       0.518121411867685    0.01608673526260182  0.20289996722453546  10886192
round 16, total revenue = 4277875	optimal mu = 0.22000000000000108, 0.9000000000000017
17    250550   254.63351785714286   78.12769909322522    0.00030682409664959043  1980523  182515   56       0.5757097308492796   0.01821238924709711  0.13889169988492564  14259477
17    206295   240.15861363636364   61.94480822102505    0.0002579329022727406   2237021  170587   44       0.5182934940140846   0.016083441220562905 0.21169919993216604  10566979
round 17, total revenue = 4217544	optimal mu = 0.3400000000000012, 0.9400000000000017
18    250550   255.98980952380953   83.04552546614555    0.00032440949747424035  2142642  194199   63       0.5767153222839976   0.018211836446523556 0.13285759514980694  16127358
18    206295   240.0306590909091    61.895839560220594   0.00025786639004635734  2242651  170631   44       0.5184305376373204   0.01608060844847723  0.212345127502178    10561349
round 18, total revenue = 4385293	optimal mu = 0.140000000000001, 0.9000000000000017
19    250550   253.91774603174605   82.71321244460991    0.0003257480571455163   2273182  193401   63       0.5776922924843861   0.01821137385851264  0.14210213556220994  15996818
19    206295   237.1619090909091    61.43331312072812    0.0002590353288865602   2368876  169861   44       0.5186028027525093   0.01607815051740939  0.22700985632753382  10435124
round 19, total revenue = 4642058	optimal mu = 0.140000000000001, 0.9000000000000017
20    250550   252.25230158730162   82.44822308690013    0.00032684824902723733  2378105  192750   63       0.5786967775520628   0.018210984957013763 0.1496426322977845   15891895
20    206295   236.18344186046514   60.40461306957075    0.00025575295454139925  2357112  168131   43       0.518797938966369    0.016076000555685782 0.23209314636002287  10155888
round 20, total revenue = 4735217	optimal mu = 0.140000000000001, 0.9400000000000017
