Max revenue's round: 19
round bids     cpc                  cpm                  ctr                     revenue  imps     clks     auc                  rmse                 roi                  cost    
1     250551   313.4123521126761    89.63873044262903    0.00028600892670114885  -1662277 248244   71       0.4967738479739485   0.01782577142637548  -0.0747014339251664  22252277
1     206296   330.6100701754386    91.46128197785877    0.0002766439689188074   -2257774 206041   57       0.5791185630910416   0.01906335411417597  -0.11980902503792298 18844774
round 1, total revenue = -3920051	optimal mu = 0.9000000000000017, 0.7600000000000016
2     250551   303.40722388059703   85.3419592104048     0.0002812786001561726   -898284  238198   67       0.49857944400750387  0.017214516114289907 -0.04418887496849218 20328284
2     206296   325.92914545454545   88.79891317808722    0.0002724485196138166   -1921103 201873   55       0.5812319347090323   0.017403676988332707 -0.10716791039301737 17926103
round 2, total revenue = -2819387	optimal mu = 0.8000000000000016, 0.9600000000000017
3     250551   304.5072             80.79007017559375    0.00026531415406792926  -870432  226147   60       0.500082175884339    0.017083565703310315 -0.047641566439151524 18270432
3     206296   305.3975454545455    85.65415270702343    0.0002804677181656391   -791865  196101   55       0.5826056602869962   0.01702076416157721  -0.047143618764573035 16796865
round 3, total revenue = -1662297	optimal mu = 0.8400000000000016, 0.9600000000000017
4     250551   279.3797368421053    75.14212441076408    0.00026896053829856506  605355   211927   57       0.5014294278828432   0.01703365708207532  0.03801372024305722  15924645
4     206296   288.10054545454545   83.01478446740292    0.00028814518326033655  159470   190876   55       0.5837117692528928   0.01687067839638105  0.01006403698708721  15845530
round 4, total revenue = 764825	optimal mu = 0.9600000000000017, 0.9600000000000017
5     250551   268.5921964285714    72.89963504534064    0.00027141382368764145  1198837  206327   56       0.5026800317258799   0.017009055869174897 0.07970374365333319  15041163
5     206296   282.91781481481485   81.42517867897477    0.00028780506003933334  436438   187627   54       0.5846714801929256   0.016795517976099156 0.028567254382603716 15277562
round 5, total revenue = 1635275	optimal mu = 0.8200000000000016, 0.8600000000000017
6     250551   267.5394             72.06466131536288    0.0002693609289523819   1235333  204187   55       0.503893595426718    0.01699499952749203  0.08395249447371116  14714667
6     206296   278.0579215686275    78.11562317531316    0.00028093291762606174  660046   181538   51       0.5855356623804625   0.016752091466711187 0.04654454136160374  14180954
round 6, total revenue = 1895379	optimal mu = 0.6600000000000015, 0.9600000000000017
7     250551   268.46921428571426   72.94084884239942    0.00027169166876904265  1205724  206116   56       0.5050772719469496   0.016986159014098532 0.08019834144324609  15034276
7     206296   269.23598            75.84710343351024    0.00028171236041152543  1088201  177486   50       0.5863252419714378   0.016724523276417044 0.08083622404405236  13461799
round 7, total revenue = 2293925	optimal mu = 0.4600000000000013, 0.9600000000000017
8     250551   267.14828571428575   72.76058557463159    0.00027236029376003114  1279696  205610   56       0.5062306731413723   0.016980212052858618 0.08553943823601445  14960304
8     206296   266.216693877551     74.5061885641503     0.0002798704599585335   1214382  175081   49       0.5870985740185781   0.016705813475433894 0.0930944854038654   13044618
round 8, total revenue = 2494078	optimal mu = 0.3600000000000012, 0.9000000000000017
9     250551   269.27035714285716   73.08263461445257    0.0002714098773808947   1160860  206330   56       0.5073537990099858   0.016976008309679633 0.07698449646332615  15079140
9     206296   255.59989583333333   71.9775832634216     0.0002816025531964823   1699205  170453   48       0.587793305382454    0.016692465907076137 0.13849811656319957  12268795
round 9, total revenue = 2860065	optimal mu = 0.2600000000000011, 0.9600000000000017
10    250551   268.5818214285714    72.97958688553226    0.0002717219895872252   1199418  206093   56       0.5084751505005298   0.01697292220623674  0.07974545133958247  15040582
10    206296   245.511625           70.3606109094383     0.00028658769583492547  2183442  167488   48       0.58850062646616     0.016682567692054773 0.18527992309936445  11784558
round 10, total revenue = 3382860	optimal mu = 0.20000000000000107, 0.9600000000000017
11    250551   268.6767454545455    72.2807495524403     0.00026902495573316636  1172779  204442   55       0.5095701081172916   0.016970588398017277 0.07936397513443157  14777221
11    206296   243.42627083333335   70.01924194756555    0.00028764044943820223  2283539  166875   48       0.5891566529481254   0.01667499657240649  0.19543383301976874  11684461
round 11, total revenue = 3456318	optimal mu = 0.18000000000000105, 0.8800000000000017
12    250551   268.32363636363635   72.2246148425112     0.00026916978251081573  1192200  204332   55       0.5106224806603881   0.016968781151561814 0.08078439875862256  14757800
12    206296   238.0519347826087    67.47337515096247    0.00028343972592610847  2435611  162292   46       0.5898319893382086   0.01666905675618022  0.22242232673195445  10950389
round 12, total revenue = 3627811	optimal mu = 0.140000000000001, 0.9600000000000017
13    250551   269.09763636363635   72.32605529872846    0.0002687725402425794   1149630  204634   55       0.5116791228007138   0.016967354467067132 0.07767576080868249  14800370
13    206296   234.47158695652175   66.8954860077404     0.0002853031656246899   2600307  161232   46       0.5904880158201739   0.01666429708152806  0.24108854201579816  10785693
round 13, total revenue = 3749937	optimal mu = 0.10000000000000098, 0.9200000000000017
14    250551   267.6204363636364    72.09990742056047    0.00026941106740664906  1230876  204149   55       0.5127395354944371   0.01696621026551147  0.08362427003128718  14719124
14    206296   233.632              66.7553170343868     0.00028572848340290203  2638928  160992   46       0.5911441273678137   0.016660413943015286 0.24554855499246678  10747072
round 14, total revenue = 3869804	optimal mu = 0.08000000000000096, 0.8600000000000017
15    250551   266.89614545454543   71.9781113165082     0.0002696858405126973   1270712  203941   55       0.5137907436019253   0.016965280518235298 0.08656496146134608  14679288
15    206296   228.42136363636365   64.26916141243878    0.0002813623051246307   2753460  156382   44       0.5917951349749818   0.016657196543981692 0.2739613990890042   10050540
round 15, total revenue = 4024172	optimal mu = 0.06000000000000094, 0.9600000000000017
16    250551   266.8415454545455    71.95209660102073    0.0002696435312516853   1273715  203973   55       0.5148658503640358   0.01696451673014086  0.08678728983526826  14676285
16    206296   223.0245909090909    63.40592895080315    0.0002843001692878281   2990918  154766   44       0.5924346587160886   0.016654494568151972 0.3047888522688387   9813082 
round 16, total revenue = 4264633	optimal mu = 0.040000000000000924, 0.9600000000000017
17    250551   267.36254545454545   72.01314410523119    0.0002693464186720732   1245060  204198   55       0.5159550967013868   0.01696388350107081  0.08466950562192026  14704940
17    206296   221.87543181818182   63.209508763524056   0.00028488737236721985  3041481  154447   44       0.5930926417085679   0.016652198329471787 0.3115467432124844   9762519 
round 17, total revenue = 4286541	optimal mu = 0.020000000000000906, 0.9200000000000017
18    250551   268.2855636363637    72.13281971813085    0.00026886582617579913  1194294  204563   55       0.5169949931486827   0.016963354447706736 0.08093777417359765  14755706
18    206296   221.41168181818182   63.123167136424016   0.00028509411345449835  3061886  154335   44       0.5937506247010473   0.01665022616694563  0.31429379701366666  9742114 
round 18, total revenue = 4256180	optimal mu = 8.881784197001252e-16, 0.8800000000000017
19    250551   266.1141636363636    71.78552545747931    0.00026975462138712733  1313721  203889   55       0.5180531878698192   0.01696290954313811  0.08975785443827629  14636279
19    206296   221.29145454545457   63.0950233281493     0.0002851218247796786   3067176  154320   44       0.5944239195149419   0.016648516202373245 0.3150078506091925   9736824 
round 19, total revenue = 4380897	optimal mu = 8.881784197001252e-16, 0.8400000000000016
20    250551   258.43746153846155   58.33633916944002    0.00022572710172189263  1230939  172775   39       0.519119367292268    0.016962533335687487 0.12212834112225335  10079061
20    206296   221.70122727272727   63.14557035771158    0.00028482282725495524  3049146  154482   44       0.5950698231816383   0.016647020810440283 0.3125773076665217   9754854 
round 20, total revenue = 4280085	optimal mu = 0.5200000000000014, 0.8000000000000016
