Max revenue's round: 16
round bids     cpc                  cpm                  ctr                     revenue  imps     clks     auc                  rmse                 roi                  cost    
1     250551   197.71806451612903   69.07142374180171    0.000349343009759066    5721480  177476   62       0.5342993185710972   0.018746960757742178 0.46673497290048066  12258520
1     206296   200.98505633802816   79.2655490565304     0.00039438528665144675  6391061  180027   71       0.551368835557152    0.02008083885959096  0.44786883812187284  14269939
round 1, total revenue = 12112541	optimal mu = 0.22000000000000108, 0.2600000000000011
2     250551   197.98121666666668   67.9763834048641     0.00034334763948497857  5521127  174750   60       0.5348393638617643   0.01874468198631616  0.4647854219840552   11878873
2     206296   200.88177464788734   79.2675262602123     0.0003945978991830156   6398394  179930   71       0.5516260266390833   0.02007476339235303  0.44861324781740447  14262606
round 2, total revenue = 11919521	optimal mu = 0.140000000000001, 0.140000000000001
3     250551   199.62667213114753   68.93303255534862    0.0003453097315075317   5512773  176653   61       0.5354283185721862   0.018743166098336633 0.45271168879417295  12177227
3     206296   199.49916901408452   78.97521089694625    0.00039586736770502864  6496559  179353   71       0.5518683191008664   0.020070591708742015 0.4586526923300397   14164441
round 3, total revenue = 12009332	optimal mu = 0.020000000000000906, 0.06000000000000094
4     250551   177.1110625          56.982103718002854   0.0003217309123082182   5418669  149193   48       0.5360333344464234   0.018742112826625783 0.6373906627091687   8501331 
4     206296   200.05557746478874   79.11695473205185    0.0003954748762052236   6457054  179531   71       0.552122822588575    0.020067606925511693 0.45459578626953384  14203946
round 4, total revenue = 11875723	optimal mu = 0.3400000000000012, -0.01999999999999913
5     250551   172.0025             54.87855037281082    0.00031905670192474426  5427885  144175   46       0.5366716976523116   0.01874135505726403  0.6860220054941062   7912115 
5     206296   167.16618867924527   60.19913708170545    0.000360115508748089    6563192  147175   53       0.5523606162513331   0.020065400082736523 0.7407826444997454   8859808 
round 5, total revenue = 11991077	optimal mu = 0.3400000000000012, 0.7000000000000015
6     250551   179.45826000000002   58.72748038144107    0.0003272486893689991   5527087  152789   50       0.5373269840618811   0.01874079406998579  0.615974656167958    8972913 
6     206296   166.20352830188682   60.01803514366113    0.00036111167889676975  6614213  146769   53       0.5525811742554882   0.02006372405557959  0.7508653575117664   8808787 
round 6, total revenue = 12141300	optimal mu = 0.140000000000001, 0.6200000000000014
7     250551   177.27826000000002   58.3712842598812     0.00032926363480711735  5636087  151854   50       0.5380013260895367   0.01874036867262482  0.635846380712446    8863913 
7     206296   166.75533962264151   60.15418280323707    0.0003607331731587294   6584967  146923   53       0.5528023165192569   0.02006242239108474  0.7450715560804084   8838033 
round 7, total revenue = 12221054	optimal mu = 0.10000000000000098, 0.5400000000000014
8     250551   176.47982000000002   58.25877777924496    0.0003301158046242622   5676009  151462   50       0.5387009848669355   0.018740039400001088 0.6432473695859391   8823991 
8     206296   168.58445283018867   60.55065667312723    0.00035917106030007725  6488024  147562   53       0.5529839044071813   0.02006139215203448  0.72613782062761     8934976 
round 8, total revenue = 12164033	optimal mu = 0.06000000000000094, 0.4600000000000013
9     250551   176.93272000000002   58.36397342604749    0.00032986534896455266  5653364  151577   50       0.5393890741619248   0.018739779938227723 0.6390410999163976   8846636 
9     206296   167.04579245283017   60.241737828734735   0.0003606300819923111   6569573  146965   53       0.553172269706624    0.020060563383024182 0.7420372924518381   8853427 
round 9, total revenue = 12222937	optimal mu = 0.020000000000000906, 0.42000000000000126
10    250551   178.51858            58.66648044325554    0.0003286295490545328   5574071  152147   50       0.5400969450033084   0.018739572238246807 0.6244807683323494   8925929 
10    206296   166.1187358490566    60.05452065072815    0.00036151563725657376  6618707  146605   53       0.5533703337156534   0.020059887211690944 0.7517590566329403   8804293 
round 10, total revenue = 12192778	optimal mu = -0.01999999999999913, 0.3800000000000012
11    250551   177.48731372549022   59.12340873018465    0.00033311343492204495  5738147  153101   51       0.5408009139800362   0.018739403614288577 0.6339195963522607   9051853 
11    206296   165.89975471698114   60.01137751933223    0.0003617327682111973   6630313  146517   53       0.553561737165087    0.02005932867088639  0.7540713094870771   8792687 
round 11, total revenue = 12368460	optimal mu = -0.059999999999999165, 0.3400000000000012
12    250551   188.49338596491228   64.76889272021413    0.0003436136095102602   5785877  165884   57       0.5415030227654747   0.018739264958888734 0.5385155214622915   10744123
12    206296   166.3941320754717    60.12168334651359    0.0003613209347986147   6604111  146684   53       0.5537492845010706   0.020058862216500706 0.7488597486599502   8818889 
round 12, total revenue = 12389988	optimal mu = -0.2199999999999993, 0.30000000000000115
13    250551   176.59103921568627   58.99207425311298    0.0003340604059816463   5783857  152667   51       0.5422149315830718   0.0187391496105347   0.6422124321143913   9006143 
13    206296   167.49369811320756   60.35849980282035    0.00036036281055795043  6545834  147074   53       0.5539288859063085   0.020058468843269475 0.7373787985940558   8877166 
round 13, total revenue = 12329691	optimal mu = -0.0999999999999992, 0.2600000000000011
14    250551   176.14086            58.320153365295475   0.00033109951527030966  5692957  151012   50       0.5429263413249571   0.01873905261572065  0.6464095837842508   8807043 
14    206296   163.55820754716981   59.53003426797695    0.0003639684926897272   6754415  145617   53       0.5541150894451806   0.020058134179311078 0.779183107739037    8668585 
round 14, total revenue = 12447372	optimal mu = -0.0999999999999992, 0.2600000000000011
15    250551   171.0229375          56.196696285546075   0.0003285915743643807   5710899  146078   48       0.5436211000862766   0.018738970236454735 0.6956789787334813   8209101 
15    206296   165.55477358490566   59.94386413166003    0.0003620787418788471   6648597  146377   53       0.5542960346475299   0.020057847197586222 0.7577264230968193   8774403 
round 15, total revenue = 12359496	optimal mu = -0.059999999999999165, 0.22000000000000108
16    250551   174.7338039215686    58.703486074148245   0.0003359595267581882   5878576  151804   51       0.5443327820512773   0.01873889961454075  0.6596674111791786   8911424 
16    206296   162.24764150943398   59.24833088736849    0.00036517221659535475  6823875  145137   53       0.5544685665114425   0.020057599326254668 0.7935545767737997   8599125 
round 16, total revenue = 12702451	optimal mu = -0.13999999999999924, 0.22000000000000108
17    250551   191.60656140350878   65.38885795539589    0.00034126627750336773  5608426  167025   57       0.5450307167489445   0.01873883853834436  0.5135181064560841   10921574
17    206296   165.0919433962264    59.84865253077975    0.00036251709986320107  6673127  146200   53       0.554635664760948    0.02005738382289151  0.762654155094594    8749873 
round 17, total revenue = 12281553	optimal mu = -0.2999999999999994, 0.18000000000000105
18    250551   178.7209411764706    59.42566549963816    0.00033250532986484635  5675232  153381   51       0.5457275625541497   0.018738785277964173 0.622641410072094    9114768 
18    206296   162.31783018867924   59.25681400202509    0.0003650665729892064   6820155  145179   53       0.5548133965354222   0.0200571953268448   0.7927790167090073   8602845 
round 18, total revenue = 12495387	optimal mu = -0.17999999999999927, 0.18000000000000105
19    250551   176.36329411764706   59.02269819083804    0.0003346654329980117   5795472  152391   51       0.5464135648052534   0.01873873846692778  0.6443330878507466   8994528 
19    206296   165.8485283018868    60.00226630442202    0.0003617895613472224   6633028  146494   53       0.5549756454301346   0.020057029534105975 0.754613097743656    8789972 
round 19, total revenue = 12428500	optimal mu = -0.17999999999999927, 0.140000000000001
20    250551   174.234              58.657288648020646   0.0003366581071893009   5904066  151489   51       0.5471153559970571   0.018738697016076125 0.664428297576822    8885934 
20    206296   163.49318867924526   59.4977890385751     0.000363916010931213    6757861  145638   53       0.5551406987709925   0.020056882957861993 0.7798906630349496   8665139 
round 20, total revenue = 12661927	optimal mu = -0.17999999999999927, 0.140000000000001
