Max revenue's round: 17
round bids     cpc                  cpm                  ctr                     revenue  imps     clks     auc                  rmse                 roi                  cost    
1     250550   257.27621052631577   77.82677733670155    0.00030250281274545184  1865256  188428   57       0.5214945012348325   0.01752989073696589  0.12719321932929753  14664744
1     206296   173.98051724137932   40.42265877244286    0.0002323401459737055   3393565  124817   29       0.5268686479062856   0.0167717612925925   0.6726010740401968   5045435 
round 1, total revenue = 5258821	optimal mu = -0.4599999999999995, 0.9400000000000017
2     250550   257.96507142857143   77.22514219732284    0.0002993627849292221   1793956  187064   56       0.5219974976176243   0.017529785804211388 0.12418320198941663  14446044
2     206296   173.66455172413794   40.383218936429536   0.00023253576239656168  3402728  124712   29       0.5272848894698492   0.0167713183257093   0.6756442066671537   5036272 
round 2, total revenue = 5196684	optimal mu = -0.4599999999999995, 0.9000000000000017
3     250550   256.8053559322034    79.18179680273424    0.00030833389948314876  1958484  191351   59       0.5225201451321633   0.017529695717607693 0.12925993676144354  15151516
3     206296   173.70027586206896   40.38666848396899    0.0002325077970287107   3401692  124727   29       0.5276905975051923   0.01677093403081934  0.6752995846194039   5037308 
round 3, total revenue = 5360176	optimal mu = -0.49999999999999956, 0.8600000000000017
4     250550   258.4094655172414    78.75025746111811    0.00030474989491382934  1832251  190320   58       0.5230285857598981   0.017529617820370314 0.12224991224499422  14987749
4     206296   168.046              38.831158756488655   0.00023107457932047568  3442712  121173   28       0.5281146138157756   0.016770598476611134 0.7316687097580424   4705288 
round 4, total revenue = 5274963	optimal mu = -0.49999999999999956, 0.9400000000000017
5     250550   255.76729310344828   78.346834333277      0.00030632077066080786  1985497  189344   58       0.5235562627197654   0.01752955001869665  0.1338431762762797   14834503
5     206296   170.84444827586205   40.00362532397801    0.00023415232820082197  3484511  123851   29       0.5285319421719332   0.016770303754008408 0.7033038119571968   4954489 
round 5, total revenue = 5470008	optimal mu = -0.49999999999999956, 0.8200000000000016
6     250550   257.73243859649125   77.96065018732952    0.0003024867595707872   1839251  188438   57       0.5240831100804031   0.01752949064559259  0.125197905157865    14690749
6     206296   165.4027142857143    38.479170474750326   0.00023263929277654997  3516724  120358   28       0.5289445889599931   0.01677004350004816  0.7593423497109651   4631276 
round 6, total revenue = 5355975	optimal mu = -0.49999999999999956, 0.9000000000000017
7     250550   255.57398245614033   77.63031627188191    0.0003037489009085822   1962283  187655   57       0.5246142609870438   0.01752943836142923  0.13470079079652633  14567717
7     206296   166.83760714285714   38.67192893863258    0.00023179383593963427  3476547  120797   28       0.5293478726118569   0.016769812547800984 0.7442110623825178   4671453 
round 7, total revenue = 5438830	optimal mu = -0.49999999999999956, 0.8600000000000017
8     250550   258.18744642857143   77.33636256659321    0.0002995357196345664   1781503  186956   56       0.5251272644105405   0.01752939208036262  0.1232149510422833   14458497
8     206296   170.87989655172416   40.00094442426444    0.00023408806554465835  3483483  123885   29       0.5297599342039043   0.01676960666555478  0.7029504691437846   4955517 
round 8, total revenue = 5264986	optimal mu = -0.49999999999999956, 0.7400000000000015
9     250550   259.424593220339     79.65346745907014    0.00030703899915694374  1803949  192158   59       0.5256390234351931   0.017529350915231022 0.11785855149705173  15306051
9     206296   165.87278571428573   38.53793687145275    0.00023233429586113046  3503562  120516   28       0.5301813589321477   0.01676942236013974  0.754356501260217    4644438 
round 9, total revenue = 5307511	optimal mu = -0.5399999999999996, 0.8200000000000016
10    250550   258.0855593220339    79.45818113506857    0.00030787534701204365  1882952  191636   59       0.5261547230561855   0.01752931413583007  0.12365837422985729  15227048
10    206296   170.66979310344828   39.968215514317556   0.00023418447276192322  3489576  123834   29       0.5306044556489974   0.016769256726961838 0.7050468903048113   4949424 
round 10, total revenue = 5372528	optimal mu = -0.5399999999999996, 0.7000000000000015
11    250550   256.8389661016949    79.26921246043993    0.0003086339026495436   1956501  191165   59       0.5266644599327164   0.017529281136993577 0.1291121608283341   15153499
11    206296   168.6223103448276    39.688396328249915   0.00023536859533645536  3548953  123211   29       0.5310069033065581   0.016769107334470738 0.7257502841997224   4890047 
round 11, total revenue = 5505454	optimal mu = -0.5399999999999996, 0.7000000000000015
12    250550   255.72991525423728   79.09822228979141    0.000309303752011785    2021935  190751   59       0.5271643971683497   0.017529251413943486 0.13400890041234578  15088065
12    206296   171.20703448275862   40.03357495907951    0.00023383136726844647  3473996  124021   29       0.531414116131647    0.016768972134303867 0.6996965158537637   4965004 
round 12, total revenue = 5495931	optimal mu = -0.5399999999999996, 0.6600000000000015
13    250550   254.70106779661018   78.94263965790773    0.00030994231920906923  2082637  190358   59       0.5276496608676126   0.017529224543085777 0.13858965142453802  15027363
13    206296   169.39224137931035   39.78565817074455    0.0002348729661215994   3526625  123471   29       0.5318042746729507   0.01676884939077888  0.7179063080485508   4912375 
round 13, total revenue = 5609262	optimal mu = -0.5399999999999996, 0.6600000000000015
14    250550   253.88555932203388   78.81989434025805    0.00031045442108143377  2130752  190044   59       0.5281419761603254   0.01752920016692637  0.14224692721557183  14979248
14    206296   167.90127586206896   39.58390511186264    0.00023575702393340272  3569863  123008   29       0.5321994491800734   0.016768737625110018 0.7331613384466282   4869137 
round 14, total revenue = 5700615	optimal mu = -0.5399999999999996, 0.6600000000000015
15    250550   253.00150847457627   78.68247826980755    0.0003109960835577952   2182911  189713   59       0.5286366765508229   0.017529177982132625 0.1462382250149376   14927089
15    206296   170.95058620689656   39.98682852072915    0.00023390869495079852  3481433  123980   29       0.5326104239795268   0.016768635570931976 0.702246283307921    4957567 
round 15, total revenue = 5664344	optimal mu = -0.5399999999999996, 0.6200000000000014
16    250550   252.2373220338983    78.56284181852736    0.0003114639863167008   2227998  189428   59       0.5291202810516269   0.01752915773001685  0.14971090583108373  14882002
16    206296   169.5279655172414    39.792720238287956   0.000234726583999741    3522689  123548   29       0.5330211479806892   0.0167685421385823   0.7165309517644429   4916311 
round 16, total revenue = 5750687	optimal mu = -0.5399999999999996, 0.6200000000000014
17    250550   251.7059661016949    78.4831070547138     0.0003118047151214717   2259348  189221   59       0.5296152406918837   0.017529139188899714 0.15213796673708332  14850652
17    206296   168.2396551724138    39.61665881741559    0.00023547753219546258  3560050  123154   29       0.5334222580473648   0.01676845638622241  0.7296754424620051   4878950 
round 17, total revenue = 5819398	optimal mu = -0.5399999999999996, 0.6200000000000014
18    250550   255.55422413793104   78.41284578393562    0.0003068344733821094   1997855  189027   58       0.5300989488925913   0.017529122167943736 0.13478852082475243  14822145
18    206296   167.0381724137931    39.450659261008724   0.00023617750775720953  3594893  122789   29       0.533814924571578    0.016768377496338478 0.7421167616652563   4844107 
round 18, total revenue = 5592748	optimal mu = -0.5399999999999996, 0.6200000000000014
19    250550   255.06027586206895   78.33795448046516    0.00030713506529267854  2026504  188842   58       0.5305810497447919   0.017529106502144308 0.13698614580353421  14793496
19    206296   165.87058620689655   39.28752746310347    0.00023685650579481692  3628753  122437   29       0.5342078418940822   0.01676830475650462  0.7543797646981537   4810247 
round 19, total revenue = 5655257	optimal mu = -0.5399999999999996, 0.6200000000000014
20    250550   254.69741379310346   78.29159710628826    0.0003073906245859501   2047550  188685   58       0.5310651727451143   0.017529092048238364 0.13860598614312453  14772450
20    206296   169.4861724137931    39.767781868198554   0.00023463732351632348  3523901  123595   29       0.5345911452820996   0.01676823754354564  0.7169542261508873   4915099 
round 20, total revenue = 5571451	optimal mu = -0.5399999999999996, 0.5800000000000014
