Max revenue's round: 3
round bids     cpc                  cpm                  ctr                     revenue  imps     clks     auc                  rmse                 roi                  cost    
1     250550   140.42723529411765   32.34992885696863    0.00023036791110508841  2542737  73795    17       0.5904232099257863   0.018198232990888616 1.065126464909815    2387263 
1     206295   178.5145588235294    44.388095394809014   0.00024865252272610923  3824505  136737   34       0.5131171239941063   0.016030939286773054 0.6301191450030027   6069495 
round 1, total revenue = 6367242	optimal mu = 0.9000000000000017, 0.30000000000000115
2     250550   137.05988235294117   31.975874183455016   0.00023329856727232804  2599982  72868    17       0.5909117912318103   0.018198195486913066 1.1158634825997051   2330018 
2     206295   180.91217647058824   44.74115507710212    0.00024730869944719234  3742986  137480   34       0.5128361754180334   0.016030704971205456 0.6085152789442522   6151014 
round 2, total revenue = 6342968	optimal mu = 0.9000000000000017, 0.2600000000000011
3     250550   139.12123529411767   32.22461270148379    0.0002316297194555339   2564939  73393    17       0.5913902228228032   0.018198162507272905 1.084512830747283    2365061 
3     206295   177.70823529411766   44.272106450951085   0.00024912805181863477  3851920  136476   34       0.5125598010616947   0.01603049624355984  0.6375155575563383   6042080 
round 3, total revenue = 6416859	optimal mu = 0.8600000000000017, 0.2600000000000011
4     250550   141.835              32.55424143005657    0.0002295219193432973   2518805  74067    17       0.5918838549348853   0.0181981332623986   1.0446293228046675   2411195 
4     206295   180.76626470588235   44.72231075407307    0.0002474040763459873   3747947  137427   34       0.5123017235842927   0.01603030946823433  0.6098136478810059   6146053 
round 4, total revenue = 6266752	optimal mu = 0.8200000000000016, 0.22000000000000108
5     250550   139.05635294117647   32.2425325295289     0.00023186666302954254  2566042  73318    17       0.5923557926323748   0.018198107118069202 1.0854854443268451   2363958 
5     206295   177.94408823529412   44.31008495678922    0.00024901127874615495  3843901  136540   34       0.5120578261880666   0.016030141632537905 0.6353451406332359   6050099 
round 5, total revenue = 6409943	optimal mu = 0.8200000000000016, 0.22000000000000108
6     250550   142.42123529411765   32.64428055225974    0.0002292093625283141   2508839  74168    17       0.5928062283269311   0.018198083561577403 1.0362132051524042   2421161 
6     206295   181.54623529411765   44.833393861038076   0.00024695303534333737  3721428  137678   34       0.5118045058991882   0.01602999022278468  0.6028974631644637   6172572 
round 6, total revenue = 6230267	optimal mu = 0.7800000000000016, 0.18000000000000105
7     250550   146.28011764705883   33.07964083804456    0.00022613900897904888  2443238  75175    17       0.5932607046663338   0.01819806217599947  0.9824977219372019   2486762 
7     206295   179.01314705882353   44.46199531013726    0.00024837279295205673  3807553  136891   34       0.5115763438188476   0.016029853128237632 0.625578929710552    6086447 
round 7, total revenue = 6250791	optimal mu = 0.7400000000000015, 0.18000000000000105
8     250550   143.98564705882353   32.8368324322874     0.00022805628965831803  2482244  74543    17       0.5937116694929534   0.01819804262045246  1.0140896396536256   2447756 
8     206295   183.066              45.05359314378366    0.000246105738606752    3669756  138152   34       0.5113576961155543   0.01602972856596884  0.5895906394415129   6224244 
round 8, total revenue = 6152000	optimal mu = 0.7400000000000015, 0.140000000000001
9     250550   148.2983529411765    33.317104758884085   0.00022466267560031187  2408928  75669    17       0.5941633077603807   0.01819802461481921  0.9555173354826836   2521072 
9     206295   180.8895588235294    44.73198245703355    0.0002472889134561535   3743755  137491   34       0.5111357549740523   0.016029615021586542 0.6087164007287514   6150245 
round 9, total revenue = 6152683	optimal mu = 0.7000000000000015, 0.140000000000001
10    250550   146.6070588235294    33.14475696522375    0.00022607886162643792  2437680  75195    17       0.5946139358665963   0.018198007927838298 0.978076651473326    2492320 
10    206295   178.8694117647059    44.43863123205191    0.000248441758675367    3812440  136853   34       0.5109213155529143   0.016029511202110713 0.6268852070850243   6081560 
round 10, total revenue = 6250120	optimal mu = 0.7000000000000015, 0.140000000000001
11    250550   144.77229411764705   32.94904612089162    0.0002275922083138095   2468871  74695    17       0.5950615334891771   0.018197992367750934 1.0031457107693258   2461129 
11    206295   183.44108823529413   45.10052714927219    0.00024585837111598007  3657003  138291   34       0.5107091632416434   0.016029415998231582 0.5863403493700574   6236997 
round 11, total revenue = 6125874	optimal mu = 0.7000000000000015, 0.10000000000000098
12    250550   149.86441176470586   33.516569534158634   0.00022364595529712024  2382305  76013    17       0.5955002801754274   0.01819797777490625  0.9350824961386666   2547695 
12    206295   181.6133529411765    44.83401221256544    0.00024686517531057815  3719146  137727   34       0.5105156737468879   0.01602932845387409  0.6023050909381825   6174854 
round 12, total revenue = 6101451	optimal mu = 0.6600000000000015, 0.10000000000000098
